#FORMAT      : EMSA/MAS Spectral Data File
#VERSION     : 1.0
#TITLE       : B14_10k_220924_1
#DATE        : 23-SEP-2024
#TIME        : 10:03
#OWNER       : 
#NPOINTS     : 2048.0
#NCOLUMNS    : 1.0
#XUNITS      : keV
#YUNITS      : counts
#DATATYPE    : XY
#XPERCHAN    : 0.005
#OFFSET      : -0.1
#SIGNALTYPE  : EDS
#CHOFFSET    : 20.0
#LIVETIME    : 60.0
#REALTIME    : 60.613231659
#BEAMKV      : 10.0
#MAGCAM      : 900.0
#XTILTSTGE   : 0.0
#AZIMANGLE   : 0.0
#ELEVANGLE   : 25.5
#XPOSITION mm: -2.3375
#YPOSITION mm: -0.6483
#ZPOSITION mm: 13.3958
##OXINSTPT   : 2
##OXINSTSTROB: 69.76
##OXINSTELEMS: 8,16,74,14
##OXINSTLABEL: 8, 0.525, O K?1
##OXINSTLABEL: 16, 2.308, S K?1
##OXINSTLABEL: 16, 2.464, S K?1
##OXINSTLABEL: 74, 8.398, W L?1
##OXINSTLABEL: 74, 9.673, W L?1
##OXINSTLABEL: 74, 9.962, W L?2
##OXINSTLABEL: 74, 8.724, W L?
##OXINSTLABEL: 74, 7.388, W Ll
##OXINSTLABEL: 74, 1.775, W M?1
##OXINSTLABEL: 74, 2.035, W M?
##OXINSTLABEL: 74, 1.379, W M?2
##OXINSTLABEL: 74, 0.222, W N4-N6
##OXINSTLABEL: 74, 0.210, W N5-N6,7
##OXINSTLABEL: 14, 1.740, Si K?1
#SPECTRUM    : Spectral Data Starts Here
-0.10000, 0.0
-0.09500, 0.0
-0.09000, 0.0
-0.08500, 0.0
-0.08000, 0.0
-0.07500, 3.0
-0.07000, 6.0
-0.06500, 5.0
-0.06000, 9.0
-0.05500, 12.0
-0.05000, 21.0
-0.04500, 32.0
-0.04000, 56.0
-0.03500, 72.0
-0.03000, 85.0
-0.02500, 141.0
-0.02000, 199.0
-0.01500, 286.0
-0.01000, 364.0
-0.00500, 447.0
0.00000, 582.0
0.00500, 684.0
0.01000, 813.0
0.01500, 942.0
0.02000, 1019.0
0.02500, 1127.0
0.03000, 1214.0
0.03500, 1293.0
0.04000, 1368.0
0.04500, 1383.0
0.05000, 1386.0
0.05500, 1321.0
0.06000, 1218.0
0.06500, 1150.0
0.07000, 1032.0
0.07500, 940.0
0.08000, 762.0
0.08500, 636.0
0.09000, 531.0
0.09500, 412.0
0.10000, 327.0
0.10500, 269.0
0.11000, 206.0
0.11500, 151.0
0.12000, 120.0
0.12500, 92.0
0.13000, 72.0
0.13500, 62.0
0.14000, 58.0
0.14500, 61.0
0.15000, 48.0
0.15500, 52.0
0.16000, 46.0
0.16500, 39.0
0.17000, 39.0
0.17500, 35.0
0.18000, 34.0
0.18500, 38.0
0.19000, 42.0
0.19500, 35.0
0.20000, 29.0
0.20500, 35.0
0.21000, 30.0
0.21500, 33.0
0.22000, 26.0
0.22500, 31.0
0.23000, 26.0
0.23500, 24.0
0.24000, 28.0
0.24500, 33.0
0.25000, 29.0
0.25500, 22.0
0.26000, 28.0
0.26500, 32.0
0.27000, 28.0
0.27500, 37.0
0.28000, 35.0
0.28500, 38.0
0.29000, 21.0
0.29500, 26.0
0.30000, 20.0
0.30500, 20.0
0.31000, 20.0
0.31500, 21.0
0.32000, 21.0
0.32500, 16.0
0.33000, 17.0
0.33500, 19.0
0.34000, 15.0
0.34500, 15.0
0.35000, 12.0
0.35500, 12.0
0.36000, 8.0
0.36500, 8.0
0.37000, 18.0
0.37500, 17.0
0.38000, 18.0
0.38500, 13.0
0.39000, 17.0
0.39500, 20.0
0.40000, 15.0
0.40500, 16.0
0.41000, 17.0
0.41500, 17.0
0.42000, 17.0
0.42500, 21.0
0.43000, 27.0
0.43500, 33.0
0.44000, 33.0
0.44500, 36.0
0.45000, 52.0
0.45500, 55.0
0.46000, 70.0
0.46500, 74.0
0.47000, 91.0
0.47500, 104.0
0.48000, 118.0
0.48500, 126.0
0.49000, 155.0
0.49500, 183.0
0.50000, 183.0
0.50500, 207.0
0.51000, 228.0
0.51500, 234.0
0.52000, 249.0
0.52500, 241.0
0.53000, 212.0
0.53500, 212.0
0.54000, 207.0
0.54500, 192.0
0.55000, 198.0
0.55500, 177.0
0.56000, 155.0
0.56500, 120.0
0.57000, 103.0
0.57500, 97.0
0.58000, 77.0
0.58500, 60.0
0.59000, 49.0
0.59500, 50.0
0.60000, 44.0
0.60500, 37.0
0.61000, 36.0
0.61500, 32.0
0.62000, 30.0
0.62500, 30.0
0.63000, 25.0
0.63500, 31.0
0.64000, 32.0
0.64500, 32.0
0.65000, 38.0
0.65500, 36.0
0.66000, 30.0
0.66500, 27.0
0.67000, 31.0
0.67500, 33.0
0.68000, 32.0
0.68500, 33.0
0.69000, 33.0
0.69500, 33.0
0.70000, 34.0
0.70500, 37.0
0.71000, 39.0
0.71500, 38.0
0.72000, 37.0
0.72500, 30.0
0.73000, 24.0
0.73500, 36.0
0.74000, 43.0
0.74500, 44.0
0.75000, 41.0
0.75500, 37.0
0.76000, 34.0
0.76500, 36.0
0.77000, 34.0
0.77500, 33.0
0.78000, 32.0
0.78500, 36.0
0.79000, 31.0
0.79500, 37.0
0.80000, 44.0
0.80500, 45.0
0.81000, 42.0
0.81500, 36.0
0.82000, 40.0
0.82500, 39.0
0.83000, 40.0
0.83500, 36.0
0.84000, 34.0
0.84500, 38.0
0.85000, 36.0
0.85500, 40.0
0.86000, 46.0
0.86500, 43.0
0.87000, 44.0
0.87500, 34.0
0.88000, 34.0
0.88500, 37.0
0.89000, 43.0
0.89500, 43.0
0.90000, 41.0
0.90500, 40.0
0.91000, 47.0
0.91500, 45.0
0.92000, 39.0
0.92500, 42.0
0.93000, 45.0
0.93500, 43.0
0.94000, 45.0
0.94500, 42.0
0.95000, 40.0
0.95500, 35.0
0.96000, 40.0
0.96500, 44.0
0.97000, 42.0
0.97500, 37.0
0.98000, 38.0
0.98500, 39.0
0.99000, 36.0
0.99500, 41.0
1.00000, 42.0
1.00500, 41.0
1.01000, 46.0
1.01500, 44.0
1.02000, 43.0
1.02500, 38.0
1.03000, 41.0
1.03500, 41.0
1.04000, 41.0
1.04500, 43.0
1.05000, 45.0
1.05500, 47.0
1.06000, 41.0
1.06500, 42.0
1.07000, 49.0
1.07500, 49.0
1.08000, 48.0
1.08500, 47.0
1.09000, 43.0
1.09500, 38.0
1.10000, 36.0
1.10500, 33.0
1.11000, 42.0
1.11500, 44.0
1.12000, 39.0
1.12500, 41.0
1.13000, 43.0
1.13500, 42.0
1.14000, 45.0
1.14500, 46.0
1.15000, 41.0
1.15500, 43.0
1.16000, 43.0
1.16500, 45.0
1.17000, 48.0
1.17500, 44.0
1.18000, 39.0
1.18500, 44.0
1.19000, 51.0
1.19500, 41.0
1.20000, 38.0
1.20500, 45.0
1.21000, 42.0
1.21500, 44.0
1.22000, 44.0
1.22500, 48.0
1.23000, 50.0
1.23500, 43.0
1.24000, 42.0
1.24500, 39.0
1.25000, 42.0
1.25500, 45.0
1.26000, 42.0
1.26500, 45.0
1.27000, 42.0
1.27500, 39.0
1.28000, 44.0
1.28500, 49.0
1.29000, 45.0
1.29500, 35.0
1.30000, 38.0
1.30500, 41.0
1.31000, 42.0
1.31500, 53.0
1.32000, 59.0
1.32500, 54.0
1.33000, 48.0
1.33500, 55.0
1.34000, 72.0
1.34500, 73.0
1.35000, 59.0
1.35500, 56.0
1.36000, 62.0
1.36500, 65.0
1.37000, 74.0
1.37500, 75.0
1.38000, 72.0
1.38500, 78.0
1.39000, 78.0
1.39500, 72.0
1.40000, 70.0
1.40500, 65.0
1.41000, 57.0
1.41500, 59.0
1.42000, 63.0
1.42500, 60.0
1.43000, 56.0
1.43500, 60.0
1.44000, 57.0
1.44500, 54.0
1.45000, 59.0
1.45500, 52.0
1.46000, 43.0
1.46500, 45.0
1.47000, 50.0
1.47500, 44.0
1.48000, 45.0
1.48500, 48.0
1.49000, 48.0
1.49500, 44.0
1.50000, 40.0
1.50500, 44.0
1.51000, 44.0
1.51500, 44.0
1.52000, 47.0
1.52500, 44.0
1.53000, 44.0
1.53500, 34.0
1.54000, 40.0
1.54500, 47.0
1.55000, 43.0
1.55500, 42.0
1.56000, 45.0
1.56500, 48.0
1.57000, 42.0
1.57500, 42.0
1.58000, 50.0
1.58500, 48.0
1.59000, 42.0
1.59500, 42.0
1.60000, 46.0
1.60500, 50.0
1.61000, 51.0
1.61500, 61.0
1.62000, 70.0
1.62500, 68.0
1.63000, 81.0
1.63500, 86.0
1.64000, 98.0
1.64500, 115.0
1.65000, 148.0
1.65500, 181.0
1.66000, 211.0
1.66500, 260.0
1.67000, 302.0
1.67500, 369.0
1.68000, 450.0
1.68500, 531.0
1.69000, 631.0
1.69500, 734.0
1.70000, 798.0
1.70500, 908.0
1.71000, 1046.0
1.71500, 1148.0
1.72000, 1252.0
1.72500, 1341.0
1.73000, 1369.0
1.73500, 1476.0
1.74000, 1588.0
1.74500, 1606.0
1.75000, 1535.0
1.75500, 1506.0
1.76000, 1522.0
1.76500, 1513.0
1.77000, 1474.0
1.77500, 1375.0
1.78000, 1256.0
1.78500, 1174.0
1.79000, 1106.0
1.79500, 1051.0
1.80000, 953.0
1.80500, 861.0
1.81000, 774.0
1.81500, 687.0
1.82000, 607.0
1.82500, 538.0
1.83000, 509.0
1.83500, 454.0
1.84000, 415.0
1.84500, 383.0
1.85000, 345.0
1.85500, 300.0
1.86000, 286.0
1.86500, 264.0
1.87000, 228.0
1.87500, 198.0
1.88000, 165.0
1.88500, 145.0
1.89000, 125.0
1.89500, 108.0
1.90000, 87.0
1.90500, 76.0
1.91000, 73.0
1.91500, 64.0
1.92000, 53.0
1.92500, 50.0
1.93000, 44.0
1.93500, 33.0
1.94000, 30.0
1.94500, 26.0
1.95000, 32.0
1.95500, 28.0
1.96000, 26.0
1.96500, 27.0
1.97000, 28.0
1.97500, 33.0
1.98000, 29.0
1.98500, 26.0
1.99000, 31.0
1.99500, 35.0
2.00000, 36.0
2.00500, 39.0
2.01000, 33.0
2.01500, 28.0
2.02000, 28.0
2.02500, 31.0
2.03000, 38.0
2.03500, 32.0
2.04000, 35.0
2.04500, 36.0
2.05000, 26.0
2.05500, 28.0
2.06000, 38.0
2.06500, 33.0
2.07000, 33.0
2.07500, 33.0
2.08000, 35.0
2.08500, 28.0
2.09000, 29.0
2.09500, 32.0
2.10000, 27.0
2.10500, 25.0
2.11000, 19.0
2.11500, 21.0
2.12000, 25.0
2.12500, 24.0
2.13000, 22.0
2.13500, 18.0
2.14000, 24.0
2.14500, 26.0
2.15000, 32.0
2.15500, 24.0
2.16000, 20.0
2.16500, 23.0
2.17000, 20.0
2.17500, 24.0
2.18000, 26.0
2.18500, 25.0
2.19000, 31.0
2.19500, 30.0
2.20000, 28.0
2.20500, 38.0
2.21000, 39.0
2.21500, 41.0
2.22000, 56.0
2.22500, 67.0
2.23000, 73.0
2.23500, 83.0
2.24000, 91.0
2.24500, 90.0
2.25000, 103.0
2.25500, 128.0
2.26000, 149.0
2.26500, 154.0
2.27000, 175.0
2.27500, 198.0
2.28000, 188.0
2.28500, 211.0
2.29000, 240.0
2.29500, 257.0
2.30000, 265.0
2.30500, 255.0
2.31000, 260.0
2.31500, 289.0
2.32000, 272.0
2.32500, 244.0
2.33000, 243.0
2.33500, 242.0
2.34000, 225.0
2.34500, 211.0
2.35000, 192.0
2.35500, 163.0
2.36000, 150.0
2.36500, 157.0
2.37000, 137.0
2.37500, 111.0
2.38000, 92.0
2.38500, 87.0
2.39000, 72.0
2.39500, 65.0
2.40000, 69.0
2.40500, 47.0
2.41000, 42.0
2.41500, 43.0
2.42000, 50.0
2.42500, 46.0
2.43000, 41.0
2.43500, 45.0
2.44000, 36.0
2.44500, 33.0
2.45000, 30.0
2.45500, 32.0
2.46000, 37.0
2.46500, 45.0
2.47000, 35.0
2.47500, 37.0
2.48000, 43.0
2.48500, 40.0
2.49000, 31.0
2.49500, 32.0
2.50000, 35.0
2.50500, 36.0
2.51000, 38.0
2.51500, 35.0
2.52000, 24.0
2.52500, 31.0
2.53000, 25.0
2.53500, 26.0
2.54000, 23.0
2.54500, 22.0
2.55000, 18.0
2.55500, 18.0
2.56000, 23.0
2.56500, 24.0
2.57000, 19.0
2.57500, 19.0
2.58000, 16.0
2.58500, 17.0
2.59000, 23.0
2.59500, 13.0
2.60000, 18.0
2.60500, 16.0
2.61000, 21.0
2.61500, 21.0
2.62000, 25.0
2.62500, 22.0
2.63000, 19.0
2.63500, 22.0
2.64000, 15.0
2.64500, 12.0
2.65000, 17.0
2.65500, 19.0
2.66000, 14.0
2.66500, 16.0
2.67000, 17.0
2.67500, 15.0
2.68000, 19.0
2.68500, 16.0
2.69000, 20.0
2.69500, 18.0
2.70000, 20.0
2.70500, 18.0
2.71000, 17.0
2.71500, 18.0
2.72000, 13.0
2.72500, 21.0
2.73000, 10.0
2.73500, 12.0
2.74000, 14.0
2.74500, 20.0
2.75000, 20.0
2.75500, 15.0
2.76000, 22.0
2.76500, 16.0
2.77000, 18.0
2.77500, 20.0
2.78000, 23.0
2.78500, 13.0
2.79000, 23.0
2.79500, 18.0
2.80000, 15.0
2.80500, 16.0
2.81000, 21.0
2.81500, 23.0
2.82000, 21.0
2.82500, 15.0
2.83000, 15.0
2.83500, 14.0
2.84000, 19.0
2.84500, 17.0
2.85000, 8.0
2.85500, 11.0
2.86000, 22.0
2.86500, 11.0
2.87000, 13.0
2.87500, 16.0
2.88000, 18.0
2.88500, 16.0
2.89000, 15.0
2.89500, 15.0
2.90000, 17.0
2.90500, 15.0
2.91000, 13.0
2.91500, 16.0
2.92000, 23.0
2.92500, 16.0
2.93000, 16.0
2.93500, 22.0
2.94000, 16.0
2.94500, 19.0
2.95000, 24.0
2.95500, 17.0
2.96000, 14.0
2.96500, 19.0
2.97000, 17.0
2.97500, 16.0
2.98000, 14.0
2.98500, 15.0
2.99000, 22.0
2.99500, 21.0
3.00000, 19.0
3.00500, 25.0
3.01000, 14.0
3.01500, 12.0
3.02000, 22.0
3.02500, 12.0
3.03000, 13.0
3.03500, 13.0
3.04000, 16.0
3.04500, 14.0
3.05000, 11.0
3.05500, 15.0
3.06000, 18.0
3.06500, 16.0
3.07000, 21.0
3.07500, 21.0
3.08000, 17.0
3.08500, 12.0
3.09000, 18.0
3.09500, 14.0
3.10000, 13.0
3.10500, 15.0
3.11000, 19.0
3.11500, 12.0
3.12000, 17.0
3.12500, 18.0
3.13000, 12.0
3.13500, 13.0
3.14000, 15.0
3.14500, 19.0
3.15000, 16.0
3.15500, 14.0
3.16000, 17.0
3.16500, 18.0
3.17000, 12.0
3.17500, 16.0
3.18000, 20.0
3.18500, 17.0
3.19000, 22.0
3.19500, 21.0
3.20000, 20.0
3.20500, 12.0
3.21000, 19.0
3.21500, 20.0
3.22000, 15.0
3.22500, 19.0
3.23000, 15.0
3.23500, 16.0
3.24000, 15.0
3.24500, 13.0
3.25000, 14.0
3.25500, 14.0
3.26000, 19.0
3.26500, 15.0
3.27000, 15.0
3.27500, 11.0
3.28000, 15.0
3.28500, 17.0
3.29000, 13.0
3.29500, 13.0
3.30000, 19.0
3.30500, 12.0
3.31000, 18.0
3.31500, 14.0
3.32000, 14.0
3.32500, 8.0
3.33000, 12.0
3.33500, 11.0
3.34000, 13.0
3.34500, 16.0
3.35000, 15.0
3.35500, 12.0
3.36000, 13.0
3.36500, 9.0
3.37000, 14.0
3.37500, 10.0
3.38000, 13.0
3.38500, 22.0
3.39000, 13.0
3.39500, 13.0
3.40000, 12.0
3.40500, 12.0
3.41000, 18.0
3.41500, 12.0
3.42000, 16.0
3.42500, 16.0
3.43000, 15.0
3.43500, 13.0
3.44000, 20.0
3.44500, 16.0
3.45000, 14.0
3.45500, 12.0
3.46000, 16.0
3.46500, 17.0
3.47000, 19.0
3.47500, 15.0
3.48000, 11.0
3.48500, 11.0
3.49000, 24.0
3.49500, 16.0
3.50000, 9.0
3.50500, 12.0
3.51000, 14.0
3.51500, 15.0
3.52000, 19.0
3.52500, 16.0
3.53000, 8.0
3.53500, 20.0
3.54000, 18.0
3.54500, 21.0
3.55000, 12.0
3.55500, 17.0
3.56000, 13.0
3.56500, 13.0
3.57000, 17.0
3.57500, 14.0
3.58000, 13.0
3.58500, 14.0
3.59000, 14.0
3.59500, 15.0
3.60000, 16.0
3.60500, 15.0
3.61000, 13.0
3.61500, 12.0
3.62000, 17.0
3.62500, 19.0
3.63000, 13.0
3.63500, 14.0
3.64000, 21.0
3.64500, 21.0
3.65000, 13.0
3.65500, 9.0
3.66000, 16.0
3.66500, 16.0
3.67000, 17.0
3.67500, 16.0
3.68000, 15.0
3.68500, 13.0
3.69000, 15.0
3.69500, 14.0
3.70000, 9.0
3.70500, 11.0
3.71000, 12.0
3.71500, 15.0
3.72000, 9.0
3.72500, 9.0
3.73000, 17.0
3.73500, 16.0
3.74000, 10.0
3.74500, 11.0
3.75000, 13.0
3.75500, 13.0
3.76000, 18.0
3.76500, 14.0
3.77000, 17.0
3.77500, 14.0
3.78000, 15.0
3.78500, 9.0
3.79000, 14.0
3.79500, 22.0
3.80000, 9.0
3.80500, 9.0
3.81000, 15.0
3.81500, 20.0
3.82000, 18.0
3.82500, 13.0
3.83000, 9.0
3.83500, 13.0
3.84000, 14.0
3.84500, 14.0
3.85000, 13.0
3.85500, 15.0
3.86000, 13.0
3.86500, 15.0
3.87000, 12.0
3.87500, 18.0
3.88000, 11.0
3.88500, 10.0
3.89000, 12.0
3.89500, 15.0
3.90000, 11.0
3.90500, 15.0
3.91000, 7.0
3.91500, 14.0
3.92000, 11.0
3.92500, 8.0
3.93000, 10.0
3.93500, 13.0
3.94000, 8.0
3.94500, 11.0
3.95000, 14.0
3.95500, 13.0
3.96000, 16.0
3.96500, 15.0
3.97000, 15.0
3.97500, 12.0
3.98000, 9.0
3.98500, 15.0
3.99000, 16.0
3.99500, 15.0
4.00000, 15.0
4.00500, 10.0
4.01000, 10.0
4.01500, 12.0
4.02000, 15.0
4.02500, 10.0
4.03000, 14.0
4.03500, 9.0
4.04000, 7.0
4.04500, 9.0
4.05000, 13.0
4.05500, 16.0
4.06000, 10.0
4.06500, 7.0
4.07000, 15.0
4.07500, 13.0
4.08000, 3.0
4.08500, 9.0
4.09000, 9.0
4.09500, 13.0
4.10000, 14.0
4.10500, 18.0
4.11000, 9.0
4.11500, 12.0
4.12000, 15.0
4.12500, 19.0
4.13000, 11.0
4.13500, 17.0
4.14000, 7.0
4.14500, 12.0
4.15000, 10.0
4.15500, 9.0
4.16000, 12.0
4.16500, 17.0
4.17000, 12.0
4.17500, 7.0
4.18000, 12.0
4.18500, 11.0
4.19000, 9.0
4.19500, 15.0
4.20000, 11.0
4.20500, 15.0
4.21000, 11.0
4.21500, 9.0
4.22000, 21.0
4.22500, 11.0
4.23000, 11.0
4.23500, 13.0
4.24000, 8.0
4.24500, 14.0
4.25000, 7.0
4.25500, 9.0
4.26000, 13.0
4.26500, 13.0
4.27000, 9.0
4.27500, 17.0
4.28000, 13.0
4.28500, 10.0
4.29000, 5.0
4.29500, 8.0
4.30000, 9.0
4.30500, 14.0
4.31000, 13.0
4.31500, 10.0
4.32000, 12.0
4.32500, 9.0
4.33000, 12.0
4.33500, 10.0
4.34000, 12.0
4.34500, 13.0
4.35000, 11.0
4.35500, 17.0
4.36000, 16.0
4.36500, 9.0
4.37000, 12.0
4.37500, 15.0
4.38000, 14.0
4.38500, 15.0
4.39000, 14.0
4.39500, 16.0
4.40000, 11.0
4.40500, 5.0
4.41000, 8.0
4.41500, 8.0
4.42000, 13.0
4.42500, 10.0
4.43000, 7.0
4.43500, 15.0
4.44000, 5.0
4.44500, 8.0
4.45000, 9.0
4.45500, 8.0
4.46000, 13.0
4.46500, 10.0
4.47000, 8.0
4.47500, 13.0
4.48000, 12.0
4.48500, 15.0
4.49000, 14.0
4.49500, 13.0
4.50000, 16.0
4.50500, 9.0
4.51000, 11.0
4.51500, 10.0
4.52000, 13.0
4.52500, 11.0
4.53000, 8.0
4.53500, 9.0
4.54000, 9.0
4.54500, 14.0
4.55000, 9.0
4.55500, 9.0
4.56000, 10.0
4.56500, 13.0
4.57000, 16.0
4.57500, 13.0
4.58000, 13.0
4.58500, 9.0
4.59000, 10.0
4.59500, 13.0
4.60000, 11.0
4.60500, 9.0
4.61000, 10.0
4.61500, 11.0
4.62000, 13.0
4.62500, 17.0
4.63000, 8.0
4.63500, 7.0
4.64000, 13.0
4.64500, 11.0
4.65000, 13.0
4.65500, 5.0
4.66000, 5.0
4.66500, 10.0
4.67000, 11.0
4.67500, 6.0
4.68000, 8.0
4.68500, 10.0
4.69000, 8.0
4.69500, 6.0
4.70000, 8.0
4.70500, 11.0
4.71000, 7.0
4.71500, 10.0
4.72000, 9.0
4.72500, 9.0
4.73000, 11.0
4.73500, 9.0
4.74000, 8.0
4.74500, 11.0
4.75000, 10.0
4.75500, 5.0
4.76000, 10.0
4.76500, 13.0
4.77000, 8.0
4.77500, 11.0
4.78000, 7.0
4.78500, 5.0
4.79000, 12.0
4.79500, 7.0
4.80000, 8.0
4.80500, 7.0
4.81000, 12.0
4.81500, 8.0
4.82000, 5.0
4.82500, 12.0
4.83000, 8.0
4.83500, 9.0
4.84000, 9.0
4.84500, 7.0
4.85000, 5.0
4.85500, 10.0
4.86000, 10.0
4.86500, 11.0
4.87000, 9.0
4.87500, 7.0
4.88000, 7.0
4.88500, 13.0
4.89000, 11.0
4.89500, 10.0
4.90000, 9.0
4.90500, 7.0
4.91000, 10.0
4.91500, 12.0
4.92000, 11.0
4.92500, 8.0
4.93000, 6.0
4.93500, 12.0
4.94000, 13.0
4.94500, 13.0
4.95000, 10.0
4.95500, 8.0
4.96000, 7.0
4.96500, 9.0
4.97000, 14.0
4.97500, 11.0
4.98000, 8.0
4.98500, 5.0
4.99000, 8.0
4.99500, 10.0
5.00000, 6.0
5.00500, 9.0
5.01000, 12.0
5.01500, 8.0
5.02000, 9.0
5.02500, 8.0
5.03000, 8.0
5.03500, 10.0
5.04000, 8.0
5.04500, 12.0
5.05000, 11.0
5.05500, 7.0
5.06000, 11.0
5.06500, 8.0
5.07000, 8.0
5.07500, 10.0
5.08000, 8.0
5.08500, 7.0
5.09000, 9.0
5.09500, 6.0
5.10000, 6.0
5.10500, 6.0
5.11000, 7.0
5.11500, 8.0
5.12000, 7.0
5.12500, 6.0
5.13000, 6.0
5.13500, 8.0
5.14000, 8.0
5.14500, 10.0
5.15000, 10.0
5.15500, 8.0
5.16000, 4.0
5.16500, 7.0
5.17000, 10.0
5.17500, 9.0
5.18000, 7.0
5.18500, 11.0
5.19000, 8.0
5.19500, 7.0
5.20000, 6.0
5.20500, 8.0
5.21000, 8.0
5.21500, 7.0
5.22000, 10.0
5.22500, 10.0
5.23000, 10.0
5.23500, 8.0
5.24000, 6.0
5.24500, 8.0
5.25000, 5.0
5.25500, 5.0
5.26000, 10.0
5.26500, 9.0
5.27000, 8.0
5.27500, 8.0
5.28000, 5.0
5.28500, 5.0
5.29000, 6.0
5.29500, 6.0
5.30000, 8.0
5.30500, 5.0
5.31000, 4.0
5.31500, 10.0
5.32000, 8.0
5.32500, 5.0
5.33000, 6.0
5.33500, 9.0
5.34000, 4.0
5.34500, 5.0
5.35000, 5.0
5.35500, 5.0
5.36000, 7.0
5.36500, 5.0
5.37000, 7.0
5.37500, 6.0
5.38000, 8.0
5.38500, 6.0
5.39000, 5.0
5.39500, 8.0
5.40000, 8.0
5.40500, 10.0
5.41000, 7.0
5.41500, 7.0
5.42000, 11.0
5.42500, 9.0
5.43000, 10.0
5.43500, 6.0
5.44000, 6.0
5.44500, 6.0
5.45000, 11.0
5.45500, 8.0
5.46000, 8.0
5.46500, 8.0
5.47000, 4.0
5.47500, 6.0
5.48000, 7.0
5.48500, 10.0
5.49000, 10.0
5.49500, 7.0
5.50000, 6.0
5.50500, 7.0
5.51000, 6.0
5.51500, 8.0
5.52000, 8.0
5.52500, 4.0
5.53000, 5.0
5.53500, 5.0
5.54000, 5.0
5.54500, 7.0
5.55000, 5.0
5.55500, 3.0
5.56000, 8.0
5.56500, 9.0
5.57000, 10.0
5.57500, 7.0
5.58000, 6.0
5.58500, 9.0
5.59000, 5.0
5.59500, 11.0
5.60000, 8.0
5.60500, 7.0
5.61000, 9.0
5.61500, 8.0
5.62000, 8.0
5.62500, 8.0
5.63000, 7.0
5.63500, 8.0
5.64000, 6.0
5.64500, 8.0
5.65000, 8.0
5.65500, 10.0
5.66000, 7.0
5.66500, 7.0
5.67000, 7.0
5.67500, 10.0
5.68000, 10.0
5.68500, 8.0
5.69000, 5.0
5.69500, 8.0
5.70000, 8.0
5.70500, 3.0
5.71000, 8.0
5.71500, 8.0
5.72000, 4.0
5.72500, 8.0
5.73000, 10.0
5.73500, 9.0
5.74000, 4.0
5.74500, 5.0
5.75000, 5.0
5.75500, 5.0
5.76000, 6.0
5.76500, 7.0
5.77000, 5.0
5.77500, 4.0
5.78000, 4.0
5.78500, 6.0
5.79000, 6.0
5.79500, 6.0
5.80000, 6.0
5.80500, 6.0
5.81000, 5.0
5.81500, 4.0
5.82000, 6.0
5.82500, 9.0
5.83000, 7.0
5.83500, 3.0
5.84000, 5.0
5.84500, 5.0
5.85000, 10.0
5.85500, 10.0
5.86000, 6.0
5.86500, 10.0
5.87000, 10.0
5.87500, 6.0
5.88000, 5.0
5.88500, 9.0
5.89000, 10.0
5.89500, 5.0
5.90000, 5.0
5.90500, 6.0
5.91000, 5.0
5.91500, 5.0
5.92000, 7.0
5.92500, 6.0
5.93000, 5.0
5.93500, 7.0
5.94000, 4.0
5.94500, 4.0
5.95000, 4.0
5.95500, 5.0
5.96000, 8.0
5.96500, 8.0
5.97000, 6.0
5.97500, 7.0
5.98000, 6.0
5.98500, 4.0
5.99000, 3.0
5.99500, 7.0
6.00000, 8.0
6.00500, 8.0
6.01000, 8.0
6.01500, 5.0
6.02000, 5.0
6.02500, 7.0
6.03000, 4.0
6.03500, 4.0
6.04000, 6.0
6.04500, 4.0
6.05000, 5.0
6.05500, 8.0
6.06000, 8.0
6.06500, 5.0
6.07000, 4.0
6.07500, 6.0
6.08000, 8.0
6.08500, 8.0
6.09000, 8.0
6.09500, 6.0
6.10000, 7.0
6.10500, 7.0
6.11000, 5.0
6.11500, 5.0
6.12000, 6.0
6.12500, 8.0
6.13000, 7.0
6.13500, 6.0
6.14000, 4.0
6.14500, 1.0
6.15000, 3.0
6.15500, 7.0
6.16000, 10.0
6.16500, 8.0
6.17000, 8.0
6.17500, 9.0
6.18000, 8.0
6.18500, 8.0
6.19000, 5.0
6.19500, 3.0
6.20000, 5.0
6.20500, 6.0
6.21000, 7.0
6.21500, 9.0
6.22000, 7.0
6.22500, 7.0
6.23000, 10.0
6.23500, 9.0
6.24000, 5.0
6.24500, 8.0
6.25000, 10.0
6.25500, 6.0
6.26000, 8.0
6.26500, 7.0
6.27000, 6.0
6.27500, 8.0
6.28000, 6.0
6.28500, 4.0
6.29000, 5.0
6.29500, 5.0
6.30000, 6.0
6.30500, 7.0
6.31000, 5.0
6.31500, 5.0
6.32000, 7.0
6.32500, 6.0
6.33000, 3.0
6.33500, 1.0
6.34000, 4.0
6.34500, 5.0
6.35000, 6.0
6.35500, 6.0
6.36000, 7.0
6.36500, 7.0
6.37000, 4.0
6.37500, 3.0
6.38000, 5.0
6.38500, 5.0
6.39000, 4.0
6.39500, 3.0
6.40000, 4.0
6.40500, 4.0
6.41000, 5.0
6.41500, 4.0
6.42000, 7.0
6.42500, 8.0
6.43000, 6.0
6.43500, 7.0
6.44000, 5.0
6.44500, 4.0
6.45000, 4.0
6.45500, 4.0
6.46000, 4.0
6.46500, 3.0
6.47000, 4.0
6.47500, 4.0
6.48000, 5.0
6.48500, 7.0
6.49000, 6.0
6.49500, 4.0
6.50000, 5.0
6.50500, 6.0
6.51000, 5.0
6.51500, 3.0
6.52000, 4.0
6.52500, 7.0
6.53000, 5.0
6.53500, 4.0
6.54000, 5.0
6.54500, 8.0
6.55000, 8.0
6.55500, 6.0
6.56000, 7.0
6.56500, 6.0
6.57000, 8.0
6.57500, 6.0
6.58000, 4.0
6.58500, 5.0
6.59000, 6.0
6.59500, 8.0
6.60000, 6.0
6.60500, 3.0
6.61000, 4.0
6.61500, 7.0
6.62000, 6.0
6.62500, 7.0
6.63000, 7.0
6.63500, 7.0
6.64000, 5.0
6.64500, 5.0
6.65000, 4.0
6.65500, 5.0
6.66000, 7.0
6.66500, 9.0
6.67000, 5.0
6.67500, 4.0
6.68000, 6.0
6.68500, 4.0
6.69000, 4.0
6.69500, 4.0
6.70000, 4.0
6.70500, 7.0
6.71000, 7.0
6.71500, 5.0
6.72000, 7.0
6.72500, 6.0
6.73000, 6.0
6.73500, 9.0
6.74000, 9.0
6.74500, 8.0
6.75000, 4.0
6.75500, 5.0
6.76000, 6.0
6.76500, 9.0
6.77000, 8.0
6.77500, 5.0
6.78000, 3.0
6.78500, 4.0
6.79000, 4.0
6.79500, 7.0
6.80000, 7.0
6.80500, 3.0
6.81000, 2.0
6.81500, 5.0
6.82000, 6.0
6.82500, 5.0
6.83000, 5.0
6.83500, 4.0
6.84000, 5.0
6.84500, 5.0
6.85000, 4.0
6.85500, 3.0
6.86000, 6.0
6.86500, 6.0
6.87000, 4.0
6.87500, 5.0
6.88000, 3.0
6.88500, 4.0
6.89000, 4.0
6.89500, 2.0
6.90000, 4.0
6.90500, 8.0
6.91000, 7.0
6.91500, 4.0
6.92000, 4.0
6.92500, 5.0
6.93000, 6.0
6.93500, 8.0
6.94000, 7.0
6.94500, 3.0
6.95000, 4.0
6.95500, 5.0
6.96000, 2.0
6.96500, 4.0
6.97000, 6.0
6.97500, 5.0
6.98000, 4.0
6.98500, 4.0
6.99000, 6.0
6.99500, 5.0
7.00000, 2.0
7.00500, 3.0
7.01000, 4.0
7.01500, 3.0
7.02000, 4.0
7.02500, 7.0
7.03000, 7.0
7.03500, 7.0
7.04000, 5.0
7.04500, 4.0
7.05000, 5.0
7.05500, 5.0
7.06000, 4.0
7.06500, 5.0
7.07000, 5.0
7.07500, 6.0
7.08000, 7.0
7.08500, 6.0
7.09000, 4.0
7.09500, 4.0
7.10000, 4.0
7.10500, 7.0
7.11000, 8.0
7.11500, 6.0
7.12000, 5.0
7.12500, 5.0
7.13000, 8.0
7.13500, 7.0
7.14000, 6.0
7.14500, 6.0
7.15000, 5.0
7.15500, 3.0
7.16000, 4.0
7.16500, 4.0
7.17000, 8.0
7.17500, 6.0
7.18000, 4.0
7.18500, 4.0
7.19000, 6.0
7.19500, 6.0
7.20000, 4.0
7.20500, 3.0
7.21000, 3.0
7.21500, 6.0
7.22000, 4.0
7.22500, 7.0
7.23000, 8.0
7.23500, 3.0
7.24000, 6.0
7.24500, 5.0
7.25000, 5.0
7.25500, 7.0
7.26000, 6.0
7.26500, 5.0
7.27000, 5.0
7.27500, 4.0
7.28000, 4.0
7.28500, 6.0
7.29000, 3.0
7.29500, 3.0
7.30000, 4.0
7.30500, 4.0
7.31000, 6.0
7.31500, 6.0
7.32000, 4.0
7.32500, 5.0
7.33000, 5.0
7.33500, 7.0
7.34000, 5.0
7.34500, 5.0
7.35000, 5.0
7.35500, 3.0
7.36000, 2.0
7.36500, 3.0
7.37000, 5.0
7.37500, 4.0
7.38000, 3.0
7.38500, 3.0
7.39000, 2.0
7.39500, 2.0
7.40000, 3.0
7.40500, 5.0
7.41000, 5.0
7.41500, 4.0
7.42000, 4.0
7.42500, 7.0
7.43000, 4.0
7.43500, 6.0
7.44000, 4.0
7.44500, 5.0
7.45000, 5.0
7.45500, 5.0
7.46000, 4.0
7.46500, 6.0
7.47000, 3.0
7.47500, 3.0
7.48000, 6.0
7.48500, 6.0
7.49000, 4.0
7.49500, 6.0
7.50000, 7.0
7.50500, 3.0
7.51000, 1.0
7.51500, 2.0
7.52000, 5.0
7.52500, 4.0
7.53000, 3.0
7.53500, 3.0
7.54000, 2.0
7.54500, 3.0
7.55000, 3.0
7.55500, 4.0
7.56000, 4.0
7.56500, 4.0
7.57000, 4.0
7.57500, 5.0
7.58000, 3.0
7.58500, 3.0
7.59000, 3.0
7.59500, 3.0
7.60000, 4.0
7.60500, 4.0
7.61000, 3.0
7.61500, 5.0
7.62000, 5.0
7.62500, 3.0
7.63000, 4.0
7.63500, 5.0
7.64000, 3.0
7.64500, 2.0
7.65000, 3.0
7.65500, 5.0
7.66000, 3.0
7.66500, 4.0
7.67000, 2.0
7.67500, 2.0
7.68000, 3.0
7.68500, 3.0
7.69000, 2.0
7.69500, 4.0
7.70000, 5.0
7.70500, 2.0
7.71000, 3.0
7.71500, 1.0
7.72000, 4.0
7.72500, 4.0
7.73000, 4.0
7.73500, 6.0
7.74000, 4.0
7.74500, 6.0
7.75000, 6.0
7.75500, 4.0
7.76000, 3.0
7.76500, 6.0
7.77000, 8.0
7.77500, 5.0
7.78000, 1.0
7.78500, 3.0
7.79000, 4.0
7.79500, 3.0
7.80000, 6.0
7.80500, 5.0
7.81000, 0.0
7.81500, 3.0
7.82000, 7.0
7.82500, 4.0
7.83000, 2.0
7.83500, 3.0
7.84000, 4.0
7.84500, 8.0
7.85000, 6.0
7.85500, 6.0
7.86000, 3.0
7.86500, 1.0
7.87000, 1.0
7.87500, 1.0
7.88000, 2.0
7.88500, 3.0
7.89000, 4.0
7.89500, 1.0
7.90000, 6.0
7.90500, 4.0
7.91000, 2.0
7.91500, 4.0
7.92000, 3.0
7.92500, 3.0
7.93000, 2.0
7.93500, 6.0
7.94000, 5.0
7.94500, 2.0
7.95000, 4.0
7.95500, 5.0
7.96000, 6.0
7.96500, 1.0
7.97000, 2.0
7.97500, 4.0
7.98000, 4.0
7.98500, 1.0
7.99000, 2.0
7.99500, 1.0
8.00000, 6.0
8.00500, 1.0
8.01000, 5.0
8.01500, 3.0
8.02000, 3.0
8.02500, 4.0
8.03000, 2.0
8.03500, 4.0
8.04000, 3.0
8.04500, 5.0
8.05000, 3.0
8.05500, 3.0
8.06000, 4.0
8.06500, 1.0
8.07000, 3.0
8.07500, 4.0
8.08000, 2.0
8.08500, 0.0
8.09000, 2.0
8.09500, 6.0
8.10000, 5.0
8.10500, 3.0
8.11000, 3.0
8.11500, 4.0
8.12000, 1.0
8.12500, 3.0
8.13000, 5.0
8.13500, 5.0
8.14000, 1.0
8.14500, 4.0
8.15000, 5.0
8.15500, 3.0
8.16000, 4.0
8.16500, 1.0
8.17000, 1.0
8.17500, 2.0
8.18000, 3.0
8.18500, 2.0
8.19000, 1.0
8.19500, 2.0
8.20000, 4.0
8.20500, 2.0
8.21000, 5.0
8.21500, 2.0
8.22000, 2.0
8.22500, 4.0
8.23000, 1.0
8.23500, 4.0
8.24000, 4.0
8.24500, 1.0
8.25000, 4.0
8.25500, 3.0
8.26000, 3.0
8.26500, 2.0
8.27000, 3.0
8.27500, 5.0
8.28000, 3.0
8.28500, 4.0
8.29000, 1.0
8.29500, 3.0
8.30000, 3.0
8.30500, 3.0
8.31000, 2.0
8.31500, 0.0
8.32000, 0.0
8.32500, 2.0
8.33000, 2.0
8.33500, 0.0
8.34000, 2.0
8.34500, 4.0
8.35000, 4.0
8.35500, 1.0
8.36000, 5.0
8.36500, 2.0
8.37000, 5.0
8.37500, 3.0
8.38000, 5.0
8.38500, 1.0
8.39000, 2.0
8.39500, 6.0
8.40000, 3.0
8.40500, 5.0
8.41000, 4.0
8.41500, 5.0
8.42000, 4.0
8.42500, 6.0
8.43000, 5.0
8.43500, 7.0
8.44000, 2.0
8.44500, 1.0
8.45000, 3.0
8.45500, 4.0
8.46000, 1.0
8.46500, 5.0
8.47000, 4.0
8.47500, 2.0
8.48000, 4.0
8.48500, 4.0
8.49000, 1.0
8.49500, 2.0
8.50000, 2.0
8.50500, 4.0
8.51000, 4.0
8.51500, 2.0
8.52000, 4.0
8.52500, 2.0
8.53000, 3.0
8.53500, 1.0
8.54000, 2.0
8.54500, 4.0
8.55000, 2.0
8.55500, 2.0
8.56000, 4.0
8.56500, 2.0
8.57000, 5.0
8.57500, 4.0
8.58000, 2.0
8.58500, 2.0
8.59000, 1.0
8.59500, 3.0
8.60000, 4.0
8.60500, 3.0
8.61000, 6.0
8.61500, 4.0
8.62000, 3.0
8.62500, 3.0
8.63000, 4.0
8.63500, 2.0
8.64000, 1.0
8.64500, 2.0
8.65000, 6.0
8.65500, 3.0
8.66000, 1.0
8.66500, 6.0
8.67000, 4.0
8.67500, 2.0
8.68000, 5.0
8.68500, 4.0
8.69000, 1.0
8.69500, 2.0
8.70000, 3.0
8.70500, 1.0
8.71000, 2.0
8.71500, 5.0
8.72000, 2.0
8.72500, 3.0
8.73000, 1.0
8.73500, 5.0
8.74000, 5.0
8.74500, 2.0
8.75000, 1.0
8.75500, 2.0
8.76000, 3.0
8.76500, 4.0
8.77000, 5.0
8.77500, 1.0
8.78000, 0.0
8.78500, 4.0
8.79000, 2.0
8.79500, 0.0
8.80000, 0.0
8.80500, 2.0
8.81000, 0.0
8.81500, 6.0
8.82000, 2.0
8.82500, 1.0
8.83000, 3.0
8.83500, 3.0
8.84000, 3.0
8.84500, 1.0
8.85000, 1.0
8.85500, 4.0
8.86000, 3.0
8.86500, 1.0
8.87000, 1.0
8.87500, 2.0
8.88000, 3.0
8.88500, 4.0
8.89000, 5.0
8.89500, 1.0
8.90000, 1.0
8.90500, 3.0
8.91000, 2.0
8.91500, 1.0
8.92000, 2.0
8.92500, 1.0
8.93000, 4.0
8.93500, 1.0
8.94000, 1.0
8.94500, 3.0
8.95000, 3.0
8.95500, 1.0
8.96000, 1.0
8.96500, 0.0
8.97000, 0.0
8.97500, 3.0
8.98000, 1.0
8.98500, 2.0
8.99000, 0.0
8.99500, 6.0
9.00000, 1.0
9.00500, 3.0
9.01000, 3.0
9.01500, 2.0
9.02000, 1.0
9.02500, 2.0
9.03000, 9.0
9.03500, 1.0
9.04000, 2.0
9.04500, 3.0
9.05000, 2.0
9.05500, 1.0
9.06000, 4.0
9.06500, 1.0
9.07000, 1.0
9.07500, 0.0
9.08000, 2.0
9.08500, 0.0
9.09000, 4.0
9.09500, 1.0
9.10000, 3.0
9.10500, 0.0
9.11000, 1.0
9.11500, 1.0
9.12000, 0.0
9.12500, 2.0
9.13000, 0.0
9.13500, 3.0
9.14000, 0.0
9.14500, 2.0
9.15000, 0.0
9.15500, 1.0
9.16000, 3.0
9.16500, 1.0
9.17000, 0.0
9.17500, 1.0
9.18000, 3.0
9.18500, 3.0
9.19000, 2.0
9.19500, 1.0
9.20000, 3.0
9.20500, 3.0
9.21000, 2.0
9.21500, 2.0
9.22000, 3.0
9.22500, 0.0
9.23000, 1.0
9.23500, 4.0
9.24000, 2.0
9.24500, 2.0
9.25000, 2.0
9.25500, 1.0
9.26000, 0.0
9.26500, 1.0
9.27000, 2.0
9.27500, 2.0
9.28000, 3.0
9.28500, 0.0
9.29000, 2.0
9.29500, 4.0
9.30000, 1.0
9.30500, 1.0
9.31000, 1.0
9.31500, 4.0
9.32000, 2.0
9.32500, 0.0
9.33000, 4.0
9.33500, 5.0
9.34000, 5.0
9.34500, 2.0
9.35000, 4.0
9.35500, 3.0
9.36000, 0.0
9.36500, 3.0
9.37000, 3.0
9.37500, 0.0
9.38000, 2.0
9.38500, 4.0
9.39000, 1.0
9.39500, 1.0
9.40000, 2.0
9.40500, 3.0
9.41000, 0.0
9.41500, 2.0
9.42000, 3.0
9.42500, 2.0
9.43000, 2.0
9.43500, 1.0
9.44000, 0.0
9.44500, 2.0
9.45000, 4.0
9.45500, 1.0
9.46000, 1.0
9.46500, 3.0
9.47000, 0.0
9.47500, 0.0
9.48000, 0.0
9.48500, 1.0
9.49000, 2.0
9.49500, 3.0
9.50000, 1.0
9.50500, 0.0
9.51000, 0.0
9.51500, 0.0
9.52000, 2.0
9.52500, 0.0
9.53000, 3.0
9.53500, 3.0
9.54000, 2.0
9.54500, 0.0
9.55000, 2.0
9.55500, 1.0
9.56000, 1.0
9.56500, 2.0
9.57000, 0.0
9.57500, 0.0
9.58000, 3.0
9.58500, 0.0
9.59000, 1.0
9.59500, 1.0
9.60000, 0.0
9.60500, 2.0
9.61000, 2.0
9.61500, 3.0
9.62000, 1.0
9.62500, 0.0
9.63000, 1.0
9.63500, 2.0
9.64000, 2.0
9.64500, 0.0
9.65000, 1.0
9.65500, 2.0
9.66000, 3.0
9.66500, 4.0
9.67000, 1.0
9.67500, 2.0
9.68000, 1.0
9.68500, 2.0
9.69000, 4.0
9.69500, 1.0
9.70000, 1.0
9.70500, 2.0
9.71000, 0.0
9.71500, 2.0
9.72000, 0.0
9.72500, 1.0
9.73000, 0.0
9.73500, 1.0
9.74000, 2.0
9.74500, 1.0
9.75000, 0.0
9.75500, 1.0
9.76000, 0.0
9.76500, 1.0
9.77000, 1.0
9.77500, 0.0
9.78000, 2.0
9.78500, 0.0
9.79000, 0.0
9.79500, 1.0
9.80000, 0.0
9.80500, 0.0
9.81000, 1.0
9.81500, 1.0
9.82000, 1.0
9.82500, 0.0
9.83000, 0.0
9.83500, 2.0
9.84000, 2.0
9.84500, 0.0
9.85000, 0.0
9.85500, 1.0
9.86000, 1.0
9.86500, 1.0
9.87000, 0.0
9.87500, 1.0
9.88000, 0.0
9.88500, 1.0
9.89000, 2.0
9.89500, 2.0
9.90000, 1.0
9.90500, 2.0
9.91000, 2.0
9.91500, 1.0
9.92000, 1.0
9.92500, 2.0
9.93000, 0.0
9.93500, 0.0
9.94000, 2.0
9.94500, 1.0
9.95000, 1.0
9.95500, 0.0
9.96000, 0.0
9.96500, 0.0
9.97000, 0.0
9.97500, 2.0
9.98000, 0.0
9.98500, 0.0
9.99000, 0.0
9.99500, 1.0
10.00000, 0.0
10.00500, 1.0
10.01000, 0.0
10.01500, 0.0
10.02000, 0.0
10.02500, 1.0
10.03000, 0.0
10.03500, 0.0
10.04000, 0.0
10.04500, 0.0
10.05000, 0.0
10.05500, 0.0
10.06000, 0.0
10.06500, 1.0
10.07000, 0.0
10.07500, 0.0
10.08000, 0.0
10.08500, 0.0
10.09000, 0.0
10.09500, 0.0
10.10000, 0.0
10.10500, 0.0
10.11000, 0.0
10.11500, 0.0
10.12000, 0.0
10.12500, 0.0
10.13000, 0.0
10.13500, 0.0
#ENDOFDATA   : 
