#FORMAT      : EMSA/MAS Spectral Data File
#VERSION     : 1.0
#TITLE       : 20250425_5K_C7
#DATE        : 24-APR-2025
#TIME        : 10:45
#OWNER       : 
#NPOINTS     : 2048.0
#NCOLUMNS    : 1.0
#XUNITS      : keV
#YUNITS      : counts
#DATATYPE    : XY
#XPERCHAN    : 0.005
#OFFSET      : -0.1
#SIGNALTYPE  : EDS
#CHOFFSET    : 20.0
#LIVETIME    : 60.0
#REALTIME    : 60.815067291
#BEAMKV      : 5.0
#MAGCAM      : 450.0
#XTILTSTGE   : 0.0
#AZIMANGLE   : 0.0
#ELEVANGLE   : 29.0
#XPOSITION mm: 1.8150
#YPOSITION mm: -0.9613
#ZPOSITION mm: 13.4926
##OXINSTPT   : 2
##OXINSTSTROB: 67.58
#SPECTRUM    : Spectral Data Starts Here
-0.10000, 0.0
-0.09500, 1.0
-0.09000, 0.0
-0.08500, 0.0
-0.08000, 1.0
-0.07500, 0.0
-0.07000, 1.0
-0.06500, 2.0
-0.06000, 5.0
-0.05500, 7.0
-0.05000, 13.0
-0.04500, 14.0
-0.04000, 31.0
-0.03500, 52.0
-0.03000, 65.0
-0.02500, 106.0
-0.02000, 141.0
-0.01500, 176.0
-0.01000, 217.0
-0.00500, 324.0
0.00000, 357.0
0.00500, 476.0
0.01000, 594.0
0.01500, 703.0
0.02000, 800.0
0.02500, 886.0
0.03000, 990.0
0.03500, 1085.0
0.04000, 1117.0
0.04500, 1132.0
0.05000, 1072.0
0.05500, 1104.0
0.06000, 1068.0
0.06500, 950.0
0.07000, 894.0
0.07500, 844.0
0.08000, 735.0
0.08500, 664.0
0.09000, 589.0
0.09500, 552.0
0.10000, 511.0
0.10500, 452.0
0.11000, 474.0
0.11500, 498.0
0.12000, 551.0
0.12500, 594.0
0.13000, 648.0
0.13500, 775.0
0.14000, 821.0
0.14500, 812.0
0.15000, 850.0
0.15500, 905.0
0.16000, 904.0
0.16500, 905.0
0.17000, 865.0
0.17500, 848.0
0.18000, 806.0
0.18500, 788.0
0.19000, 727.0
0.19500, 639.0
0.20000, 573.0
0.20500, 548.0
0.21000, 467.0
0.21500, 418.0
0.22000, 374.0
0.22500, 342.0
0.23000, 328.0
0.23500, 277.0
0.24000, 267.0
0.24500, 251.0
0.25000, 215.0
0.25500, 208.0
0.26000, 208.0
0.26500, 206.0
0.27000, 180.0
0.27500, 180.0
0.28000, 178.0
0.28500, 151.0
0.29000, 138.0
0.29500, 128.0
0.30000, 106.0
0.30500, 117.0
0.31000, 111.0
0.31500, 105.0
0.32000, 102.0
0.32500, 96.0
0.33000, 78.0
0.33500, 91.0
0.34000, 88.0
0.34500, 89.0
0.35000, 91.0
0.35500, 87.0
0.36000, 73.0
0.36500, 87.0
0.37000, 103.0
0.37500, 121.0
0.38000, 113.0
0.38500, 105.0
0.39000, 107.0
0.39500, 108.0
0.40000, 110.0
0.40500, 105.0
0.41000, 124.0
0.41500, 132.0
0.42000, 113.0
0.42500, 124.0
0.43000, 123.0
0.43500, 136.0
0.44000, 123.0
0.44500, 114.0
0.45000, 141.0
0.45500, 136.0
0.46000, 132.0
0.46500, 157.0
0.47000, 166.0
0.47500, 150.0
0.48000, 166.0
0.48500, 175.0
0.49000, 182.0
0.49500, 191.0
0.50000, 167.0
0.50500, 192.0
0.51000, 207.0
0.51500, 225.0
0.52000, 238.0
0.52500, 211.0
0.53000, 227.0
0.53500, 260.0
0.54000, 227.0
0.54500, 214.0
0.55000, 207.0
0.55500, 219.0
0.56000, 219.0
0.56500, 200.0
0.57000, 183.0
0.57500, 190.0
0.58000, 206.0
0.58500, 208.0
0.59000, 170.0
0.59500, 188.0
0.60000, 183.0
0.60500, 186.0
0.61000, 187.0
0.61500, 182.0
0.62000, 172.0
0.62500, 165.0
0.63000, 173.0
0.63500, 171.0
0.64000, 197.0
0.64500, 176.0
0.65000, 179.0
0.65500, 177.0
0.66000, 169.0
0.66500, 190.0
0.67000, 191.0
0.67500, 181.0
0.68000, 190.0
0.68500, 170.0
0.69000, 172.0
0.69500, 199.0
0.70000, 195.0
0.70500, 192.0
0.71000, 206.0
0.71500, 191.0
0.72000, 180.0
0.72500, 191.0
0.73000, 200.0
0.73500, 205.0
0.74000, 181.0
0.74500, 189.0
0.75000, 197.0
0.75500, 200.0
0.76000, 216.0
0.76500, 200.0
0.77000, 194.0
0.77500, 189.0
0.78000, 205.0
0.78500, 201.0
0.79000, 210.0
0.79500, 237.0
0.80000, 232.0
0.80500, 210.0
0.81000, 207.0
0.81500, 205.0
0.82000, 188.0
0.82500, 202.0
0.83000, 182.0
0.83500, 175.0
0.84000, 189.0
0.84500, 191.0
0.85000, 207.0
0.85500, 198.0
0.86000, 197.0
0.86500, 200.0
0.87000, 200.0
0.87500, 194.0
0.88000, 227.0
0.88500, 203.0
0.89000, 212.0
0.89500, 179.0
0.90000, 194.0
0.90500, 194.0
0.91000, 197.0
0.91500, 197.0
0.92000, 208.0
0.92500, 215.0
0.93000, 196.0
0.93500, 189.0
0.94000, 197.0
0.94500, 206.0
0.95000, 217.0
0.95500, 189.0
0.96000, 211.0
0.96500, 203.0
0.97000, 200.0
0.97500, 212.0
0.98000, 199.0
0.98500, 174.0
0.99000, 199.0
0.99500, 202.0
1.00000, 202.0
1.00500, 199.0
1.01000, 192.0
1.01500, 198.0
1.02000, 213.0
1.02500, 197.0
1.03000, 212.0
1.03500, 215.0
1.04000, 212.0
1.04500, 208.0
1.05000, 215.0
1.05500, 212.0
1.06000, 197.0
1.06500, 190.0
1.07000, 191.0
1.07500, 195.0
1.08000, 202.0
1.08500, 199.0
1.09000, 188.0
1.09500, 181.0
1.10000, 197.0
1.10500, 209.0
1.11000, 199.0
1.11500, 211.0
1.12000, 205.0
1.12500, 181.0
1.13000, 190.0
1.13500, 185.0
1.14000, 179.0
1.14500, 183.0
1.15000, 212.0
1.15500, 204.0
1.16000, 188.0
1.16500, 194.0
1.17000, 172.0
1.17500, 197.0
1.18000, 194.0
1.18500, 200.0
1.19000, 176.0
1.19500, 175.0
1.20000, 169.0
1.20500, 171.0
1.21000, 169.0
1.21500, 157.0
1.22000, 171.0
1.22500, 180.0
1.23000, 178.0
1.23500, 176.0
1.24000, 179.0
1.24500, 173.0
1.25000, 181.0
1.25500, 169.0
1.26000, 188.0
1.26500, 181.0
1.27000, 164.0
1.27500, 162.0
1.28000, 167.0
1.28500, 181.0
1.29000, 163.0
1.29500, 164.0
1.30000, 168.0
1.30500, 176.0
1.31000, 168.0
1.31500, 172.0
1.32000, 158.0
1.32500, 160.0
1.33000, 175.0
1.33500, 175.0
1.34000, 160.0
1.34500, 185.0
1.35000, 173.0
1.35500, 166.0
1.36000, 154.0
1.36500, 147.0
1.37000, 146.0
1.37500, 138.0
1.38000, 149.0
1.38500, 149.0
1.39000, 143.0
1.39500, 159.0
1.40000, 176.0
1.40500, 149.0
1.41000, 154.0
1.41500, 140.0
1.42000, 157.0
1.42500, 169.0
1.43000, 149.0
1.43500, 162.0
1.44000, 135.0
1.44500, 149.0
1.45000, 132.0
1.45500, 156.0
1.46000, 148.0
1.46500, 146.0
1.47000, 141.0
1.47500, 146.0
1.48000, 166.0
1.48500, 153.0
1.49000, 157.0
1.49500, 145.0
1.50000, 160.0
1.50500, 162.0
1.51000, 143.0
1.51500, 156.0
1.52000, 126.0
1.52500, 142.0
1.53000, 143.0
1.53500, 141.0
1.54000, 127.0
1.54500, 144.0
1.55000, 128.0
1.55500, 129.0
1.56000, 132.0
1.56500, 134.0
1.57000, 145.0
1.57500, 146.0
1.58000, 145.0
1.58500, 150.0
1.59000, 135.0
1.59500, 137.0
1.60000, 147.0
1.60500, 146.0
1.61000, 151.0
1.61500, 138.0
1.62000, 137.0
1.62500, 140.0
1.63000, 131.0
1.63500, 136.0
1.64000, 123.0
1.64500, 130.0
1.65000, 135.0
1.65500, 141.0
1.66000, 133.0
1.66500, 135.0
1.67000, 159.0
1.67500, 161.0
1.68000, 155.0
1.68500, 169.0
1.69000, 158.0
1.69500, 166.0
1.70000, 188.0
1.70500, 189.0
1.71000, 197.0
1.71500, 206.0
1.72000, 206.0
1.72500, 221.0
1.73000, 219.0
1.73500, 222.0
1.74000, 242.0
1.74500, 221.0
1.75000, 225.0
1.75500, 218.0
1.76000, 205.0
1.76500, 199.0
1.77000, 204.0
1.77500, 209.0
1.78000, 186.0
1.78500, 161.0
1.79000, 162.0
1.79500, 144.0
1.80000, 170.0
1.80500, 162.0
1.81000, 144.0
1.81500, 153.0
1.82000, 141.0
1.82500, 123.0
1.83000, 127.0
1.83500, 129.0
1.84000, 136.0
1.84500, 118.0
1.85000, 118.0
1.85500, 115.0
1.86000, 110.0
1.86500, 111.0
1.87000, 106.0
1.87500, 109.0
1.88000, 103.0
1.88500, 104.0
1.89000, 112.0
1.89500, 108.0
1.90000, 108.0
1.90500, 111.0
1.91000, 126.0
1.91500, 106.0
1.92000, 99.0
1.92500, 98.0
1.93000, 96.0
1.93500, 89.0
1.94000, 103.0
1.94500, 111.0
1.95000, 106.0
1.95500, 94.0
1.96000, 111.0
1.96500, 108.0
1.97000, 107.0
1.97500, 114.0
1.98000, 126.0
1.98500, 108.0
1.99000, 123.0
1.99500, 139.0
2.00000, 137.0
2.00500, 143.0
2.01000, 136.0
2.01500, 143.0
2.02000, 137.0
2.02500, 129.0
2.03000, 129.0
2.03500, 120.0
2.04000, 126.0
2.04500, 135.0
2.05000, 152.0
2.05500, 136.0
2.06000, 113.0
2.06500, 120.0
2.07000, 121.0
2.07500, 117.0
2.08000, 116.0
2.08500, 116.0
2.09000, 115.0
2.09500, 113.0
2.10000, 126.0
2.10500, 104.0
2.11000, 105.0
2.11500, 95.0
2.12000, 97.0
2.12500, 95.0
2.13000, 98.0
2.13500, 97.0
2.14000, 109.0
2.14500, 111.0
2.15000, 97.0
2.15500, 108.0
2.16000, 109.0
2.16500, 103.0
2.17000, 104.0
2.17500, 114.0
2.18000, 119.0
2.18500, 123.0
2.19000, 151.0
2.19500, 161.0
2.20000, 203.0
2.20500, 257.0
2.21000, 287.0
2.21500, 336.0
2.22000, 391.0
2.22500, 467.0
2.23000, 534.0
2.23500, 641.0
2.24000, 702.0
2.24500, 894.0
2.25000, 987.0
2.25500, 1033.0
2.26000, 1234.0
2.26500, 1390.0
2.27000, 1479.0
2.27500, 1669.0
2.28000, 1786.0
2.28500, 1814.0
2.29000, 1963.0
2.29500, 2074.0
2.30000, 2068.0
2.30500, 2166.0
2.31000, 2108.0
2.31500, 2099.0
2.32000, 1995.0
2.32500, 1979.0
2.33000, 1894.0
2.33500, 1731.0
2.34000, 1634.0
2.34500, 1542.0
2.35000, 1462.0
2.35500, 1353.0
2.36000, 1186.0
2.36500, 1105.0
2.37000, 1043.0
2.37500, 865.0
2.38000, 859.0
2.38500, 741.0
2.39000, 709.0
2.39500, 603.0
2.40000, 595.0
2.40500, 575.0
2.41000, 538.0
2.41500, 506.0
2.42000, 449.0
2.42500, 427.0
2.43000, 426.0
2.43500, 416.0
2.44000, 393.0
2.44500, 381.0
2.45000, 349.0
2.45500, 341.0
2.46000, 313.0
2.46500, 288.0
2.47000, 273.0
2.47500, 248.0
2.48000, 267.0
2.48500, 249.0
2.49000, 248.0
2.49500, 221.0
2.50000, 219.0
2.50500, 210.0
2.51000, 182.0
2.51500, 178.0
2.52000, 150.0
2.52500, 163.0
2.53000, 159.0
2.53500, 142.0
2.54000, 130.0
2.54500, 108.0
2.55000, 102.0
2.55500, 93.0
2.56000, 104.0
2.56500, 95.0
2.57000, 90.0
2.57500, 79.0
2.58000, 88.0
2.58500, 100.0
2.59000, 76.0
2.59500, 64.0
2.60000, 73.0
2.60500, 62.0
2.61000, 79.0
2.61500, 70.0
2.62000, 59.0
2.62500, 70.0
2.63000, 67.0
2.63500, 71.0
2.64000, 74.0
2.64500, 75.0
2.65000, 61.0
2.65500, 55.0
2.66000, 59.0
2.66500, 68.0
2.67000, 77.0
2.67500, 49.0
2.68000, 57.0
2.68500, 69.0
2.69000, 64.0
2.69500, 56.0
2.70000, 59.0
2.70500, 55.0
2.71000, 57.0
2.71500, 54.0
2.72000, 67.0
2.72500, 48.0
2.73000, 47.0
2.73500, 58.0
2.74000, 57.0
2.74500, 65.0
2.75000, 58.0
2.75500, 42.0
2.76000, 65.0
2.76500, 47.0
2.77000, 51.0
2.77500, 42.0
2.78000, 45.0
2.78500, 59.0
2.79000, 53.0
2.79500, 46.0
2.80000, 53.0
2.80500, 56.0
2.81000, 54.0
2.81500, 60.0
2.82000, 57.0
2.82500, 50.0
2.83000, 64.0
2.83500, 52.0
2.84000, 46.0
2.84500, 50.0
2.85000, 62.0
2.85500, 55.0
2.86000, 57.0
2.86500, 54.0
2.87000, 48.0
2.87500, 45.0
2.88000, 48.0
2.88500, 58.0
2.89000, 55.0
2.89500, 52.0
2.90000, 43.0
2.90500, 39.0
2.91000, 49.0
2.91500, 45.0
2.92000, 44.0
2.92500, 45.0
2.93000, 59.0
2.93500, 46.0
2.94000, 59.0
2.94500, 42.0
2.95000, 50.0
2.95500, 43.0
2.96000, 44.0
2.96500, 44.0
2.97000, 45.0
2.97500, 60.0
2.98000, 45.0
2.98500, 51.0
2.99000, 51.0
2.99500, 45.0
3.00000, 49.0
3.00500, 39.0
3.01000, 39.0
3.01500, 48.0
3.02000, 52.0
3.02500, 45.0
3.03000, 32.0
3.03500, 45.0
3.04000, 46.0
3.04500, 52.0
3.05000, 34.0
3.05500, 47.0
3.06000, 35.0
3.06500, 47.0
3.07000, 47.0
3.07500, 52.0
3.08000, 39.0
3.08500, 36.0
3.09000, 33.0
3.09500, 47.0
3.10000, 44.0
3.10500, 40.0
3.11000, 26.0
3.11500, 35.0
3.12000, 43.0
3.12500, 44.0
3.13000, 32.0
3.13500, 42.0
3.14000, 51.0
3.14500, 37.0
3.15000, 36.0
3.15500, 41.0
3.16000, 46.0
3.16500, 47.0
3.17000, 42.0
3.17500, 45.0
3.18000, 34.0
3.18500, 34.0
3.19000, 44.0
3.19500, 38.0
3.20000, 35.0
3.20500, 42.0
3.21000, 30.0
3.21500, 47.0
3.22000, 39.0
3.22500, 36.0
3.23000, 32.0
3.23500, 40.0
3.24000, 39.0
3.24500, 33.0
3.25000, 33.0
3.25500, 43.0
3.26000, 46.0
3.26500, 40.0
3.27000, 37.0
3.27500, 37.0
3.28000, 40.0
3.28500, 37.0
3.29000, 35.0
3.29500, 34.0
3.30000, 28.0
3.30500, 31.0
3.31000, 37.0
3.31500, 46.0
3.32000, 38.0
3.32500, 38.0
3.33000, 40.0
3.33500, 37.0
3.34000, 24.0
3.34500, 25.0
3.35000, 34.0
3.35500, 49.0
3.36000, 34.0
3.36500, 41.0
3.37000, 37.0
3.37500, 34.0
3.38000, 39.0
3.38500, 35.0
3.39000, 43.0
3.39500, 42.0
3.40000, 35.0
3.40500, 32.0
3.41000, 41.0
3.41500, 39.0
3.42000, 25.0
3.42500, 39.0
3.43000, 40.0
3.43500, 34.0
3.44000, 36.0
3.44500, 36.0
3.45000, 39.0
3.45500, 31.0
3.46000, 42.0
3.46500, 38.0
3.47000, 27.0
3.47500, 39.0
3.48000, 31.0
3.48500, 28.0
3.49000, 25.0
3.49500, 33.0
3.50000, 34.0
3.50500, 22.0
3.51000, 31.0
3.51500, 27.0
3.52000, 32.0
3.52500, 31.0
3.53000, 32.0
3.53500, 31.0
3.54000, 27.0
3.54500, 26.0
3.55000, 36.0
3.55500, 27.0
3.56000, 34.0
3.56500, 25.0
3.57000, 26.0
3.57500, 30.0
3.58000, 35.0
3.58500, 19.0
3.59000, 30.0
3.59500, 25.0
3.60000, 37.0
3.60500, 22.0
3.61000, 37.0
3.61500, 27.0
3.62000, 16.0
3.62500, 26.0
3.63000, 27.0
3.63500, 23.0
3.64000, 32.0
3.64500, 34.0
3.65000, 28.0
3.65500, 28.0
3.66000, 28.0
3.66500, 25.0
3.67000, 29.0
3.67500, 21.0
3.68000, 16.0
3.68500, 30.0
3.69000, 31.0
3.69500, 24.0
3.70000, 27.0
3.70500, 25.0
3.71000, 25.0
3.71500, 32.0
3.72000, 29.0
3.72500, 29.0
3.73000, 28.0
3.73500, 25.0
3.74000, 20.0
3.74500, 29.0
3.75000, 23.0
3.75500, 28.0
3.76000, 25.0
3.76500, 32.0
3.77000, 28.0
3.77500, 23.0
3.78000, 24.0
3.78500, 21.0
3.79000, 22.0
3.79500, 26.0
3.80000, 17.0
3.80500, 20.0
3.81000, 25.0
3.81500, 21.0
3.82000, 23.0
3.82500, 26.0
3.83000, 25.0
3.83500, 24.0
3.84000, 20.0
3.84500, 15.0
3.85000, 20.0
3.85500, 18.0
3.86000, 18.0
3.86500, 27.0
3.87000, 21.0
3.87500, 24.0
3.88000, 22.0
3.88500, 21.0
3.89000, 24.0
3.89500, 17.0
3.90000, 19.0
3.90500, 21.0
3.91000, 32.0
3.91500, 23.0
3.92000, 18.0
3.92500, 22.0
3.93000, 21.0
3.93500, 20.0
3.94000, 17.0
3.94500, 23.0
3.95000, 24.0
3.95500, 18.0
3.96000, 29.0
3.96500, 24.0
3.97000, 27.0
3.97500, 22.0
3.98000, 19.0
3.98500, 21.0
3.99000, 22.0
3.99500, 18.0
4.00000, 21.0
4.00500, 25.0
4.01000, 22.0
4.01500, 22.0
4.02000, 22.0
4.02500, 18.0
4.03000, 21.0
4.03500, 24.0
4.04000, 20.0
4.04500, 21.0
4.05000, 21.0
4.05500, 17.0
4.06000, 21.0
4.06500, 13.0
4.07000, 14.0
4.07500, 17.0
4.08000, 14.0
4.08500, 18.0
4.09000, 15.0
4.09500, 18.0
4.10000, 18.0
4.10500, 14.0
4.11000, 15.0
4.11500, 14.0
4.12000, 11.0
4.12500, 15.0
4.13000, 20.0
4.13500, 17.0
4.14000, 21.0
4.14500, 17.0
4.15000, 22.0
4.15500, 10.0
4.16000, 12.0
4.16500, 11.0
4.17000, 21.0
4.17500, 14.0
4.18000, 14.0
4.18500, 17.0
4.19000, 15.0
4.19500, 14.0
4.20000, 10.0
4.20500, 22.0
4.21000, 12.0
4.21500, 12.0
4.22000, 10.0
4.22500, 11.0
4.23000, 13.0
4.23500, 13.0
4.24000, 17.0
4.24500, 14.0
4.25000, 13.0
4.25500, 12.0
4.26000, 17.0
4.26500, 14.0
4.27000, 16.0
4.27500, 11.0
4.28000, 14.0
4.28500, 15.0
4.29000, 16.0
4.29500, 18.0
4.30000, 22.0
4.30500, 14.0
4.31000, 14.0
4.31500, 12.0
4.32000, 13.0
4.32500, 15.0
4.33000, 15.0
4.33500, 10.0
4.34000, 7.0
4.34500, 14.0
4.35000, 12.0
4.35500, 13.0
4.36000, 12.0
4.36500, 14.0
4.37000, 13.0
4.37500, 15.0
4.38000, 12.0
4.38500, 12.0
4.39000, 9.0
4.39500, 18.0
4.40000, 10.0
4.40500, 15.0
4.41000, 13.0
4.41500, 14.0
4.42000, 9.0
4.42500, 15.0
4.43000, 17.0
4.43500, 12.0
4.44000, 11.0
4.44500, 10.0
4.45000, 17.0
4.45500, 10.0
4.46000, 10.0
4.46500, 7.0
4.47000, 6.0
4.47500, 11.0
4.48000, 17.0
4.48500, 13.0
4.49000, 12.0
4.49500, 9.0
4.50000, 10.0
4.50500, 11.0
4.51000, 12.0
4.51500, 12.0
4.52000, 15.0
4.52500, 14.0
4.53000, 7.0
4.53500, 10.0
4.54000, 15.0
4.54500, 5.0
4.55000, 12.0
4.55500, 6.0
4.56000, 15.0
4.56500, 11.0
4.57000, 8.0
4.57500, 12.0
4.58000, 7.0
4.58500, 9.0
4.59000, 11.0
4.59500, 9.0
4.60000, 14.0
4.60500, 11.0
4.61000, 10.0
4.61500, 11.0
4.62000, 12.0
4.62500, 9.0
4.63000, 10.0
4.63500, 10.0
4.64000, 7.0
4.64500, 6.0
4.65000, 7.0
4.65500, 9.0
4.66000, 9.0
4.66500, 7.0
4.67000, 9.0
4.67500, 5.0
4.68000, 13.0
4.68500, 5.0
4.69000, 8.0
4.69500, 7.0
4.70000, 9.0
4.70500, 7.0
4.71000, 6.0
4.71500, 6.0
4.72000, 7.0
4.72500, 11.0
4.73000, 8.0
4.73500, 11.0
4.74000, 5.0
4.74500, 6.0
4.75000, 4.0
4.75500, 8.0
4.76000, 11.0
4.76500, 7.0
4.77000, 9.0
4.77500, 7.0
4.78000, 3.0
4.78500, 5.0
4.79000, 7.0
4.79500, 2.0
4.80000, 6.0
4.80500, 1.0
4.81000, 0.0
4.81500, 5.0
4.82000, 3.0
4.82500, 3.0
4.83000, 3.0
4.83500, 3.0
4.84000, 4.0
4.84500, 8.0
4.85000, 7.0
4.85500, 2.0
4.86000, 1.0
4.86500, 2.0
4.87000, 4.0
4.87500, 1.0
4.88000, 2.0
4.88500, 3.0
4.89000, 0.0
4.89500, 1.0
4.90000, 1.0
4.90500, 1.0
4.91000, 3.0
4.91500, 1.0
4.92000, 0.0
4.92500, 1.0
4.93000, 0.0
4.93500, 0.0
4.94000, 0.0
4.94500, 1.0
4.95000, 1.0
4.95500, 0.0
4.96000, 0.0
4.96500, 0.0
4.97000, 0.0
4.97500, 0.0
4.98000, 0.0
4.98500, 0.0
4.99000, 0.0
4.99500, 0.0
5.00000, 0.0
5.00500, 0.0
5.01000, 0.0
5.01500, 0.0
5.02000, 0.0
5.02500, 0.0
5.03000, 0.0
5.03500, 0.0
5.04000, 0.0
5.04500, 0.0
5.05000, 0.0
5.05500, 0.0
5.06000, 0.0
5.06500, 0.0
5.07000, 0.0
5.07500, 0.0
5.08000, 0.0
5.08500, 0.0
5.09000, 0.0
5.09500, 0.0
5.10000, 1.0
5.10500, 0.0
5.11000, 0.0
5.11500, 0.0
5.12000, 0.0
5.12500, 0.0
5.13000, 0.0
5.13500, 1.0
5.14000, 1.0
5.14500, 0.0
5.15000, 0.0
5.15500, 1.0
5.16000, 0.0
5.16500, 1.0
5.17000, 0.0
5.17500, 0.0
5.18000, 0.0
5.18500, 0.0
5.19000, 0.0
5.19500, 0.0
5.20000, 0.0
5.20500, 0.0
5.21000, 0.0
5.21500, 0.0
5.22000, 0.0
5.22500, 1.0
5.23000, 0.0
5.23500, 0.0
5.24000, 0.0
5.24500, 0.0
5.25000, 0.0
5.25500, 0.0
5.26000, 0.0
5.26500, 0.0
5.27000, 0.0
5.27500, 0.0
5.28000, 0.0
5.28500, 0.0
5.29000, 0.0
5.29500, 0.0
5.30000, 0.0
5.30500, 1.0
5.31000, 0.0
5.31500, 0.0
5.32000, 0.0
5.32500, 0.0
5.33000, 0.0
5.33500, 0.0
5.34000, 0.0
5.34500, 0.0
5.35000, 0.0
5.35500, 0.0
5.36000, 0.0
5.36500, 0.0
5.37000, 0.0
5.37500, 0.0
5.38000, 0.0
5.38500, 0.0
5.39000, 0.0
5.39500, 0.0
5.40000, 0.0
5.40500, 0.0
5.41000, 0.0
5.41500, 0.0
5.42000, 0.0
5.42500, 0.0
5.43000, 0.0
5.43500, 0.0
5.44000, 0.0
5.44500, 0.0
5.45000, 0.0
5.45500, 0.0
5.46000, 0.0
5.46500, 0.0
5.47000, 0.0
5.47500, 0.0
5.48000, 0.0
5.48500, 0.0
5.49000, 0.0
5.49500, 0.0
5.50000, 0.0
5.50500, 0.0
5.51000, 0.0
5.51500, 0.0
5.52000, 0.0
5.52500, 0.0
5.53000, 1.0
5.53500, 0.0
5.54000, 0.0
5.54500, 0.0
5.55000, 0.0
5.55500, 0.0
5.56000, 0.0
5.56500, 0.0
5.57000, 1.0
5.57500, 0.0
5.58000, 0.0
5.58500, 0.0
5.59000, 0.0
5.59500, 0.0
5.60000, 0.0
5.60500, 0.0
5.61000, 0.0
5.61500, 0.0
5.62000, 0.0
5.62500, 0.0
5.63000, 0.0
5.63500, 0.0
5.64000, 0.0
5.64500, 0.0
5.65000, 0.0
5.65500, 0.0
5.66000, 0.0
5.66500, 0.0
5.67000, 0.0
5.67500, 0.0
5.68000, 0.0
5.68500, 0.0
5.69000, 0.0
5.69500, 0.0
5.70000, 0.0
5.70500, 0.0
5.71000, 0.0
5.71500, 0.0
5.72000, 1.0
5.72500, 0.0
5.73000, 0.0
5.73500, 0.0
5.74000, 0.0
5.74500, 0.0
5.75000, 0.0
5.75500, 0.0
5.76000, 0.0
5.76500, 0.0
5.77000, 0.0
5.77500, 0.0
5.78000, 0.0
5.78500, 0.0
5.79000, 0.0
5.79500, 0.0
5.80000, 0.0
5.80500, 0.0
5.81000, 0.0
5.81500, 0.0
5.82000, 0.0
5.82500, 0.0
5.83000, 1.0
5.83500, 0.0
5.84000, 0.0
5.84500, 0.0
5.85000, 0.0
5.85500, 0.0
5.86000, 0.0
5.86500, 0.0
5.87000, 0.0
5.87500, 0.0
5.88000, 0.0
5.88500, 0.0
5.89000, 0.0
5.89500, 0.0
5.90000, 0.0
5.90500, 0.0
5.91000, 0.0
5.91500, 0.0
5.92000, 0.0
5.92500, 0.0
5.93000, 0.0
5.93500, 0.0
5.94000, 1.0
5.94500, 0.0
5.95000, 0.0
5.95500, 0.0
5.96000, 0.0
5.96500, 0.0
5.97000, 0.0
5.97500, 0.0
5.98000, 0.0
5.98500, 0.0
5.99000, 0.0
5.99500, 0.0
6.00000, 0.0
6.00500, 0.0
6.01000, 0.0
6.01500, 0.0
6.02000, 0.0
6.02500, 0.0
6.03000, 0.0
6.03500, 0.0
6.04000, 0.0
6.04500, 0.0
6.05000, 0.0
6.05500, 0.0
6.06000, 0.0
6.06500, 0.0
6.07000, 0.0
6.07500, 0.0
6.08000, 0.0
6.08500, 0.0
6.09000, 0.0
6.09500, 0.0
6.10000, 0.0
6.10500, 1.0
6.11000, 0.0
6.11500, 0.0
6.12000, 0.0
6.12500, 0.0
6.13000, 0.0
6.13500, 0.0
6.14000, 0.0
6.14500, 0.0
6.15000, 0.0
6.15500, 0.0
6.16000, 0.0
6.16500, 0.0
6.17000, 0.0
6.17500, 0.0
6.18000, 0.0
6.18500, 0.0
6.19000, 0.0
6.19500, 0.0
6.20000, 0.0
6.20500, 0.0
6.21000, 0.0
6.21500, 0.0
6.22000, 0.0
6.22500, 0.0
6.23000, 0.0
6.23500, 0.0
6.24000, 0.0
6.24500, 0.0
6.25000, 0.0
6.25500, 0.0
6.26000, 0.0
6.26500, 0.0
6.27000, 0.0
6.27500, 0.0
6.28000, 1.0
6.28500, 0.0
6.29000, 0.0
6.29500, 0.0
6.30000, 0.0
6.30500, 0.0
6.31000, 0.0
6.31500, 0.0
6.32000, 0.0
6.32500, 0.0
6.33000, 0.0
6.33500, 0.0
6.34000, 0.0
6.34500, 0.0
6.35000, 0.0
6.35500, 0.0
6.36000, 0.0
6.36500, 0.0
6.37000, 0.0
6.37500, 0.0
6.38000, 0.0
6.38500, 0.0
6.39000, 0.0
6.39500, 0.0
6.40000, 0.0
6.40500, 0.0
6.41000, 0.0
6.41500, 0.0
6.42000, 0.0
6.42500, 0.0
6.43000, 0.0
6.43500, 0.0
6.44000, 0.0
6.44500, 0.0
6.45000, 0.0
6.45500, 0.0
6.46000, 0.0
6.46500, 0.0
6.47000, 0.0
6.47500, 0.0
6.48000, 0.0
6.48500, 0.0
6.49000, 0.0
6.49500, 0.0
6.50000, 0.0
6.50500, 0.0
6.51000, 0.0
6.51500, 0.0
6.52000, 0.0
6.52500, 0.0
6.53000, 0.0
6.53500, 0.0
6.54000, 0.0
6.54500, 0.0
6.55000, 0.0
6.55500, 0.0
6.56000, 0.0
6.56500, 0.0
6.57000, 0.0
6.57500, 0.0
6.58000, 0.0
6.58500, 0.0
6.59000, 0.0
6.59500, 0.0
6.60000, 0.0
6.60500, 0.0
6.61000, 0.0
6.61500, 0.0
6.62000, 0.0
6.62500, 0.0
6.63000, 0.0
6.63500, 0.0
6.64000, 0.0
6.64500, 0.0
6.65000, 0.0
6.65500, 0.0
6.66000, 0.0
6.66500, 0.0
6.67000, 0.0
6.67500, 0.0
6.68000, 0.0
6.68500, 0.0
6.69000, 0.0
6.69500, 0.0
6.70000, 0.0
6.70500, 0.0
6.71000, 0.0
6.71500, 0.0
6.72000, 0.0
6.72500, 0.0
6.73000, 0.0
6.73500, 0.0
6.74000, 0.0
6.74500, 0.0
6.75000, 0.0
6.75500, 0.0
6.76000, 0.0
6.76500, 0.0
6.77000, 0.0
6.77500, 0.0
6.78000, 0.0
6.78500, 0.0
6.79000, 0.0
6.79500, 0.0
6.80000, 0.0
6.80500, 0.0
6.81000, 0.0
6.81500, 0.0
6.82000, 0.0
6.82500, 0.0
6.83000, 0.0
6.83500, 0.0
6.84000, 0.0
6.84500, 0.0
6.85000, 0.0
6.85500, 0.0
6.86000, 0.0
6.86500, 0.0
6.87000, 0.0
6.87500, 0.0
6.88000, 0.0
6.88500, 0.0
6.89000, 0.0
6.89500, 0.0
6.90000, 0.0
6.90500, 0.0
6.91000, 0.0
6.91500, 0.0
6.92000, 0.0
6.92500, 0.0
6.93000, 0.0
6.93500, 0.0
6.94000, 0.0
6.94500, 0.0
6.95000, 0.0
6.95500, 0.0
6.96000, 0.0
6.96500, 0.0
6.97000, 0.0
6.97500, 0.0
6.98000, 0.0
6.98500, 0.0
6.99000, 0.0
6.99500, 0.0
7.00000, 0.0
7.00500, 0.0
7.01000, 0.0
7.01500, 0.0
7.02000, 0.0
7.02500, 0.0
7.03000, 0.0
7.03500, 0.0
7.04000, 0.0
7.04500, 0.0
7.05000, 0.0
7.05500, 0.0
7.06000, 0.0
7.06500, 0.0
7.07000, 0.0
7.07500, 0.0
7.08000, 0.0
7.08500, 0.0
7.09000, 0.0
7.09500, 0.0
7.10000, 0.0
7.10500, 0.0
7.11000, 0.0
7.11500, 0.0
7.12000, 0.0
7.12500, 0.0
7.13000, 0.0
7.13500, 0.0
7.14000, 0.0
7.14500, 0.0
7.15000, 0.0
7.15500, 0.0
7.16000, 0.0
7.16500, 0.0
7.17000, 0.0
7.17500, 0.0
7.18000, 0.0
7.18500, 0.0
7.19000, 0.0
7.19500, 0.0
7.20000, 0.0
7.20500, 0.0
7.21000, 0.0
7.21500, 0.0
7.22000, 0.0
7.22500, 0.0
7.23000, 0.0
7.23500, 0.0
7.24000, 0.0
7.24500, 0.0
7.25000, 0.0
7.25500, 0.0
7.26000, 0.0
7.26500, 0.0
7.27000, 0.0
7.27500, 0.0
7.28000, 0.0
7.28500, 0.0
7.29000, 0.0
7.29500, 0.0
7.30000, 0.0
7.30500, 0.0
7.31000, 0.0
7.31500, 0.0
7.32000, 0.0
7.32500, 0.0
7.33000, 0.0
7.33500, 0.0
7.34000, 0.0
7.34500, 0.0
7.35000, 0.0
7.35500, 0.0
7.36000, 0.0
7.36500, 0.0
7.37000, 0.0
7.37500, 0.0
7.38000, 0.0
7.38500, 0.0
7.39000, 0.0
7.39500, 0.0
7.40000, 0.0
7.40500, 0.0
7.41000, 0.0
7.41500, 0.0
7.42000, 0.0
7.42500, 0.0
7.43000, 0.0
7.43500, 0.0
7.44000, 0.0
7.44500, 0.0
7.45000, 0.0
7.45500, 0.0
7.46000, 0.0
7.46500, 0.0
7.47000, 0.0
7.47500, 0.0
7.48000, 0.0
7.48500, 0.0
7.49000, 0.0
7.49500, 0.0
7.50000, 0.0
7.50500, 0.0
7.51000, 0.0
7.51500, 0.0
7.52000, 0.0
7.52500, 0.0
7.53000, 0.0
7.53500, 0.0
7.54000, 0.0
7.54500, 0.0
7.55000, 0.0
7.55500, 0.0
7.56000, 1.0
7.56500, 0.0
7.57000, 0.0
7.57500, 0.0
7.58000, 0.0
7.58500, 0.0
7.59000, 0.0
7.59500, 0.0
7.60000, 0.0
7.60500, 0.0
7.61000, 0.0
7.61500, 0.0
7.62000, 0.0
7.62500, 0.0
7.63000, 0.0
7.63500, 0.0
7.64000, 0.0
7.64500, 0.0
7.65000, 0.0
7.65500, 0.0
7.66000, 0.0
7.66500, 0.0
7.67000, 0.0
7.67500, 0.0
7.68000, 0.0
7.68500, 0.0
7.69000, 0.0
7.69500, 0.0
7.70000, 0.0
7.70500, 0.0
7.71000, 0.0
7.71500, 0.0
7.72000, 0.0
7.72500, 0.0
7.73000, 0.0
7.73500, 0.0
7.74000, 0.0
7.74500, 0.0
7.75000, 0.0
7.75500, 0.0
7.76000, 0.0
7.76500, 0.0
7.77000, 0.0
7.77500, 0.0
7.78000, 0.0
7.78500, 0.0
7.79000, 0.0
7.79500, 0.0
7.80000, 0.0
7.80500, 0.0
7.81000, 0.0
7.81500, 0.0
7.82000, 0.0
7.82500, 0.0
7.83000, 0.0
7.83500, 0.0
7.84000, 0.0
7.84500, 0.0
7.85000, 0.0
7.85500, 0.0
7.86000, 0.0
7.86500, 0.0
7.87000, 0.0
7.87500, 0.0
7.88000, 0.0
7.88500, 0.0
7.89000, 0.0
7.89500, 0.0
7.90000, 0.0
7.90500, 0.0
7.91000, 0.0
7.91500, 0.0
7.92000, 0.0
7.92500, 0.0
7.93000, 0.0
7.93500, 0.0
7.94000, 0.0
7.94500, 0.0
7.95000, 0.0
7.95500, 0.0
7.96000, 0.0
7.96500, 0.0
7.97000, 0.0
7.97500, 0.0
7.98000, 0.0
7.98500, 0.0
7.99000, 0.0
7.99500, 0.0
8.00000, 0.0
8.00500, 0.0
8.01000, 0.0
8.01500, 0.0
8.02000, 0.0
8.02500, 0.0
8.03000, 0.0
8.03500, 0.0
8.04000, 0.0
8.04500, 0.0
8.05000, 0.0
8.05500, 0.0
8.06000, 0.0
8.06500, 0.0
8.07000, 0.0
8.07500, 0.0
8.08000, 0.0
8.08500, 0.0
8.09000, 0.0
8.09500, 0.0
8.10000, 0.0
8.10500, 0.0
8.11000, 0.0
8.11500, 0.0
8.12000, 0.0
8.12500, 0.0
8.13000, 0.0
8.13500, 0.0
8.14000, 0.0
8.14500, 0.0
8.15000, 0.0
8.15500, 0.0
8.16000, 0.0
8.16500, 0.0
8.17000, 0.0
8.17500, 0.0
8.18000, 0.0
8.18500, 0.0
8.19000, 0.0
8.19500, 0.0
8.20000, 0.0
8.20500, 0.0
8.21000, 0.0
8.21500, 0.0
8.22000, 0.0
8.22500, 0.0
8.23000, 0.0
8.23500, 0.0
8.24000, 0.0
8.24500, 0.0
8.25000, 0.0
8.25500, 0.0
8.26000, 0.0
8.26500, 0.0
8.27000, 0.0
8.27500, 0.0
8.28000, 0.0
8.28500, 0.0
8.29000, 0.0
8.29500, 0.0
8.30000, 0.0
8.30500, 0.0
8.31000, 0.0
8.31500, 0.0
8.32000, 0.0
8.32500, 0.0
8.33000, 0.0
8.33500, 0.0
8.34000, 0.0
8.34500, 0.0
8.35000, 0.0
8.35500, 0.0
8.36000, 0.0
8.36500, 0.0
8.37000, 0.0
8.37500, 0.0
8.38000, 0.0
8.38500, 0.0
8.39000, 0.0
8.39500, 0.0
8.40000, 0.0
8.40500, 0.0
8.41000, 0.0
8.41500, 0.0
8.42000, 0.0
8.42500, 0.0
8.43000, 0.0
8.43500, 0.0
8.44000, 0.0
8.44500, 0.0
8.45000, 0.0
8.45500, 0.0
8.46000, 0.0
8.46500, 0.0
8.47000, 0.0
8.47500, 0.0
8.48000, 0.0
8.48500, 0.0
8.49000, 0.0
8.49500, 0.0
8.50000, 0.0
8.50500, 0.0
8.51000, 0.0
8.51500, 0.0
8.52000, 0.0
8.52500, 0.0
8.53000, 0.0
8.53500, 0.0
8.54000, 0.0
8.54500, 0.0
8.55000, 0.0
8.55500, 0.0
8.56000, 0.0
8.56500, 0.0
8.57000, 0.0
8.57500, 0.0
8.58000, 0.0
8.58500, 0.0
8.59000, 0.0
8.59500, 0.0
8.60000, 0.0
8.60500, 0.0
8.61000, 0.0
8.61500, 0.0
8.62000, 0.0
8.62500, 0.0
8.63000, 0.0
8.63500, 0.0
8.64000, 0.0
8.64500, 0.0
8.65000, 0.0
8.65500, 0.0
8.66000, 0.0
8.66500, 0.0
8.67000, 0.0
8.67500, 0.0
8.68000, 0.0
8.68500, 0.0
8.69000, 0.0
8.69500, 0.0
8.70000, 0.0
8.70500, 0.0
8.71000, 0.0
8.71500, 0.0
8.72000, 0.0
8.72500, 0.0
8.73000, 0.0
8.73500, 0.0
8.74000, 0.0
8.74500, 0.0
8.75000, 0.0
8.75500, 0.0
8.76000, 0.0
8.76500, 0.0
8.77000, 0.0
8.77500, 0.0
8.78000, 0.0
8.78500, 0.0
8.79000, 0.0
8.79500, 0.0
8.80000, 0.0
8.80500, 0.0
8.81000, 0.0
8.81500, 0.0
8.82000, 0.0
8.82500, 0.0
8.83000, 0.0
8.83500, 0.0
8.84000, 0.0
8.84500, 0.0
8.85000, 0.0
8.85500, 0.0
8.86000, 0.0
8.86500, 0.0
8.87000, 0.0
8.87500, 0.0
8.88000, 0.0
8.88500, 0.0
8.89000, 0.0
8.89500, 0.0
8.90000, 0.0
8.90500, 0.0
8.91000, 0.0
8.91500, 0.0
8.92000, 0.0
8.92500, 0.0
8.93000, 0.0
8.93500, 0.0
8.94000, 0.0
8.94500, 0.0
8.95000, 0.0
8.95500, 0.0
8.96000, 0.0
8.96500, 0.0
8.97000, 0.0
8.97500, 0.0
8.98000, 0.0
8.98500, 0.0
8.99000, 0.0
8.99500, 0.0
9.00000, 0.0
9.00500, 0.0
9.01000, 0.0
9.01500, 0.0
9.02000, 0.0
9.02500, 0.0
9.03000, 0.0
9.03500, 0.0
9.04000, 0.0
9.04500, 0.0
9.05000, 0.0
9.05500, 0.0
9.06000, 0.0
9.06500, 0.0
9.07000, 0.0
9.07500, 0.0
9.08000, 0.0
9.08500, 0.0
9.09000, 0.0
9.09500, 0.0
9.10000, 0.0
9.10500, 0.0
9.11000, 0.0
9.11500, 0.0
9.12000, 0.0
9.12500, 0.0
9.13000, 0.0
9.13500, 0.0
9.14000, 0.0
9.14500, 0.0
9.15000, 0.0
9.15500, 0.0
9.16000, 0.0
9.16500, 0.0
9.17000, 0.0
9.17500, 0.0
9.18000, 0.0
9.18500, 0.0
9.19000, 0.0
9.19500, 0.0
9.20000, 0.0
9.20500, 0.0
9.21000, 0.0
9.21500, 0.0
9.22000, 0.0
9.22500, 0.0
9.23000, 0.0
9.23500, 0.0
9.24000, 0.0
9.24500, 0.0
9.25000, 0.0
9.25500, 0.0
9.26000, 0.0
9.26500, 0.0
9.27000, 0.0
9.27500, 0.0
9.28000, 0.0
9.28500, 0.0
9.29000, 0.0
9.29500, 0.0
9.30000, 0.0
9.30500, 0.0
9.31000, 0.0
9.31500, 0.0
9.32000, 0.0
9.32500, 0.0
9.33000, 0.0
9.33500, 0.0
9.34000, 0.0
9.34500, 0.0
9.35000, 0.0
9.35500, 0.0
9.36000, 0.0
9.36500, 0.0
9.37000, 0.0
9.37500, 0.0
9.38000, 0.0
9.38500, 0.0
9.39000, 0.0
9.39500, 0.0
9.40000, 0.0
9.40500, 0.0
9.41000, 0.0
9.41500, 0.0
9.42000, 0.0
9.42500, 0.0
9.43000, 0.0
9.43500, 0.0
9.44000, 0.0
9.44500, 0.0
9.45000, 0.0
9.45500, 0.0
9.46000, 0.0
9.46500, 0.0
9.47000, 0.0
9.47500, 0.0
9.48000, 0.0
9.48500, 0.0
9.49000, 0.0
9.49500, 0.0
9.50000, 0.0
9.50500, 0.0
9.51000, 0.0
9.51500, 0.0
9.52000, 0.0
9.52500, 0.0
9.53000, 0.0
9.53500, 0.0
9.54000, 0.0
9.54500, 0.0
9.55000, 0.0
9.55500, 0.0
9.56000, 0.0
9.56500, 0.0
9.57000, 0.0
9.57500, 0.0
9.58000, 0.0
9.58500, 0.0
9.59000, 0.0
9.59500, 0.0
9.60000, 0.0
9.60500, 0.0
9.61000, 0.0
9.61500, 0.0
9.62000, 0.0
9.62500, 0.0
9.63000, 0.0
9.63500, 0.0
9.64000, 0.0
9.64500, 0.0
9.65000, 0.0
9.65500, 0.0
9.66000, 0.0
9.66500, 0.0
9.67000, 0.0
9.67500, 0.0
9.68000, 0.0
9.68500, 0.0
9.69000, 0.0
9.69500, 0.0
9.70000, 0.0
9.70500, 0.0
9.71000, 0.0
9.71500, 0.0
9.72000, 0.0
9.72500, 0.0
9.73000, 0.0
9.73500, 0.0
9.74000, 0.0
9.74500, 0.0
9.75000, 0.0
9.75500, 0.0
9.76000, 0.0
9.76500, 0.0
9.77000, 0.0
9.77500, 0.0
9.78000, 0.0
9.78500, 0.0
9.79000, 0.0
9.79500, 0.0
9.80000, 0.0
9.80500, 0.0
9.81000, 0.0
9.81500, 0.0
9.82000, 0.0
9.82500, 0.0
9.83000, 0.0
9.83500, 0.0
9.84000, 0.0
9.84500, 0.0
9.85000, 0.0
9.85500, 0.0
9.86000, 0.0
9.86500, 0.0
9.87000, 0.0
9.87500, 0.0
9.88000, 0.0
9.88500, 0.0
9.89000, 0.0
9.89500, 0.0
9.90000, 0.0
9.90500, 0.0
9.91000, 0.0
9.91500, 0.0
9.92000, 0.0
9.92500, 0.0
9.93000, 0.0
9.93500, 0.0
9.94000, 0.0
9.94500, 0.0
9.95000, 0.0
9.95500, 0.0
9.96000, 0.0
9.96500, 0.0
9.97000, 0.0
9.97500, 0.0
9.98000, 0.0
9.98500, 0.0
9.99000, 0.0
9.99500, 0.0
10.00000, 0.0
10.00500, 0.0
10.01000, 0.0
10.01500, 0.0
10.02000, 0.0
10.02500, 0.0
10.03000, 0.0
10.03500, 0.0
10.04000, 0.0
10.04500, 0.0
10.05000, 0.0
10.05500, 0.0
10.06000, 0.0
10.06500, 0.0
10.07000, 0.0
10.07500, 0.0
10.08000, 0.0
10.08500, 0.0
10.09000, 0.0
10.09500, 0.0
10.10000, 0.0
10.10500, 0.0
10.11000, 0.0
10.11500, 0.0
10.12000, 0.0
10.12500, 0.0
10.13000, 0.0
10.13500, 0.0
#ENDOFDATA   : 
