#FORMAT      : EMSA/MAS Spectral Data File
#VERSION     : 1.0
#TITLE       : 20250425_10K_D2_3
#DATE        : 24-APR-2025
#TIME        : 10:29
#OWNER       : 
#NPOINTS     : 2048.0
#NCOLUMNS    : 1.0
#XUNITS      : keV
#YUNITS      : counts
#DATATYPE    : XY
#XPERCHAN    : 0.005
#OFFSET      : -0.1
#SIGNALTYPE  : EDS
#CHOFFSET    : 20.0
#LIVETIME    : 60.01228714
#REALTIME    : 61.911087036
#BEAMKV      : 10.0
#MAGCAM      : 1800.0
#XTILTSTGE   : 0.0
#AZIMANGLE   : 0.0
#ELEVANGLE   : 29.0
#XPOSITION mm: 2.4460
#YPOSITION mm: 0.1345
#ZPOSITION mm: 13.5200
##OXINSTPT   : 2
##OXINSTSTROB: 67.50
#SPECTRUM    : Spectral Data Starts Here
-0.10000, 0.0
-0.09500, 0.0
-0.09000, 1.0
-0.08500, 0.0
-0.08000, 1.0
-0.07500, 1.0
-0.07000, 0.0
-0.06500, 2.0
-0.06000, 4.0
-0.05500, 11.0
-0.05000, 13.0
-0.04500, 21.0
-0.04000, 28.0
-0.03500, 43.0
-0.03000, 63.0
-0.02500, 96.0
-0.02000, 127.0
-0.01500, 168.0
-0.01000, 242.0
-0.00500, 306.0
0.00000, 393.0
0.00500, 515.0
0.01000, 592.0
0.01500, 665.0
0.02000, 747.0
0.02500, 842.0
0.03000, 917.0
0.03500, 1037.0
0.04000, 1054.0
0.04500, 1087.0
0.05000, 1078.0
0.05500, 1074.0
0.06000, 958.0
0.06500, 852.0
0.07000, 774.0
0.07500, 732.0
0.08000, 652.0
0.08500, 578.0
0.09000, 428.0
0.09500, 365.0
0.10000, 306.0
0.10500, 226.0
0.11000, 189.0
0.11500, 146.0
0.12000, 115.0
0.12500, 91.0
0.13000, 73.0
0.13500, 68.0
0.14000, 58.0
0.14500, 59.0
0.15000, 59.0
0.15500, 68.0
0.16000, 57.0
0.16500, 50.0
0.17000, 43.0
0.17500, 44.0
0.18000, 53.0
0.18500, 50.0
0.19000, 54.0
0.19500, 52.0
0.20000, 59.0
0.20500, 62.0
0.21000, 69.0
0.21500, 68.0
0.22000, 64.0
0.22500, 77.0
0.23000, 91.0
0.23500, 92.0
0.24000, 88.0
0.24500, 95.0
0.25000, 102.0
0.25500, 120.0
0.26000, 119.0
0.26500, 117.0
0.27000, 112.0
0.27500, 124.0
0.28000, 116.0
0.28500, 114.0
0.29000, 120.0
0.29500, 109.0
0.30000, 109.0
0.30500, 109.0
0.31000, 100.0
0.31500, 93.0
0.32000, 89.0
0.32500, 87.0
0.33000, 84.0
0.33500, 80.0
0.34000, 74.0
0.34500, 75.0
0.35000, 78.0
0.35500, 93.0
0.36000, 94.0
0.36500, 85.0
0.37000, 101.0
0.37500, 102.0
0.38000, 115.0
0.38500, 105.0
0.39000, 125.0
0.39500, 137.0
0.40000, 152.0
0.40500, 168.0
0.41000, 179.0
0.41500, 196.0
0.42000, 231.0
0.42500, 271.0
0.43000, 330.0
0.43500, 397.0
0.44000, 524.0
0.44500, 656.0
0.45000, 860.0
0.45500, 1090.0
0.46000, 1366.0
0.46500, 1716.0
0.47000, 2094.0
0.47500, 2500.0
0.48000, 2984.0
0.48500, 3528.0
0.49000, 4042.0
0.49500, 4620.0
0.50000, 5169.0
0.50500, 5602.0
0.51000, 5891.0
0.51500, 6258.0
0.52000, 6281.0
0.52500, 6322.0
0.53000, 6157.0
0.53500, 5870.0
0.54000, 5485.0
0.54500, 5088.0
0.55000, 4490.0
0.55500, 3848.0
0.56000, 3355.0
0.56500, 2738.0
0.57000, 2200.0
0.57500, 1818.0
0.58000, 1427.0
0.58500, 1115.0
0.59000, 848.0
0.59500, 613.0
0.60000, 451.0
0.60500, 327.0
0.61000, 244.0
0.61500, 220.0
0.62000, 186.0
0.62500, 138.0
0.63000, 116.0
0.63500, 109.0
0.64000, 91.0
0.64500, 94.0
0.65000, 99.0
0.65500, 103.0
0.66000, 95.0
0.66500, 103.0
0.67000, 116.0
0.67500, 103.0
0.68000, 96.0
0.68500, 112.0
0.69000, 121.0
0.69500, 117.0
0.70000, 99.0
0.70500, 115.0
0.71000, 109.0
0.71500, 107.0
0.72000, 115.0
0.72500, 126.0
0.73000, 132.0
0.73500, 129.0
0.74000, 151.0
0.74500, 136.0
0.75000, 127.0
0.75500, 140.0
0.76000, 140.0
0.76500, 156.0
0.77000, 155.0
0.77500, 151.0
0.78000, 135.0
0.78500, 147.0
0.79000, 143.0
0.79500, 133.0
0.80000, 143.0
0.80500, 165.0
0.81000, 137.0
0.81500, 139.0
0.82000, 170.0
0.82500, 174.0
0.83000, 136.0
0.83500, 152.0
0.84000, 161.0
0.84500, 170.0
0.85000, 157.0
0.85500, 172.0
0.86000, 171.0
0.86500, 167.0
0.87000, 172.0
0.87500, 192.0
0.88000, 169.0
0.88500, 182.0
0.89000, 194.0
0.89500, 176.0
0.90000, 182.0
0.90500, 181.0
0.91000, 177.0
0.91500, 164.0
0.92000, 187.0
0.92500, 182.0
0.93000, 174.0
0.93500, 173.0
0.94000, 185.0
0.94500, 167.0
0.95000, 178.0
0.95500, 190.0
0.96000, 205.0
0.96500, 198.0
0.97000, 193.0
0.97500, 190.0
0.98000, 180.0
0.98500, 168.0
0.99000, 184.0
0.99500, 202.0
1.00000, 199.0
1.00500, 199.0
1.01000, 200.0
1.01500, 209.0
1.02000, 189.0
1.02500, 179.0
1.03000, 181.0
1.03500, 202.0
1.04000, 208.0
1.04500, 199.0
1.05000, 203.0
1.05500, 218.0
1.06000, 200.0
1.06500, 191.0
1.07000, 202.0
1.07500, 181.0
1.08000, 205.0
1.08500, 210.0
1.09000, 184.0
1.09500, 191.0
1.10000, 194.0
1.10500, 214.0
1.11000, 214.0
1.11500, 211.0
1.12000, 187.0
1.12500, 208.0
1.13000, 211.0
1.13500, 186.0
1.14000, 195.0
1.14500, 209.0
1.15000, 189.0
1.15500, 189.0
1.16000, 203.0
1.16500, 203.0
1.17000, 181.0
1.17500, 188.0
1.18000, 181.0
1.18500, 198.0
1.19000, 187.0
1.19500, 193.0
1.20000, 199.0
1.20500, 202.0
1.21000, 205.0
1.21500, 212.0
1.22000, 197.0
1.22500, 209.0
1.23000, 215.0
1.23500, 222.0
1.24000, 208.0
1.24500, 191.0
1.25000, 201.0
1.25500, 187.0
1.26000, 216.0
1.26500, 178.0
1.27000, 194.0
1.27500, 186.0
1.28000, 187.0
1.28500, 171.0
1.29000, 192.0
1.29500, 206.0
1.30000, 195.0
1.30500, 200.0
1.31000, 212.0
1.31500, 201.0
1.32000, 201.0
1.32500, 181.0
1.33000, 196.0
1.33500, 176.0
1.34000, 190.0
1.34500, 197.0
1.35000, 203.0
1.35500, 205.0
1.36000, 225.0
1.36500, 189.0
1.37000, 207.0
1.37500, 201.0
1.38000, 202.0
1.38500, 193.0
1.39000, 186.0
1.39500, 219.0
1.40000, 210.0
1.40500, 211.0
1.41000, 215.0
1.41500, 205.0
1.42000, 198.0
1.42500, 195.0
1.43000, 197.0
1.43500, 206.0
1.44000, 207.0
1.44500, 201.0
1.45000, 213.0
1.45500, 203.0
1.46000, 213.0
1.46500, 206.0
1.47000, 208.0
1.47500, 206.0
1.48000, 215.0
1.48500, 228.0
1.49000, 237.0
1.49500, 221.0
1.50000, 219.0
1.50500, 233.0
1.51000, 227.0
1.51500, 226.0
1.52000, 228.0
1.52500, 220.0
1.53000, 237.0
1.53500, 240.0
1.54000, 251.0
1.54500, 231.0
1.55000, 232.0
1.55500, 220.0
1.56000, 241.0
1.56500, 205.0
1.57000, 234.0
1.57500, 229.0
1.58000, 214.0
1.58500, 238.0
1.59000, 238.0
1.59500, 253.0
1.60000, 244.0
1.60500, 261.0
1.61000, 270.0
1.61500, 315.0
1.62000, 355.0
1.62500, 433.0
1.63000, 510.0
1.63500, 623.0
1.64000, 755.0
1.64500, 948.0
1.65000, 1206.0
1.65500, 1529.0
1.66000, 1985.0
1.66500, 2465.0
1.67000, 3036.0
1.67500, 3788.0
1.68000, 4635.0
1.68500, 5362.0
1.69000, 6353.0
1.69500, 7406.0
1.70000, 8443.0
1.70500, 9750.0
1.71000, 10952.0
1.71500, 11849.0
1.72000, 12770.0
1.72500, 13476.0
1.73000, 14063.0
1.73500, 14614.0
1.74000, 14745.0
1.74500, 14760.0
1.75000, 14662.0
1.75500, 14115.0
1.76000, 13605.0
1.76500, 12860.0
1.77000, 11897.0
1.77500, 10958.0
1.78000, 9686.0
1.78500, 8691.0
1.79000, 7683.0
1.79500, 6729.0
1.80000, 5808.0
1.80500, 4872.0
1.81000, 4104.0
1.81500, 3452.0
1.82000, 2923.0
1.82500, 2490.0
1.83000, 2122.0
1.83500, 1771.0
1.84000, 1453.0
1.84500, 1183.0
1.85000, 1061.0
1.85500, 913.0
1.86000, 815.0
1.86500, 729.0
1.87000, 613.0
1.87500, 514.0
1.88000, 446.0
1.88500, 411.0
1.89000, 346.0
1.89500, 309.0
1.90000, 277.0
1.90500, 259.0
1.91000, 190.0
1.91500, 195.0
1.92000, 167.0
1.92500, 145.0
1.93000, 121.0
1.93500, 128.0
1.94000, 105.0
1.94500, 115.0
1.95000, 96.0
1.95500, 98.0
1.96000, 83.0
1.96500, 72.0
1.97000, 77.0
1.97500, 94.0
1.98000, 101.0
1.98500, 90.0
1.99000, 80.0
1.99500, 73.0
2.00000, 97.0
2.00500, 91.0
2.01000, 80.0
2.01500, 94.0
2.02000, 94.0
2.02500, 82.0
2.03000, 85.0
2.03500, 88.0
2.04000, 95.0
2.04500, 96.0
2.05000, 89.0
2.05500, 90.0
2.06000, 74.0
2.06500, 79.0
2.07000, 83.0
2.07500, 87.0
2.08000, 82.0
2.08500, 83.0
2.09000, 87.0
2.09500, 90.0
2.10000, 88.0
2.10500, 80.0
2.11000, 86.0
2.11500, 86.0
2.12000, 97.0
2.12500, 107.0
2.13000, 97.0
2.13500, 72.0
2.14000, 88.0
2.14500, 97.0
2.15000, 71.0
2.15500, 84.0
2.16000, 92.0
2.16500, 89.0
2.17000, 86.0
2.17500, 79.0
2.18000, 87.0
2.18500, 86.0
2.19000, 94.0
2.19500, 81.0
2.20000, 86.0
2.20500, 86.0
2.21000, 83.0
2.21500, 103.0
2.22000, 96.0
2.22500, 108.0
2.23000, 119.0
2.23500, 95.0
2.24000, 106.0
2.24500, 115.0
2.25000, 100.0
2.25500, 120.0
2.26000, 94.0
2.26500, 95.0
2.27000, 109.0
2.27500, 109.0
2.28000, 110.0
2.28500, 104.0
2.29000, 100.0
2.29500, 92.0
2.30000, 95.0
2.30500, 103.0
2.31000, 112.0
2.31500, 98.0
2.32000, 107.0
2.32500, 99.0
2.33000, 101.0
2.33500, 102.0
2.34000, 100.0
2.34500, 90.0
2.35000, 110.0
2.35500, 84.0
2.36000, 106.0
2.36500, 89.0
2.37000, 109.0
2.37500, 90.0
2.38000, 75.0
2.38500, 86.0
2.39000, 84.0
2.39500, 83.0
2.40000, 87.0
2.40500, 80.0
2.41000, 95.0
2.41500, 85.0
2.42000, 89.0
2.42500, 75.0
2.43000, 78.0
2.43500, 77.0
2.44000, 75.0
2.44500, 75.0
2.45000, 99.0
2.45500, 95.0
2.46000, 82.0
2.46500, 84.0
2.47000, 71.0
2.47500, 85.0
2.48000, 73.0
2.48500, 75.0
2.49000, 84.0
2.49500, 87.0
2.50000, 79.0
2.50500, 78.0
2.51000, 69.0
2.51500, 86.0
2.52000, 83.0
2.52500, 74.0
2.53000, 61.0
2.53500, 67.0
2.54000, 83.0
2.54500, 91.0
2.55000, 77.0
2.55500, 82.0
2.56000, 93.0
2.56500, 82.0
2.57000, 77.0
2.57500, 77.0
2.58000, 64.0
2.58500, 74.0
2.59000, 89.0
2.59500, 83.0
2.60000, 90.0
2.60500, 69.0
2.61000, 75.0
2.61500, 88.0
2.62000, 77.0
2.62500, 64.0
2.63000, 68.0
2.63500, 77.0
2.64000, 75.0
2.64500, 93.0
2.65000, 69.0
2.65500, 75.0
2.66000, 70.0
2.66500, 79.0
2.67000, 78.0
2.67500, 75.0
2.68000, 83.0
2.68500, 79.0
2.69000, 75.0
2.69500, 63.0
2.70000, 81.0
2.70500, 69.0
2.71000, 74.0
2.71500, 82.0
2.72000, 65.0
2.72500, 65.0
2.73000, 73.0
2.73500, 77.0
2.74000, 71.0
2.74500, 77.0
2.75000, 84.0
2.75500, 77.0
2.76000, 64.0
2.76500, 66.0
2.77000, 82.0
2.77500, 71.0
2.78000, 77.0
2.78500, 83.0
2.79000, 70.0
2.79500, 56.0
2.80000, 63.0
2.80500, 79.0
2.81000, 73.0
2.81500, 68.0
2.82000, 77.0
2.82500, 73.0
2.83000, 75.0
2.83500, 72.0
2.84000, 69.0
2.84500, 74.0
2.85000, 70.0
2.85500, 77.0
2.86000, 65.0
2.86500, 66.0
2.87000, 76.0
2.87500, 78.0
2.88000, 62.0
2.88500, 61.0
2.89000, 52.0
2.89500, 58.0
2.90000, 64.0
2.90500, 68.0
2.91000, 71.0
2.91500, 63.0
2.92000, 60.0
2.92500, 63.0
2.93000, 68.0
2.93500, 79.0
2.94000, 76.0
2.94500, 72.0
2.95000, 63.0
2.95500, 64.0
2.96000, 75.0
2.96500, 74.0
2.97000, 70.0
2.97500, 64.0
2.98000, 65.0
2.98500, 63.0
2.99000, 72.0
2.99500, 65.0
3.00000, 66.0
3.00500, 62.0
3.01000, 62.0
3.01500, 61.0
3.02000, 70.0
3.02500, 58.0
3.03000, 62.0
3.03500, 61.0
3.04000, 60.0
3.04500, 63.0
3.05000, 47.0
3.05500, 55.0
3.06000, 49.0
3.06500, 65.0
3.07000, 55.0
3.07500, 68.0
3.08000, 69.0
3.08500, 71.0
3.09000, 68.0
3.09500, 63.0
3.10000, 71.0
3.10500, 65.0
3.11000, 61.0
3.11500, 75.0
3.12000, 54.0
3.12500, 60.0
3.13000, 63.0
3.13500, 57.0
3.14000, 65.0
3.14500, 58.0
3.15000, 65.0
3.15500, 63.0
3.16000, 74.0
3.16500, 61.0
3.17000, 73.0
3.17500, 54.0
3.18000, 76.0
3.18500, 73.0
3.19000, 66.0
3.19500, 68.0
3.20000, 67.0
3.20500, 70.0
3.21000, 61.0
3.21500, 57.0
3.22000, 49.0
3.22500, 53.0
3.23000, 72.0
3.23500, 71.0
3.24000, 50.0
3.24500, 56.0
3.25000, 63.0
3.25500, 68.0
3.26000, 55.0
3.26500, 59.0
3.27000, 63.0
3.27500, 55.0
3.28000, 63.0
3.28500, 66.0
3.29000, 55.0
3.29500, 62.0
3.30000, 48.0
3.30500, 58.0
3.31000, 62.0
3.31500, 65.0
3.32000, 49.0
3.32500, 49.0
3.33000, 51.0
3.33500, 66.0
3.34000, 57.0
3.34500, 52.0
3.35000, 62.0
3.35500, 63.0
3.36000, 60.0
3.36500, 65.0
3.37000, 56.0
3.37500, 56.0
3.38000, 59.0
3.38500, 56.0
3.39000, 64.0
3.39500, 44.0
3.40000, 61.0
3.40500, 55.0
3.41000, 69.0
3.41500, 68.0
3.42000, 57.0
3.42500, 81.0
3.43000, 66.0
3.43500, 64.0
3.44000, 67.0
3.44500, 61.0
3.45000, 85.0
3.45500, 89.0
3.46000, 90.0
3.46500, 86.0
3.47000, 85.0
3.47500, 80.0
3.48000, 76.0
3.48500, 85.0
3.49000, 69.0
3.49500, 77.0
3.50000, 77.0
3.50500, 74.0
3.51000, 79.0
3.51500, 78.0
3.52000, 66.0
3.52500, 62.0
3.53000, 73.0
3.53500, 65.0
3.54000, 70.0
3.54500, 71.0
3.55000, 72.0
3.55500, 69.0
3.56000, 59.0
3.56500, 66.0
3.57000, 59.0
3.57500, 66.0
3.58000, 50.0
3.58500, 68.0
3.59000, 60.0
3.59500, 57.0
3.60000, 47.0
3.60500, 58.0
3.61000, 63.0
3.61500, 62.0
3.62000, 57.0
3.62500, 47.0
3.63000, 46.0
3.63500, 50.0
3.64000, 50.0
3.64500, 48.0
3.65000, 55.0
3.65500, 56.0
3.66000, 47.0
3.66500, 63.0
3.67000, 54.0
3.67500, 47.0
3.68000, 49.0
3.68500, 55.0
3.69000, 55.0
3.69500, 60.0
3.70000, 47.0
3.70500, 38.0
3.71000, 55.0
3.71500, 41.0
3.72000, 43.0
3.72500, 41.0
3.73000, 52.0
3.73500, 49.0
3.74000, 53.0
3.74500, 53.0
3.75000, 42.0
3.75500, 49.0
3.76000, 41.0
3.76500, 39.0
3.77000, 53.0
3.77500, 43.0
3.78000, 39.0
3.78500, 43.0
3.79000, 54.0
3.79500, 55.0
3.80000, 42.0
3.80500, 40.0
3.81000, 48.0
3.81500, 50.0
3.82000, 55.0
3.82500, 43.0
3.83000, 51.0
3.83500, 50.0
3.84000, 45.0
3.84500, 40.0
3.85000, 50.0
3.85500, 54.0
3.86000, 44.0
3.86500, 56.0
3.87000, 39.0
3.87500, 47.0
3.88000, 51.0
3.88500, 50.0
3.89000, 40.0
3.89500, 47.0
3.90000, 44.0
3.90500, 45.0
3.91000, 46.0
3.91500, 51.0
3.92000, 45.0
3.92500, 47.0
3.93000, 55.0
3.93500, 44.0
3.94000, 46.0
3.94500, 47.0
3.95000, 40.0
3.95500, 48.0
3.96000, 52.0
3.96500, 48.0
3.97000, 35.0
3.97500, 47.0
3.98000, 48.0
3.98500, 40.0
3.99000, 43.0
3.99500, 52.0
4.00000, 39.0
4.00500, 41.0
4.01000, 47.0
4.01500, 45.0
4.02000, 52.0
4.02500, 45.0
4.03000, 45.0
4.03500, 39.0
4.04000, 49.0
4.04500, 38.0
4.05000, 37.0
4.05500, 42.0
4.06000, 47.0
4.06500, 39.0
4.07000, 37.0
4.07500, 36.0
4.08000, 48.0
4.08500, 49.0
4.09000, 49.0
4.09500, 40.0
4.10000, 37.0
4.10500, 34.0
4.11000, 40.0
4.11500, 32.0
4.12000, 37.0
4.12500, 43.0
4.13000, 44.0
4.13500, 47.0
4.14000, 43.0
4.14500, 41.0
4.15000, 53.0
4.15500, 44.0
4.16000, 41.0
4.16500, 38.0
4.17000, 37.0
4.17500, 43.0
4.18000, 35.0
4.18500, 38.0
4.19000, 44.0
4.19500, 48.0
4.20000, 50.0
4.20500, 41.0
4.21000, 37.0
4.21500, 37.0
4.22000, 33.0
4.22500, 36.0
4.23000, 41.0
4.23500, 41.0
4.24000, 37.0
4.24500, 42.0
4.25000, 45.0
4.25500, 35.0
4.26000, 36.0
4.26500, 37.0
4.27000, 36.0
4.27500, 37.0
4.28000, 32.0
4.28500, 37.0
4.29000, 40.0
4.29500, 45.0
4.30000, 36.0
4.30500, 44.0
4.31000, 32.0
4.31500, 35.0
4.32000, 31.0
4.32500, 38.0
4.33000, 36.0
4.33500, 33.0
4.34000, 41.0
4.34500, 40.0
4.35000, 39.0
4.35500, 39.0
4.36000, 38.0
4.36500, 34.0
4.37000, 44.0
4.37500, 42.0
4.38000, 41.0
4.38500, 48.0
4.39000, 34.0
4.39500, 35.0
4.40000, 30.0
4.40500, 36.0
4.41000, 30.0
4.41500, 38.0
4.42000, 46.0
4.42500, 42.0
4.43000, 36.0
4.43500, 33.0
4.44000, 35.0
4.44500, 38.0
4.45000, 33.0
4.45500, 33.0
4.46000, 38.0
4.46500, 32.0
4.47000, 33.0
4.47500, 24.0
4.48000, 34.0
4.48500, 40.0
4.49000, 32.0
4.49500, 43.0
4.50000, 33.0
4.50500, 33.0
4.51000, 34.0
4.51500, 38.0
4.52000, 37.0
4.52500, 32.0
4.53000, 27.0
4.53500, 28.0
4.54000, 30.0
4.54500, 34.0
4.55000, 28.0
4.55500, 34.0
4.56000, 25.0
4.56500, 37.0
4.57000, 41.0
4.57500, 36.0
4.58000, 33.0
4.58500, 44.0
4.59000, 34.0
4.59500, 28.0
4.60000, 43.0
4.60500, 34.0
4.61000, 37.0
4.61500, 35.0
4.62000, 33.0
4.62500, 28.0
4.63000, 33.0
4.63500, 30.0
4.64000, 29.0
4.64500, 31.0
4.65000, 25.0
4.65500, 36.0
4.66000, 32.0
4.66500, 32.0
4.67000, 29.0
4.67500, 34.0
4.68000, 38.0
4.68500, 32.0
4.69000, 26.0
4.69500, 41.0
4.70000, 37.0
4.70500, 40.0
4.71000, 25.0
4.71500, 31.0
4.72000, 35.0
4.72500, 33.0
4.73000, 25.0
4.73500, 27.0
4.74000, 34.0
4.74500, 24.0
4.75000, 36.0
4.75500, 36.0
4.76000, 30.0
4.76500, 31.0
4.77000, 35.0
4.77500, 38.0
4.78000, 36.0
4.78500, 28.0
4.79000, 41.0
4.79500, 26.0
4.80000, 32.0
4.80500, 30.0
4.81000, 25.0
4.81500, 30.0
4.82000, 35.0
4.82500, 33.0
4.83000, 27.0
4.83500, 34.0
4.84000, 29.0
4.84500, 22.0
4.85000, 28.0
4.85500, 28.0
4.86000, 44.0
4.86500, 37.0
4.87000, 28.0
4.87500, 38.0
4.88000, 24.0
4.88500, 31.0
4.89000, 30.0
4.89500, 36.0
4.90000, 37.0
4.90500, 33.0
4.91000, 36.0
4.91500, 28.0
4.92000, 35.0
4.92500, 36.0
4.93000, 28.0
4.93500, 30.0
4.94000, 31.0
4.94500, 32.0
4.95000, 37.0
4.95500, 27.0
4.96000, 31.0
4.96500, 29.0
4.97000, 24.0
4.97500, 27.0
4.98000, 24.0
4.98500, 33.0
4.99000, 26.0
4.99500, 31.0
5.00000, 25.0
5.00500, 33.0
5.01000, 31.0
5.01500, 29.0
5.02000, 37.0
5.02500, 32.0
5.03000, 21.0
5.03500, 25.0
5.04000, 36.0
5.04500, 23.0
5.05000, 26.0
5.05500, 20.0
5.06000, 27.0
5.06500, 33.0
5.07000, 25.0
5.07500, 30.0
5.08000, 32.0
5.08500, 23.0
5.09000, 32.0
5.09500, 31.0
5.10000, 28.0
5.10500, 32.0
5.11000, 27.0
5.11500, 30.0
5.12000, 30.0
5.12500, 30.0
5.13000, 27.0
5.13500, 25.0
5.14000, 27.0
5.14500, 27.0
5.15000, 18.0
5.15500, 23.0
5.16000, 17.0
5.16500, 23.0
5.17000, 23.0
5.17500, 32.0
5.18000, 26.0
5.18500, 26.0
5.19000, 18.0
5.19500, 23.0
5.20000, 24.0
5.20500, 17.0
5.21000, 23.0
5.21500, 27.0
5.22000, 19.0
5.22500, 26.0
5.23000, 20.0
5.23500, 31.0
5.24000, 23.0
5.24500, 25.0
5.25000, 28.0
5.25500, 21.0
5.26000, 22.0
5.26500, 21.0
5.27000, 28.0
5.27500, 21.0
5.28000, 27.0
5.28500, 31.0
5.29000, 21.0
5.29500, 27.0
5.30000, 22.0
5.30500, 32.0
5.31000, 33.0
5.31500, 27.0
5.32000, 33.0
5.32500, 19.0
5.33000, 24.0
5.33500, 21.0
5.34000, 25.0
5.34500, 27.0
5.35000, 27.0
5.35500, 33.0
5.36000, 21.0
5.36500, 22.0
5.37000, 32.0
5.37500, 24.0
5.38000, 24.0
5.38500, 23.0
5.39000, 25.0
5.39500, 27.0
5.40000, 22.0
5.40500, 26.0
5.41000, 29.0
5.41500, 19.0
5.42000, 32.0
5.42500, 32.0
5.43000, 18.0
5.43500, 23.0
5.44000, 27.0
5.44500, 26.0
5.45000, 25.0
5.45500, 18.0
5.46000, 20.0
5.46500, 24.0
5.47000, 28.0
5.47500, 23.0
5.48000, 18.0
5.48500, 20.0
5.49000, 20.0
5.49500, 18.0
5.50000, 17.0
5.50500, 15.0
5.51000, 19.0
5.51500, 22.0
5.52000, 26.0
5.52500, 18.0
5.53000, 25.0
5.53500, 17.0
5.54000, 26.0
5.54500, 28.0
5.55000, 20.0
5.55500, 25.0
5.56000, 14.0
5.56500, 24.0
5.57000, 20.0
5.57500, 23.0
5.58000, 26.0
5.58500, 24.0
5.59000, 31.0
5.59500, 27.0
5.60000, 31.0
5.60500, 21.0
5.61000, 24.0
5.61500, 17.0
5.62000, 22.0
5.62500, 16.0
5.63000, 15.0
5.63500, 25.0
5.64000, 16.0
5.64500, 19.0
5.65000, 20.0
5.65500, 28.0
5.66000, 20.0
5.66500, 19.0
5.67000, 25.0
5.67500, 18.0
5.68000, 17.0
5.68500, 21.0
5.69000, 29.0
5.69500, 16.0
5.70000, 30.0
5.70500, 17.0
5.71000, 24.0
5.71500, 26.0
5.72000, 18.0
5.72500, 15.0
5.73000, 19.0
5.73500, 19.0
5.74000, 27.0
5.74500, 18.0
5.75000, 18.0
5.75500, 18.0
5.76000, 18.0
5.76500, 23.0
5.77000, 16.0
5.77500, 15.0
5.78000, 21.0
5.78500, 19.0
5.79000, 19.0
5.79500, 20.0
5.80000, 30.0
5.80500, 19.0
5.81000, 13.0
5.81500, 23.0
5.82000, 15.0
5.82500, 22.0
5.83000, 23.0
5.83500, 14.0
5.84000, 23.0
5.84500, 20.0
5.85000, 17.0
5.85500, 16.0
5.86000, 20.0
5.86500, 18.0
5.87000, 22.0
5.87500, 21.0
5.88000, 17.0
5.88500, 20.0
5.89000, 16.0
5.89500, 14.0
5.90000, 11.0
5.90500, 18.0
5.91000, 16.0
5.91500, 17.0
5.92000, 16.0
5.92500, 20.0
5.93000, 13.0
5.93500, 22.0
5.94000, 21.0
5.94500, 19.0
5.95000, 16.0
5.95500, 23.0
5.96000, 13.0
5.96500, 24.0
5.97000, 18.0
5.97500, 17.0
5.98000, 15.0
5.98500, 18.0
5.99000, 20.0
5.99500, 21.0
6.00000, 16.0
6.00500, 17.0
6.01000, 22.0
6.01500, 15.0
6.02000, 23.0
6.02500, 17.0
6.03000, 14.0
6.03500, 20.0
6.04000, 26.0
6.04500, 23.0
6.05000, 16.0
6.05500, 20.0
6.06000, 16.0
6.06500, 18.0
6.07000, 18.0
6.07500, 20.0
6.08000, 22.0
6.08500, 17.0
6.09000, 25.0
6.09500, 17.0
6.10000, 15.0
6.10500, 17.0
6.11000, 15.0
6.11500, 19.0
6.12000, 18.0
6.12500, 20.0
6.13000, 20.0
6.13500, 21.0
6.14000, 17.0
6.14500, 22.0
6.15000, 16.0
6.15500, 19.0
6.16000, 15.0
6.16500, 25.0
6.17000, 15.0
6.17500, 21.0
6.18000, 22.0
6.18500, 22.0
6.19000, 15.0
6.19500, 17.0
6.20000, 20.0
6.20500, 20.0
6.21000, 13.0
6.21500, 13.0
6.22000, 22.0
6.22500, 16.0
6.23000, 16.0
6.23500, 15.0
6.24000, 17.0
6.24500, 12.0
6.25000, 17.0
6.25500, 14.0
6.26000, 13.0
6.26500, 10.0
6.27000, 18.0
6.27500, 17.0
6.28000, 17.0
6.28500, 19.0
6.29000, 11.0
6.29500, 14.0
6.30000, 23.0
6.30500, 17.0
6.31000, 16.0
6.31500, 20.0
6.32000, 13.0
6.32500, 14.0
6.33000, 12.0
6.33500, 13.0
6.34000, 10.0
6.34500, 16.0
6.35000, 15.0
6.35500, 20.0
6.36000, 15.0
6.36500, 13.0
6.37000, 13.0
6.37500, 15.0
6.38000, 18.0
6.38500, 17.0
6.39000, 16.0
6.39500, 18.0
6.40000, 11.0
6.40500, 8.0
6.41000, 14.0
6.41500, 25.0
6.42000, 15.0
6.42500, 17.0
6.43000, 18.0
6.43500, 13.0
6.44000, 14.0
6.44500, 12.0
6.45000, 14.0
6.45500, 18.0
6.46000, 10.0
6.46500, 17.0
6.47000, 19.0
6.47500, 22.0
6.48000, 10.0
6.48500, 9.0
6.49000, 12.0
6.49500, 12.0
6.50000, 11.0
6.50500, 16.0
6.51000, 7.0
6.51500, 14.0
6.52000, 19.0
6.52500, 15.0
6.53000, 13.0
6.53500, 28.0
6.54000, 19.0
6.54500, 17.0
6.55000, 15.0
6.55500, 19.0
6.56000, 12.0
6.56500, 19.0
6.57000, 20.0
6.57500, 15.0
6.58000, 18.0
6.58500, 11.0
6.59000, 15.0
6.59500, 15.0
6.60000, 16.0
6.60500, 15.0
6.61000, 9.0
6.61500, 8.0
6.62000, 21.0
6.62500, 12.0
6.63000, 8.0
6.63500, 8.0
6.64000, 19.0
6.64500, 11.0
6.65000, 8.0
6.65500, 13.0
6.66000, 11.0
6.66500, 13.0
6.67000, 20.0
6.67500, 15.0
6.68000, 16.0
6.68500, 8.0
6.69000, 15.0
6.69500, 7.0
6.70000, 14.0
6.70500, 11.0
6.71000, 12.0
6.71500, 15.0
6.72000, 15.0
6.72500, 7.0
6.73000, 9.0
6.73500, 13.0
6.74000, 12.0
6.74500, 17.0
6.75000, 14.0
6.75500, 10.0
6.76000, 12.0
6.76500, 16.0
6.77000, 15.0
6.77500, 14.0
6.78000, 8.0
6.78500, 16.0
6.79000, 9.0
6.79500, 17.0
6.80000, 16.0
6.80500, 12.0
6.81000, 17.0
6.81500, 5.0
6.82000, 8.0
6.82500, 12.0
6.83000, 11.0
6.83500, 20.0
6.84000, 14.0
6.84500, 16.0
6.85000, 13.0
6.85500, 11.0
6.86000, 11.0
6.86500, 12.0
6.87000, 18.0
6.87500, 16.0
6.88000, 8.0
6.88500, 15.0
6.89000, 9.0
6.89500, 14.0
6.90000, 8.0
6.90500, 9.0
6.91000, 11.0
6.91500, 9.0
6.92000, 15.0
6.92500, 20.0
6.93000, 13.0
6.93500, 14.0
6.94000, 13.0
6.94500, 14.0
6.95000, 13.0
6.95500, 11.0
6.96000, 12.0
6.96500, 13.0
6.97000, 12.0
6.97500, 7.0
6.98000, 6.0
6.98500, 10.0
6.99000, 13.0
6.99500, 7.0
7.00000, 16.0
7.00500, 3.0
7.01000, 6.0
7.01500, 12.0
7.02000, 10.0
7.02500, 10.0
7.03000, 9.0
7.03500, 10.0
7.04000, 11.0
7.04500, 14.0
7.05000, 13.0
7.05500, 12.0
7.06000, 8.0
7.06500, 16.0
7.07000, 10.0
7.07500, 9.0
7.08000, 16.0
7.08500, 12.0
7.09000, 9.0
7.09500, 8.0
7.10000, 12.0
7.10500, 13.0
7.11000, 9.0
7.11500, 9.0
7.12000, 17.0
7.12500, 7.0
7.13000, 7.0
7.13500, 11.0
7.14000, 7.0
7.14500, 12.0
7.15000, 7.0
7.15500, 13.0
7.16000, 12.0
7.16500, 8.0
7.17000, 10.0
7.17500, 10.0
7.18000, 10.0
7.18500, 8.0
7.19000, 10.0
7.19500, 12.0
7.20000, 12.0
7.20500, 10.0
7.21000, 8.0
7.21500, 17.0
7.22000, 14.0
7.22500, 12.0
7.23000, 11.0
7.23500, 11.0
7.24000, 17.0
7.24500, 3.0
7.25000, 10.0
7.25500, 12.0
7.26000, 9.0
7.26500, 5.0
7.27000, 11.0
7.27500, 15.0
7.28000, 8.0
7.28500, 12.0
7.29000, 12.0
7.29500, 11.0
7.30000, 3.0
7.30500, 9.0
7.31000, 10.0
7.31500, 13.0
7.32000, 9.0
7.32500, 7.0
7.33000, 9.0
7.33500, 5.0
7.34000, 13.0
7.34500, 5.0
7.35000, 10.0
7.35500, 6.0
7.36000, 7.0
7.36500, 5.0
7.37000, 9.0
7.37500, 9.0
7.38000, 9.0
7.38500, 9.0
7.39000, 11.0
7.39500, 7.0
7.40000, 13.0
7.40500, 9.0
7.41000, 14.0
7.41500, 9.0
7.42000, 9.0
7.42500, 5.0
7.43000, 13.0
7.43500, 8.0
7.44000, 9.0
7.44500, 10.0
7.45000, 6.0
7.45500, 13.0
7.46000, 8.0
7.46500, 7.0
7.47000, 5.0
7.47500, 13.0
7.48000, 5.0
7.48500, 9.0
7.49000, 6.0
7.49500, 10.0
7.50000, 7.0
7.50500, 6.0
7.51000, 13.0
7.51500, 7.0
7.52000, 14.0
7.52500, 4.0
7.53000, 9.0
7.53500, 6.0
7.54000, 13.0
7.54500, 7.0
7.55000, 10.0
7.55500, 11.0
7.56000, 7.0
7.56500, 8.0
7.57000, 11.0
7.57500, 6.0
7.58000, 10.0
7.58500, 14.0
7.59000, 14.0
7.59500, 4.0
7.60000, 10.0
7.60500, 5.0
7.61000, 9.0
7.61500, 8.0
7.62000, 5.0
7.62500, 7.0
7.63000, 7.0
7.63500, 6.0
7.64000, 12.0
7.64500, 10.0
7.65000, 7.0
7.65500, 9.0
7.66000, 4.0
7.66500, 6.0
7.67000, 10.0
7.67500, 12.0
7.68000, 13.0
7.68500, 4.0
7.69000, 7.0
7.69500, 8.0
7.70000, 12.0
7.70500, 7.0
7.71000, 6.0
7.71500, 10.0
7.72000, 5.0
7.72500, 6.0
7.73000, 8.0
7.73500, 7.0
7.74000, 12.0
7.74500, 4.0
7.75000, 5.0
7.75500, 7.0
7.76000, 6.0
7.76500, 10.0
7.77000, 7.0
7.77500, 12.0
7.78000, 9.0
7.78500, 8.0
7.79000, 8.0
7.79500, 10.0
7.80000, 8.0
7.80500, 9.0
7.81000, 10.0
7.81500, 5.0
7.82000, 10.0
7.82500, 8.0
7.83000, 6.0
7.83500, 10.0
7.84000, 6.0
7.84500, 8.0
7.85000, 3.0
7.85500, 6.0
7.86000, 10.0
7.86500, 8.0
7.87000, 8.0
7.87500, 12.0
7.88000, 13.0
7.88500, 11.0
7.89000, 11.0
7.89500, 8.0
7.90000, 6.0
7.90500, 9.0
7.91000, 18.0
7.91500, 5.0
7.92000, 9.0
7.92500, 6.0
7.93000, 11.0
7.93500, 2.0
7.94000, 4.0
7.94500, 4.0
7.95000, 4.0
7.95500, 4.0
7.96000, 5.0
7.96500, 5.0
7.97000, 8.0
7.97500, 7.0
7.98000, 5.0
7.98500, 10.0
7.99000, 1.0
7.99500, 7.0
8.00000, 6.0
8.00500, 7.0
8.01000, 3.0
8.01500, 4.0
8.02000, 7.0
8.02500, 5.0
8.03000, 4.0
8.03500, 3.0
8.04000, 1.0
8.04500, 5.0
8.05000, 4.0
8.05500, 5.0
8.06000, 4.0
8.06500, 3.0
8.07000, 7.0
8.07500, 4.0
8.08000, 5.0
8.08500, 5.0
8.09000, 7.0
8.09500, 10.0
8.10000, 5.0
8.10500, 10.0
8.11000, 8.0
8.11500, 5.0
8.12000, 6.0
8.12500, 10.0
8.13000, 1.0
8.13500, 5.0
8.14000, 4.0
8.14500, 3.0
8.15000, 6.0
8.15500, 4.0
8.16000, 11.0
8.16500, 4.0
8.17000, 9.0
8.17500, 6.0
8.18000, 8.0
8.18500, 3.0
8.19000, 5.0
8.19500, 7.0
8.20000, 8.0
8.20500, 5.0
8.21000, 2.0
8.21500, 9.0
8.22000, 8.0
8.22500, 4.0
8.23000, 4.0
8.23500, 6.0
8.24000, 7.0
8.24500, 2.0
8.25000, 4.0
8.25500, 9.0
8.26000, 2.0
8.26500, 8.0
8.27000, 6.0
8.27500, 3.0
8.28000, 6.0
8.28500, 7.0
8.29000, 6.0
8.29500, 0.0
8.30000, 6.0
8.30500, 6.0
8.31000, 4.0
8.31500, 6.0
8.32000, 3.0
8.32500, 5.0
8.33000, 5.0
8.33500, 5.0
8.34000, 4.0
8.34500, 5.0
8.35000, 6.0
8.35500, 2.0
8.36000, 3.0
8.36500, 5.0
8.37000, 2.0
8.37500, 2.0
8.38000, 8.0
8.38500, 3.0
8.39000, 7.0
8.39500, 4.0
8.40000, 4.0
8.40500, 1.0
8.41000, 5.0
8.41500, 3.0
8.42000, 2.0
8.42500, 7.0
8.43000, 10.0
8.43500, 2.0
8.44000, 4.0
8.44500, 6.0
8.45000, 4.0
8.45500, 5.0
8.46000, 2.0
8.46500, 3.0
8.47000, 4.0
8.47500, 6.0
8.48000, 1.0
8.48500, 6.0
8.49000, 3.0
8.49500, 7.0
8.50000, 3.0
8.50500, 5.0
8.51000, 4.0
8.51500, 5.0
8.52000, 1.0
8.52500, 8.0
8.53000, 8.0
8.53500, 1.0
8.54000, 6.0
8.54500, 7.0
8.55000, 3.0
8.55500, 4.0
8.56000, 6.0
8.56500, 6.0
8.57000, 4.0
8.57500, 6.0
8.58000, 6.0
8.58500, 0.0
8.59000, 6.0
8.59500, 3.0
8.60000, 5.0
8.60500, 2.0
8.61000, 6.0
8.61500, 4.0
8.62000, 0.0
8.62500, 5.0
8.63000, 3.0
8.63500, 5.0
8.64000, 6.0
8.64500, 3.0
8.65000, 6.0
8.65500, 4.0
8.66000, 5.0
8.66500, 2.0
8.67000, 2.0
8.67500, 3.0
8.68000, 4.0
8.68500, 1.0
8.69000, 3.0
8.69500, 0.0
8.70000, 5.0
8.70500, 2.0
8.71000, 6.0
8.71500, 7.0
8.72000, 3.0
8.72500, 0.0
8.73000, 2.0
8.73500, 3.0
8.74000, 1.0
8.74500, 3.0
8.75000, 3.0
8.75500, 6.0
8.76000, 0.0
8.76500, 4.0
8.77000, 3.0
8.77500, 3.0
8.78000, 3.0
8.78500, 2.0
8.79000, 5.0
8.79500, 4.0
8.80000, 2.0
8.80500, 2.0
8.81000, 5.0
8.81500, 3.0
8.82000, 3.0
8.82500, 9.0
8.83000, 0.0
8.83500, 3.0
8.84000, 1.0
8.84500, 4.0
8.85000, 3.0
8.85500, 2.0
8.86000, 3.0
8.86500, 4.0
8.87000, 4.0
8.87500, 4.0
8.88000, 1.0
8.88500, 3.0
8.89000, 3.0
8.89500, 3.0
8.90000, 2.0
8.90500, 1.0
8.91000, 1.0
8.91500, 3.0
8.92000, 2.0
8.92500, 3.0
8.93000, 2.0
8.93500, 0.0
8.94000, 2.0
8.94500, 1.0
8.95000, 5.0
8.95500, 2.0
8.96000, 2.0
8.96500, 1.0
8.97000, 2.0
8.97500, 2.0
8.98000, 2.0
8.98500, 4.0
8.99000, 4.0
8.99500, 5.0
9.00000, 0.0
9.00500, 3.0
9.01000, 3.0
9.01500, 3.0
9.02000, 3.0
9.02500, 2.0
9.03000, 2.0
9.03500, 1.0
9.04000, 5.0
9.04500, 3.0
9.05000, 2.0
9.05500, 1.0
9.06000, 6.0
9.06500, 2.0
9.07000, 5.0
9.07500, 2.0
9.08000, 4.0
9.08500, 2.0
9.09000, 2.0
9.09500, 2.0
9.10000, 1.0
9.10500, 3.0
9.11000, 4.0
9.11500, 3.0
9.12000, 2.0
9.12500, 4.0
9.13000, 1.0
9.13500, 0.0
9.14000, 4.0
9.14500, 3.0
9.15000, 3.0
9.15500, 2.0
9.16000, 1.0
9.16500, 2.0
9.17000, 2.0
9.17500, 1.0
9.18000, 0.0
9.18500, 2.0
9.19000, 3.0
9.19500, 2.0
9.20000, 2.0
9.20500, 5.0
9.21000, 3.0
9.21500, 1.0
9.22000, 3.0
9.22500, 3.0
9.23000, 1.0
9.23500, 2.0
9.24000, 3.0
9.24500, 4.0
9.25000, 1.0
9.25500, 2.0
9.26000, 2.0
9.26500, 2.0
9.27000, 4.0
9.27500, 1.0
9.28000, 3.0
9.28500, 3.0
9.29000, 1.0
9.29500, 0.0
9.30000, 5.0
9.30500, 2.0
9.31000, 4.0
9.31500, 0.0
9.32000, 3.0
9.32500, 1.0
9.33000, 2.0
9.33500, 1.0
9.34000, 1.0
9.34500, 1.0
9.35000, 1.0
9.35500, 2.0
9.36000, 0.0
9.36500, 0.0
9.37000, 2.0
9.37500, 2.0
9.38000, 2.0
9.38500, 1.0
9.39000, 2.0
9.39500, 1.0
9.40000, 2.0
9.40500, 2.0
9.41000, 0.0
9.41500, 1.0
9.42000, 2.0
9.42500, 0.0
9.43000, 2.0
9.43500, 3.0
9.44000, 1.0
9.44500, 0.0
9.45000, 1.0
9.45500, 1.0
9.46000, 1.0
9.46500, 0.0
9.47000, 4.0
9.47500, 2.0
9.48000, 2.0
9.48500, 3.0
9.49000, 0.0
9.49500, 0.0
9.50000, 3.0
9.50500, 1.0
9.51000, 0.0
9.51500, 3.0
9.52000, 1.0
9.52500, 1.0
9.53000, 0.0
9.53500, 1.0
9.54000, 3.0
9.54500, 1.0
9.55000, 2.0
9.55500, 1.0
9.56000, 2.0
9.56500, 1.0
9.57000, 0.0
9.57500, 0.0
9.58000, 0.0
9.58500, 0.0
9.59000, 0.0
9.59500, 2.0
9.60000, 0.0
9.60500, 1.0
9.61000, 0.0
9.61500, 0.0
9.62000, 0.0
9.62500, 0.0
9.63000, 1.0
9.63500, 0.0
9.64000, 0.0
9.64500, 1.0
9.65000, 0.0
9.65500, 3.0
9.66000, 1.0
9.66500, 2.0
9.67000, 3.0
9.67500, 0.0
9.68000, 4.0
9.68500, 1.0
9.69000, 2.0
9.69500, 1.0
9.70000, 3.0
9.70500, 0.0
9.71000, 0.0
9.71500, 2.0
9.72000, 0.0
9.72500, 0.0
9.73000, 1.0
9.73500, 1.0
9.74000, 3.0
9.74500, 0.0
9.75000, 1.0
9.75500, 1.0
9.76000, 1.0
9.76500, 0.0
9.77000, 0.0
9.77500, 0.0
9.78000, 1.0
9.78500, 0.0
9.79000, 1.0
9.79500, 1.0
9.80000, 0.0
9.80500, 0.0
9.81000, 1.0
9.81500, 0.0
9.82000, 2.0
9.82500, 1.0
9.83000, 1.0
9.83500, 0.0
9.84000, 1.0
9.84500, 2.0
9.85000, 0.0
9.85500, 0.0
9.86000, 0.0
9.86500, 1.0
9.87000, 0.0
9.87500, 2.0
9.88000, 0.0
9.88500, 1.0
9.89000, 1.0
9.89500, 0.0
9.90000, 0.0
9.90500, 0.0
9.91000, 1.0
9.91500, 0.0
9.92000, 2.0
9.92500, 0.0
9.93000, 0.0
9.93500, 0.0
9.94000, 0.0
9.94500, 0.0
9.95000, 0.0
9.95500, 0.0
9.96000, 0.0
9.96500, 0.0
9.97000, 0.0
9.97500, 0.0
9.98000, 0.0
9.98500, 0.0
9.99000, 0.0
9.99500, 0.0
10.00000, 0.0
10.00500, 0.0
10.01000, 0.0
10.01500, 0.0
10.02000, 0.0
10.02500, 0.0
10.03000, 0.0
10.03500, 0.0
10.04000, 0.0
10.04500, 0.0
10.05000, 0.0
10.05500, 0.0
10.06000, 0.0
10.06500, 0.0
10.07000, 0.0
10.07500, 0.0
10.08000, 0.0
10.08500, 0.0
10.09000, 0.0
10.09500, 0.0
10.10000, 0.0
10.10500, 0.0
10.11000, 0.0
10.11500, 0.0
10.12000, 0.0
10.12500, 0.0
10.13000, 0.0
10.13500, 0.0
#ENDOFDATA   : 
