#FORMAT      : EMSA/MAS Spectral Data File
#VERSION     : 1.0
#TITLE       : 20250425_10K_H12_2
#DATE        : 24-APR-2025
#TIME        : 09:35
#OWNER       : 
#NPOINTS     : 2048.0
#NCOLUMNS    : 1.0
#XUNITS      : keV
#YUNITS      : counts
#DATATYPE    : XY
#XPERCHAN    : 0.005
#OFFSET      : -0.1
#SIGNALTYPE  : EDS
#CHOFFSET    : 20.0
#LIVETIME    : 60.0
#REALTIME    : 61.476150513
#BEAMKV      : 10.0
#MAGCAM      : 4000.0
#XTILTSTGE   : 0.0
#AZIMANGLE   : 0.0
#ELEVANGLE   : 29.0
#XPOSITION mm: 0.7570
#YPOSITION mm: 0.1853
#ZPOSITION mm: 13.4437
##OXINSTPT   : 2
##OXINSTSTROB: 67.48
##OXINSTELEMS: 42,16,14,8
##OXINSTLABEL: 42, 2.293, Mo
##OXINSTLABEL: 42, 2.395, Mo
##OXINSTLABEL: 42, 2.120, Mo
##OXINSTLABEL: 42, 2.831, Mo
##OXINSTLABEL: 42, 2.016, Mo
##OXINSTLABEL: 42, 0.193, Mo
##OXINSTLABEL: 16, 2.308, S
##OXINSTLABEL: 16, 2.464, S
##OXINSTLABEL: 14, 1.740, Si
##OXINSTLABEL: 8, 0.525, O
#SPECTRUM    : Spectral Data Starts Here
-0.10000, 0.0
-0.09500, 1.0
-0.09000, 0.0
-0.08500, 0.0
-0.08000, 0.0
-0.07500, 0.0
-0.07000, 1.0
-0.06500, 2.0
-0.06000, 4.0
-0.05500, 11.0
-0.05000, 15.0
-0.04500, 17.0
-0.04000, 30.0
-0.03500, 53.0
-0.03000, 74.0
-0.02500, 98.0
-0.02000, 125.0
-0.01500, 203.0
-0.01000, 245.0
-0.00500, 325.0
0.00000, 392.0
0.00500, 483.0
0.01000, 581.0
0.01500, 658.0
0.02000, 784.0
0.02500, 805.0
0.03000, 961.0
0.03500, 1004.0
0.04000, 1057.0
0.04500, 1105.0
0.05000, 1131.0
0.05500, 1059.0
0.06000, 1000.0
0.06500, 930.0
0.07000, 861.0
0.07500, 773.0
0.08000, 704.0
0.08500, 609.0
0.09000, 501.0
0.09500, 424.0
0.10000, 356.0
0.10500, 318.0
0.11000, 311.0
0.11500, 271.0
0.12000, 275.0
0.12500, 285.0
0.13000, 306.0
0.13500, 343.0
0.14000, 367.0
0.14500, 387.0
0.15000, 365.0
0.15500, 356.0
0.16000, 382.0
0.16500, 397.0
0.17000, 387.0
0.17500, 383.0
0.18000, 369.0
0.18500, 373.0
0.19000, 355.0
0.19500, 362.0
0.20000, 299.0
0.20500, 273.0
0.21000, 307.0
0.21500, 297.0
0.22000, 288.0
0.22500, 307.0
0.23000, 298.0
0.23500, 310.0
0.24000, 325.0
0.24500, 384.0
0.25000, 399.0
0.25500, 417.0
0.26000, 439.0
0.26500, 439.0
0.27000, 451.0
0.27500, 440.0
0.28000, 412.0
0.28500, 443.0
0.29000, 402.0
0.29500, 396.0
0.30000, 358.0
0.30500, 305.0
0.31000, 280.0
0.31500, 223.0
0.32000, 187.0
0.32500, 152.0
0.33000, 153.0
0.33500, 131.0
0.34000, 105.0
0.34500, 98.0
0.35000, 94.0
0.35500, 96.0
0.36000, 100.0
0.36500, 96.0
0.37000, 97.0
0.37500, 98.0
0.38000, 87.0
0.38500, 77.0
0.39000, 102.0
0.39500, 104.0
0.40000, 89.0
0.40500, 99.0
0.41000, 99.0
0.41500, 116.0
0.42000, 115.0
0.42500, 119.0
0.43000, 110.0
0.43500, 125.0
0.44000, 162.0
0.44500, 203.0
0.45000, 217.0
0.45500, 265.0
0.46000, 325.0
0.46500, 382.0
0.47000, 471.0
0.47500, 559.0
0.48000, 667.0
0.48500, 744.0
0.49000, 857.0
0.49500, 919.0
0.50000, 1034.0
0.50500, 1134.0
0.51000, 1243.0
0.51500, 1292.0
0.52000, 1317.0
0.52500, 1342.0
0.53000, 1345.0
0.53500, 1280.0
0.54000, 1222.0
0.54500, 1101.0
0.55000, 981.0
0.55500, 848.0
0.56000, 787.0
0.56500, 696.0
0.57000, 574.0
0.57500, 478.0
0.58000, 387.0
0.58500, 337.0
0.59000, 298.0
0.59500, 238.0
0.60000, 207.0
0.60500, 184.0
0.61000, 162.0
0.61500, 163.0
0.62000, 155.0
0.62500, 128.0
0.63000, 140.0
0.63500, 136.0
0.64000, 125.0
0.64500, 130.0
0.65000, 127.0
0.65500, 142.0
0.66000, 115.0
0.66500, 123.0
0.67000, 115.0
0.67500, 141.0
0.68000, 138.0
0.68500, 142.0
0.69000, 135.0
0.69500, 141.0
0.70000, 139.0
0.70500, 150.0
0.71000, 140.0
0.71500, 146.0
0.72000, 137.0
0.72500, 145.0
0.73000, 150.0
0.73500, 148.0
0.74000, 147.0
0.74500, 144.0
0.75000, 152.0
0.75500, 168.0
0.76000, 159.0
0.76500, 148.0
0.77000, 163.0
0.77500, 164.0
0.78000, 168.0
0.78500, 158.0
0.79000, 168.0
0.79500, 179.0
0.80000, 170.0
0.80500, 158.0
0.81000, 161.0
0.81500, 164.0
0.82000, 200.0
0.82500, 164.0
0.83000, 178.0
0.83500, 159.0
0.84000, 148.0
0.84500, 178.0
0.85000, 163.0
0.85500, 166.0
0.86000, 193.0
0.86500, 198.0
0.87000, 178.0
0.87500, 188.0
0.88000, 184.0
0.88500, 182.0
0.89000, 183.0
0.89500, 181.0
0.90000, 178.0
0.90500, 175.0
0.91000, 183.0
0.91500, 195.0
0.92000, 202.0
0.92500, 195.0
0.93000, 212.0
0.93500, 191.0
0.94000, 179.0
0.94500, 185.0
0.95000, 178.0
0.95500, 213.0
0.96000, 209.0
0.96500, 192.0
0.97000, 199.0
0.97500, 222.0
0.98000, 196.0
0.98500, 199.0
0.99000, 185.0
0.99500, 187.0
1.00000, 199.0
1.00500, 203.0
1.01000, 210.0
1.01500, 205.0
1.02000, 208.0
1.02500, 203.0
1.03000, 184.0
1.03500, 208.0
1.04000, 219.0
1.04500, 220.0
1.05000, 210.0
1.05500, 191.0
1.06000, 184.0
1.06500, 203.0
1.07000, 187.0
1.07500, 206.0
1.08000, 186.0
1.08500, 200.0
1.09000, 198.0
1.09500, 214.0
1.10000, 230.0
1.10500, 208.0
1.11000, 183.0
1.11500, 187.0
1.12000, 186.0
1.12500, 214.0
1.13000, 193.0
1.13500, 184.0
1.14000, 206.0
1.14500, 197.0
1.15000, 185.0
1.15500, 199.0
1.16000, 202.0
1.16500, 208.0
1.17000, 198.0
1.17500, 192.0
1.18000, 195.0
1.18500, 208.0
1.19000, 221.0
1.19500, 184.0
1.20000, 209.0
1.20500, 192.0
1.21000, 199.0
1.21500, 197.0
1.22000, 192.0
1.22500, 184.0
1.23000, 192.0
1.23500, 206.0
1.24000, 202.0
1.24500, 218.0
1.25000, 199.0
1.25500, 188.0
1.26000, 173.0
1.26500, 205.0
1.27000, 191.0
1.27500, 223.0
1.28000, 210.0
1.28500, 233.0
1.29000, 216.0
1.29500, 214.0
1.30000, 200.0
1.30500, 194.0
1.31000, 191.0
1.31500, 200.0
1.32000, 187.0
1.32500, 193.0
1.33000, 207.0
1.33500, 195.0
1.34000, 201.0
1.34500, 187.0
1.35000, 200.0
1.35500, 214.0
1.36000, 214.0
1.36500, 207.0
1.37000, 202.0
1.37500, 209.0
1.38000, 198.0
1.38500, 196.0
1.39000, 188.0
1.39500, 187.0
1.40000, 197.0
1.40500, 195.0
1.41000, 187.0
1.41500, 190.0
1.42000, 197.0
1.42500, 190.0
1.43000, 213.0
1.43500, 195.0
1.44000, 206.0
1.44500, 198.0
1.45000, 221.0
1.45500, 218.0
1.46000, 205.0
1.46500, 184.0
1.47000, 206.0
1.47500, 212.0
1.48000, 199.0
1.48500, 207.0
1.49000, 234.0
1.49500, 220.0
1.50000, 212.0
1.50500, 197.0
1.51000, 222.0
1.51500, 204.0
1.52000, 225.0
1.52500, 218.0
1.53000, 232.0
1.53500, 217.0
1.54000, 214.0
1.54500, 190.0
1.55000, 191.0
1.55500, 211.0
1.56000, 227.0
1.56500, 198.0
1.57000, 210.0
1.57500, 237.0
1.58000, 194.0
1.58500, 214.0
1.59000, 218.0
1.59500, 206.0
1.60000, 203.0
1.60500, 236.0
1.61000, 234.0
1.61500, 250.0
1.62000, 278.0
1.62500, 301.0
1.63000, 342.0
1.63500, 406.0
1.64000, 443.0
1.64500, 584.0
1.65000, 739.0
1.65500, 920.0
1.66000, 1148.0
1.66500, 1419.0
1.67000, 1712.0
1.67500, 2080.0
1.68000, 2536.0
1.68500, 3097.0
1.69000, 3589.0
1.69500, 4217.0
1.70000, 4752.0
1.70500, 5419.0
1.71000, 5888.0
1.71500, 6434.0
1.72000, 6987.0
1.72500, 7425.0
1.73000, 7822.0
1.73500, 8058.0
1.74000, 8373.0
1.74500, 8307.0
1.75000, 8106.0
1.75500, 7806.0
1.76000, 7451.0
1.76500, 7106.0
1.77000, 6546.0
1.77500, 5957.0
1.78000, 5371.0
1.78500, 4816.0
1.79000, 4260.0
1.79500, 3763.0
1.80000, 3226.0
1.80500, 2763.0
1.81000, 2346.0
1.81500, 1911.0
1.82000, 1671.0
1.82500, 1481.0
1.83000, 1193.0
1.83500, 997.0
1.84000, 849.0
1.84500, 754.0
1.85000, 688.0
1.85500, 580.0
1.86000, 510.0
1.86500, 479.0
1.87000, 413.0
1.87500, 363.0
1.88000, 339.0
1.88500, 322.0
1.89000, 253.0
1.89500, 246.0
1.90000, 202.0
1.90500, 184.0
1.91000, 203.0
1.91500, 174.0
1.92000, 165.0
1.92500, 153.0
1.93000, 127.0
1.93500, 135.0
1.94000, 150.0
1.94500, 142.0
1.95000, 143.0
1.95500, 142.0
1.96000, 125.0
1.96500, 143.0
1.97000, 132.0
1.97500, 141.0
1.98000, 155.0
1.98500, 158.0
1.99000, 151.0
1.99500, 152.0
2.00000, 175.0
2.00500, 158.0
2.01000, 160.0
2.01500, 161.0
2.02000, 147.0
2.02500, 142.0
2.03000, 152.0
2.03500, 157.0
2.04000, 139.0
2.04500, 160.0
2.05000, 156.0
2.05500, 130.0
2.06000, 166.0
2.06500, 150.0
2.07000, 123.0
2.07500, 139.0
2.08000, 124.0
2.08500, 132.0
2.09000, 137.0
2.09500, 129.0
2.10000, 129.0
2.10500, 127.0
2.11000, 130.0
2.11500, 120.0
2.12000, 130.0
2.12500, 136.0
2.13000, 128.0
2.13500, 126.0
2.14000, 130.0
2.14500, 134.0
2.15000, 130.0
2.15500, 123.0
2.16000, 120.0
2.16500, 136.0
2.17000, 127.0
2.17500, 165.0
2.18000, 161.0
2.18500, 203.0
2.19000, 230.0
2.19500, 245.0
2.20000, 266.0
2.20500, 292.0
2.21000, 353.0
2.21500, 382.0
2.22000, 439.0
2.22500, 555.0
2.23000, 645.0
2.23500, 762.0
2.24000, 831.0
2.24500, 996.0
2.25000, 1154.0
2.25500, 1263.0
2.26000, 1437.0
2.26500, 1627.0
2.27000, 1753.0
2.27500, 1933.0
2.28000, 2074.0
2.28500, 2185.0
2.29000, 2316.0
2.29500, 2389.0
2.30000, 2440.0
2.30500, 2476.0
2.31000, 2487.0
2.31500, 2410.0
2.32000, 2387.0
2.32500, 2291.0
2.33000, 2237.0
2.33500, 2028.0
2.34000, 1921.0
2.34500, 1874.0
2.35000, 1788.0
2.35500, 1596.0
2.36000, 1447.0
2.36500, 1317.0
2.37000, 1205.0
2.37500, 1154.0
2.38000, 1053.0
2.38500, 969.0
2.39000, 918.0
2.39500, 825.0
2.40000, 751.0
2.40500, 686.0
2.41000, 663.0
2.41500, 636.0
2.42000, 586.0
2.42500, 553.0
2.43000, 522.0
2.43500, 498.0
2.44000, 482.0
2.44500, 458.0
2.45000, 429.0
2.45500, 402.0
2.46000, 408.0
2.46500, 369.0
2.47000, 354.0
2.47500, 375.0
2.48000, 346.0
2.48500, 321.0
2.49000, 323.0
2.49500, 289.0
2.50000, 261.0
2.50500, 259.0
2.51000, 244.0
2.51500, 211.0
2.52000, 221.0
2.52500, 221.0
2.53000, 201.0
2.53500, 187.0
2.54000, 176.0
2.54500, 174.0
2.55000, 141.0
2.55500, 132.0
2.56000, 137.0
2.56500, 126.0
2.57000, 132.0
2.57500, 125.0
2.58000, 126.0
2.58500, 106.0
2.59000, 117.0
2.59500, 100.0
2.60000, 93.0
2.60500, 99.0
2.61000, 105.0
2.61500, 91.0
2.62000, 95.0
2.62500, 95.0
2.63000, 90.0
2.63500, 97.0
2.64000, 93.0
2.64500, 86.0
2.65000, 83.0
2.65500, 80.0
2.66000, 71.0
2.66500, 89.0
2.67000, 84.0
2.67500, 72.0
2.68000, 84.0
2.68500, 95.0
2.69000, 88.0
2.69500, 73.0
2.70000, 68.0
2.70500, 61.0
2.71000, 69.0
2.71500, 80.0
2.72000, 86.0
2.72500, 72.0
2.73000, 80.0
2.73500, 94.0
2.74000, 82.0
2.74500, 77.0
2.75000, 80.0
2.75500, 83.0
2.76000, 80.0
2.76500, 93.0
2.77000, 80.0
2.77500, 87.0
2.78000, 89.0
2.78500, 85.0
2.79000, 73.0
2.79500, 85.0
2.80000, 85.0
2.80500, 82.0
2.81000, 88.0
2.81500, 86.0
2.82000, 72.0
2.82500, 81.0
2.83000, 74.0
2.83500, 87.0
2.84000, 87.0
2.84500, 75.0
2.85000, 84.0
2.85500, 89.0
2.86000, 74.0
2.86500, 74.0
2.87000, 82.0
2.87500, 84.0
2.88000, 95.0
2.88500, 76.0
2.89000, 72.0
2.89500, 70.0
2.90000, 75.0
2.90500, 55.0
2.91000, 56.0
2.91500, 75.0
2.92000, 65.0
2.92500, 66.0
2.93000, 57.0
2.93500, 58.0
2.94000, 70.0
2.94500, 63.0
2.95000, 79.0
2.95500, 68.0
2.96000, 64.0
2.96500, 75.0
2.97000, 63.0
2.97500, 81.0
2.98000, 61.0
2.98500, 70.0
2.99000, 69.0
2.99500, 62.0
3.00000, 74.0
3.00500, 67.0
3.01000, 71.0
3.01500, 70.0
3.02000, 65.0
3.02500, 76.0
3.03000, 78.0
3.03500, 72.0
3.04000, 70.0
3.04500, 73.0
3.05000, 54.0
3.05500, 61.0
3.06000, 61.0
3.06500, 58.0
3.07000, 63.0
3.07500, 61.0
3.08000, 70.0
3.08500, 68.0
3.09000, 54.0
3.09500, 80.0
3.10000, 79.0
3.10500, 68.0
3.11000, 80.0
3.11500, 85.0
3.12000, 81.0
3.12500, 73.0
3.13000, 65.0
3.13500, 70.0
3.14000, 61.0
3.14500, 65.0
3.15000, 57.0
3.15500, 66.0
3.16000, 66.0
3.16500, 69.0
3.17000, 69.0
3.17500, 74.0
3.18000, 58.0
3.18500, 54.0
3.19000, 61.0
3.19500, 64.0
3.20000, 72.0
3.20500, 53.0
3.21000, 55.0
3.21500, 69.0
3.22000, 54.0
3.22500, 57.0
3.23000, 62.0
3.23500, 66.0
3.24000, 64.0
3.24500, 66.0
3.25000, 60.0
3.25500, 69.0
3.26000, 58.0
3.26500, 63.0
3.27000, 55.0
3.27500, 69.0
3.28000, 52.0
3.28500, 58.0
3.29000, 64.0
3.29500, 66.0
3.30000, 64.0
3.30500, 52.0
3.31000, 59.0
3.31500, 72.0
3.32000, 60.0
3.32500, 52.0
3.33000, 61.0
3.33500, 74.0
3.34000, 71.0
3.34500, 68.0
3.35000, 54.0
3.35500, 61.0
3.36000, 55.0
3.36500, 54.0
3.37000, 61.0
3.37500, 62.0
3.38000, 66.0
3.38500, 60.0
3.39000, 58.0
3.39500, 62.0
3.40000, 57.0
3.40500, 56.0
3.41000, 56.0
3.41500, 57.0
3.42000, 60.0
3.42500, 63.0
3.43000, 78.0
3.43500, 76.0
3.44000, 73.0
3.44500, 77.0
3.45000, 60.0
3.45500, 58.0
3.46000, 68.0
3.46500, 63.0
3.47000, 63.0
3.47500, 61.0
3.48000, 64.0
3.48500, 72.0
3.49000, 69.0
3.49500, 71.0
3.50000, 69.0
3.50500, 64.0
3.51000, 70.0
3.51500, 59.0
3.52000, 63.0
3.52500, 58.0
3.53000, 61.0
3.53500, 68.0
3.54000, 65.0
3.54500, 66.0
3.55000, 53.0
3.55500, 48.0
3.56000, 54.0
3.56500, 74.0
3.57000, 59.0
3.57500, 56.0
3.58000, 60.0
3.58500, 60.0
3.59000, 54.0
3.59500, 55.0
3.60000, 53.0
3.60500, 59.0
3.61000, 64.0
3.61500, 48.0
3.62000, 64.0
3.62500, 70.0
3.63000, 51.0
3.63500, 65.0
3.64000, 55.0
3.64500, 50.0
3.65000, 55.0
3.65500, 59.0
3.66000, 53.0
3.66500, 47.0
3.67000, 44.0
3.67500, 42.0
3.68000, 47.0
3.68500, 50.0
3.69000, 46.0
3.69500, 52.0
3.70000, 44.0
3.70500, 42.0
3.71000, 54.0
3.71500, 48.0
3.72000, 47.0
3.72500, 58.0
3.73000, 47.0
3.73500, 49.0
3.74000, 51.0
3.74500, 43.0
3.75000, 45.0
3.75500, 57.0
3.76000, 44.0
3.76500, 46.0
3.77000, 48.0
3.77500, 44.0
3.78000, 48.0
3.78500, 50.0
3.79000, 56.0
3.79500, 60.0
3.80000, 52.0
3.80500, 52.0
3.81000, 64.0
3.81500, 62.0
3.82000, 52.0
3.82500, 51.0
3.83000, 55.0
3.83500, 63.0
3.84000, 52.0
3.84500, 45.0
3.85000, 49.0
3.85500, 43.0
3.86000, 46.0
3.86500, 61.0
3.87000, 50.0
3.87500, 40.0
3.88000, 44.0
3.88500, 43.0
3.89000, 47.0
3.89500, 55.0
3.90000, 43.0
3.90500, 51.0
3.91000, 59.0
3.91500, 52.0
3.92000, 47.0
3.92500, 42.0
3.93000, 45.0
3.93500, 50.0
3.94000, 49.0
3.94500, 59.0
3.95000, 41.0
3.95500, 61.0
3.96000, 50.0
3.96500, 57.0
3.97000, 65.0
3.97500, 65.0
3.98000, 48.0
3.98500, 42.0
3.99000, 50.0
3.99500, 65.0
4.00000, 54.0
4.00500, 56.0
4.01000, 60.0
4.01500, 51.0
4.02000, 64.0
4.02500, 56.0
4.03000, 43.0
4.03500, 51.0
4.04000, 49.0
4.04500, 58.0
4.05000, 48.0
4.05500, 61.0
4.06000, 68.0
4.06500, 46.0
4.07000, 58.0
4.07500, 40.0
4.08000, 59.0
4.08500, 64.0
4.09000, 47.0
4.09500, 47.0
4.10000, 46.0
4.10500, 47.0
4.11000, 46.0
4.11500, 38.0
4.12000, 44.0
4.12500, 53.0
4.13000, 47.0
4.13500, 54.0
4.14000, 41.0
4.14500, 48.0
4.15000, 50.0
4.15500, 45.0
4.16000, 63.0
4.16500, 44.0
4.17000, 36.0
4.17500, 41.0
4.18000, 46.0
4.18500, 50.0
4.19000, 45.0
4.19500, 51.0
4.20000, 38.0
4.20500, 42.0
4.21000, 39.0
4.21500, 40.0
4.22000, 37.0
4.22500, 42.0
4.23000, 45.0
4.23500, 42.0
4.24000, 47.0
4.24500, 47.0
4.25000, 47.0
4.25500, 47.0
4.26000, 42.0
4.26500, 58.0
4.27000, 43.0
4.27500, 38.0
4.28000, 49.0
4.28500, 43.0
4.29000, 59.0
4.29500, 35.0
4.30000, 45.0
4.30500, 41.0
4.31000, 54.0
4.31500, 44.0
4.32000, 44.0
4.32500, 39.0
4.33000, 40.0
4.33500, 45.0
4.34000, 33.0
4.34500, 37.0
4.35000, 44.0
4.35500, 50.0
4.36000, 47.0
4.36500, 48.0
4.37000, 43.0
4.37500, 47.0
4.38000, 47.0
4.38500, 38.0
4.39000, 43.0
4.39500, 44.0
4.40000, 38.0
4.40500, 32.0
4.41000, 39.0
4.41500, 49.0
4.42000, 34.0
4.42500, 48.0
4.43000, 50.0
4.43500, 36.0
4.44000, 36.0
4.44500, 39.0
4.45000, 34.0
4.45500, 32.0
4.46000, 44.0
4.46500, 39.0
4.47000, 46.0
4.47500, 44.0
4.48000, 28.0
4.48500, 40.0
4.49000, 39.0
4.49500, 33.0
4.50000, 42.0
4.50500, 39.0
4.51000, 44.0
4.51500, 36.0
4.52000, 38.0
4.52500, 33.0
4.53000, 40.0
4.53500, 48.0
4.54000, 40.0
4.54500, 33.0
4.55000, 44.0
4.55500, 41.0
4.56000, 42.0
4.56500, 42.0
4.57000, 35.0
4.57500, 34.0
4.58000, 38.0
4.58500, 37.0
4.59000, 39.0
4.59500, 39.0
4.60000, 39.0
4.60500, 41.0
4.61000, 36.0
4.61500, 41.0
4.62000, 33.0
4.62500, 33.0
4.63000, 33.0
4.63500, 30.0
4.64000, 48.0
4.64500, 27.0
4.65000, 35.0
4.65500, 37.0
4.66000, 27.0
4.66500, 36.0
4.67000, 48.0
4.67500, 39.0
4.68000, 33.0
4.68500, 35.0
4.69000, 33.0
4.69500, 29.0
4.70000, 36.0
4.70500, 39.0
4.71000, 41.0
4.71500, 35.0
4.72000, 31.0
4.72500, 38.0
4.73000, 29.0
4.73500, 34.0
4.74000, 25.0
4.74500, 38.0
4.75000, 29.0
4.75500, 43.0
4.76000, 28.0
4.76500, 32.0
4.77000, 33.0
4.77500, 34.0
4.78000, 42.0
4.78500, 37.0
4.79000, 38.0
4.79500, 43.0
4.80000, 37.0
4.80500, 35.0
4.81000, 28.0
4.81500, 33.0
4.82000, 38.0
4.82500, 34.0
4.83000, 25.0
4.83500, 35.0
4.84000, 35.0
4.84500, 35.0
4.85000, 31.0
4.85500, 37.0
4.86000, 31.0
4.86500, 34.0
4.87000, 28.0
4.87500, 31.0
4.88000, 39.0
4.88500, 34.0
4.89000, 42.0
4.89500, 33.0
4.90000, 39.0
4.90500, 31.0
4.91000, 43.0
4.91500, 37.0
4.92000, 35.0
4.92500, 25.0
4.93000, 22.0
4.93500, 28.0
4.94000, 33.0
4.94500, 28.0
4.95000, 31.0
4.95500, 29.0
4.96000, 35.0
4.96500, 29.0
4.97000, 25.0
4.97500, 32.0
4.98000, 31.0
4.98500, 36.0
4.99000, 40.0
4.99500, 29.0
5.00000, 38.0
5.00500, 30.0
5.01000, 27.0
5.01500, 29.0
5.02000, 35.0
5.02500, 34.0
5.03000, 39.0
5.03500, 46.0
5.04000, 27.0
5.04500, 39.0
5.05000, 33.0
5.05500, 29.0
5.06000, 33.0
5.06500, 35.0
5.07000, 33.0
5.07500, 39.0
5.08000, 24.0
5.08500, 36.0
5.09000, 27.0
5.09500, 27.0
5.10000, 24.0
5.10500, 31.0
5.11000, 29.0
5.11500, 28.0
5.12000, 34.0
5.12500, 32.0
5.13000, 33.0
5.13500, 36.0
5.14000, 29.0
5.14500, 35.0
5.15000, 23.0
5.15500, 31.0
5.16000, 31.0
5.16500, 38.0
5.17000, 25.0
5.17500, 33.0
5.18000, 32.0
5.18500, 31.0
5.19000, 35.0
5.19500, 33.0
5.20000, 32.0
5.20500, 33.0
5.21000, 34.0
5.21500, 22.0
5.22000, 31.0
5.22500, 33.0
5.23000, 34.0
5.23500, 29.0
5.24000, 27.0
5.24500, 20.0
5.25000, 28.0
5.25500, 37.0
5.26000, 30.0
5.26500, 31.0
5.27000, 23.0
5.27500, 29.0
5.28000, 24.0
5.28500, 32.0
5.29000, 30.0
5.29500, 31.0
5.30000, 24.0
5.30500, 29.0
5.31000, 41.0
5.31500, 34.0
5.32000, 25.0
5.32500, 33.0
5.33000, 37.0
5.33500, 27.0
5.34000, 26.0
5.34500, 19.0
5.35000, 32.0
5.35500, 30.0
5.36000, 30.0
5.36500, 33.0
5.37000, 30.0
5.37500, 27.0
5.38000, 40.0
5.38500, 31.0
5.39000, 21.0
5.39500, 33.0
5.40000, 22.0
5.40500, 23.0
5.41000, 25.0
5.41500, 29.0
5.42000, 24.0
5.42500, 22.0
5.43000, 31.0
5.43500, 28.0
5.44000, 32.0
5.44500, 30.0
5.45000, 21.0
5.45500, 28.0
5.46000, 29.0
5.46500, 26.0
5.47000, 35.0
5.47500, 35.0
5.48000, 29.0
5.48500, 21.0
5.49000, 23.0
5.49500, 20.0
5.50000, 37.0
5.50500, 31.0
5.51000, 27.0
5.51500, 33.0
5.52000, 28.0
5.52500, 26.0
5.53000, 18.0
5.53500, 18.0
5.54000, 21.0
5.54500, 17.0
5.55000, 34.0
5.55500, 23.0
5.56000, 29.0
5.56500, 41.0
5.57000, 25.0
5.57500, 29.0
5.58000, 29.0
5.58500, 29.0
5.59000, 33.0
5.59500, 25.0
5.60000, 22.0
5.60500, 31.0
5.61000, 22.0
5.61500, 28.0
5.62000, 22.0
5.62500, 23.0
5.63000, 31.0
5.63500, 20.0
5.64000, 12.0
5.64500, 31.0
5.65000, 28.0
5.65500, 27.0
5.66000, 24.0
5.66500, 25.0
5.67000, 26.0
5.67500, 25.0
5.68000, 26.0
5.68500, 21.0
5.69000, 20.0
5.69500, 24.0
5.70000, 20.0
5.70500, 31.0
5.71000, 21.0
5.71500, 26.0
5.72000, 26.0
5.72500, 23.0
5.73000, 33.0
5.73500, 26.0
5.74000, 31.0
5.74500, 28.0
5.75000, 19.0
5.75500, 19.0
5.76000, 13.0
5.76500, 27.0
5.77000, 17.0
5.77500, 23.0
5.78000, 15.0
5.78500, 27.0
5.79000, 21.0
5.79500, 21.0
5.80000, 26.0
5.80500, 23.0
5.81000, 20.0
5.81500, 34.0
5.82000, 18.0
5.82500, 14.0
5.83000, 27.0
5.83500, 18.0
5.84000, 37.0
5.84500, 26.0
5.85000, 25.0
5.85500, 16.0
5.86000, 17.0
5.86500, 19.0
5.87000, 27.0
5.87500, 20.0
5.88000, 25.0
5.88500, 19.0
5.89000, 19.0
5.89500, 16.0
5.90000, 29.0
5.90500, 23.0
5.91000, 28.0
5.91500, 26.0
5.92000, 19.0
5.92500, 18.0
5.93000, 15.0
5.93500, 25.0
5.94000, 15.0
5.94500, 18.0
5.95000, 26.0
5.95500, 31.0
5.96000, 24.0
5.96500, 25.0
5.97000, 26.0
5.97500, 24.0
5.98000, 22.0
5.98500, 28.0
5.99000, 23.0
5.99500, 16.0
6.00000, 18.0
6.00500, 18.0
6.01000, 18.0
6.01500, 24.0
6.02000, 36.0
6.02500, 17.0
6.03000, 13.0
6.03500, 26.0
6.04000, 27.0
6.04500, 25.0
6.05000, 26.0
6.05500, 24.0
6.06000, 22.0
6.06500, 34.0
6.07000, 21.0
6.07500, 21.0
6.08000, 29.0
6.08500, 20.0
6.09000, 14.0
6.09500, 22.0
6.10000, 20.0
6.10500, 16.0
6.11000, 20.0
6.11500, 18.0
6.12000, 22.0
6.12500, 25.0
6.13000, 16.0
6.13500, 23.0
6.14000, 23.0
6.14500, 20.0
6.15000, 27.0
6.15500, 18.0
6.16000, 13.0
6.16500, 21.0
6.17000, 23.0
6.17500, 17.0
6.18000, 17.0
6.18500, 22.0
6.19000, 19.0
6.19500, 18.0
6.20000, 20.0
6.20500, 12.0
6.21000, 17.0
6.21500, 19.0
6.22000, 19.0
6.22500, 20.0
6.23000, 19.0
6.23500, 17.0
6.24000, 23.0
6.24500, 15.0
6.25000, 15.0
6.25500, 20.0
6.26000, 17.0
6.26500, 20.0
6.27000, 21.0
6.27500, 25.0
6.28000, 20.0
6.28500, 22.0
6.29000, 14.0
6.29500, 15.0
6.30000, 17.0
6.30500, 11.0
6.31000, 19.0
6.31500, 25.0
6.32000, 16.0
6.32500, 23.0
6.33000, 17.0
6.33500, 22.0
6.34000, 21.0
6.34500, 15.0
6.35000, 23.0
6.35500, 18.0
6.36000, 21.0
6.36500, 21.0
6.37000, 20.0
6.37500, 20.0
6.38000, 17.0
6.38500, 25.0
6.39000, 17.0
6.39500, 17.0
6.40000, 20.0
6.40500, 21.0
6.41000, 16.0
6.41500, 12.0
6.42000, 19.0
6.42500, 18.0
6.43000, 19.0
6.43500, 23.0
6.44000, 23.0
6.44500, 13.0
6.45000, 15.0
6.45500, 15.0
6.46000, 23.0
6.46500, 16.0
6.47000, 17.0
6.47500, 23.0
6.48000, 16.0
6.48500, 17.0
6.49000, 25.0
6.49500, 14.0
6.50000, 16.0
6.50500, 24.0
6.51000, 16.0
6.51500, 19.0
6.52000, 24.0
6.52500, 16.0
6.53000, 19.0
6.53500, 17.0
6.54000, 17.0
6.54500, 16.0
6.55000, 21.0
6.55500, 16.0
6.56000, 15.0
6.56500, 17.0
6.57000, 23.0
6.57500, 13.0
6.58000, 16.0
6.58500, 14.0
6.59000, 16.0
6.59500, 16.0
6.60000, 18.0
6.60500, 19.0
6.61000, 20.0
6.61500, 23.0
6.62000, 12.0
6.62500, 11.0
6.63000, 13.0
6.63500, 13.0
6.64000, 19.0
6.64500, 15.0
6.65000, 22.0
6.65500, 20.0
6.66000, 21.0
6.66500, 17.0
6.67000, 17.0
6.67500, 18.0
6.68000, 15.0
6.68500, 17.0
6.69000, 15.0
6.69500, 17.0
6.70000, 22.0
6.70500, 11.0
6.71000, 17.0
6.71500, 20.0
6.72000, 24.0
6.72500, 24.0
6.73000, 6.0
6.73500, 14.0
6.74000, 21.0
6.74500, 16.0
6.75000, 10.0
6.75500, 21.0
6.76000, 22.0
6.76500, 17.0
6.77000, 16.0
6.77500, 17.0
6.78000, 13.0
6.78500, 18.0
6.79000, 16.0
6.79500, 17.0
6.80000, 19.0
6.80500, 14.0
6.81000, 11.0
6.81500, 14.0
6.82000, 19.0
6.82500, 20.0
6.83000, 14.0
6.83500, 18.0
6.84000, 10.0
6.84500, 16.0
6.85000, 18.0
6.85500, 14.0
6.86000, 15.0
6.86500, 12.0
6.87000, 25.0
6.87500, 16.0
6.88000, 18.0
6.88500, 17.0
6.89000, 18.0
6.89500, 18.0
6.90000, 11.0
6.90500, 18.0
6.91000, 16.0
6.91500, 11.0
6.92000, 14.0
6.92500, 18.0
6.93000, 15.0
6.93500, 10.0
6.94000, 28.0
6.94500, 12.0
6.95000, 15.0
6.95500, 16.0
6.96000, 11.0
6.96500, 17.0
6.97000, 11.0
6.97500, 26.0
6.98000, 7.0
6.98500, 14.0
6.99000, 14.0
6.99500, 15.0
7.00000, 13.0
7.00500, 16.0
7.01000, 17.0
7.01500, 18.0
7.02000, 20.0
7.02500, 14.0
7.03000, 13.0
7.03500, 14.0
7.04000, 12.0
7.04500, 21.0
7.05000, 16.0
7.05500, 17.0
7.06000, 16.0
7.06500, 9.0
7.07000, 7.0
7.07500, 20.0
7.08000, 10.0
7.08500, 15.0
7.09000, 9.0
7.09500, 21.0
7.10000, 13.0
7.10500, 18.0
7.11000, 24.0
7.11500, 15.0
7.12000, 13.0
7.12500, 17.0
7.13000, 8.0
7.13500, 16.0
7.14000, 11.0
7.14500, 17.0
7.15000, 13.0
7.15500, 12.0
7.16000, 19.0
7.16500, 12.0
7.17000, 12.0
7.17500, 24.0
7.18000, 11.0
7.18500, 15.0
7.19000, 9.0
7.19500, 17.0
7.20000, 19.0
7.20500, 9.0
7.21000, 13.0
7.21500, 9.0
7.22000, 11.0
7.22500, 20.0
7.23000, 9.0
7.23500, 14.0
7.24000, 19.0
7.24500, 24.0
7.25000, 11.0
7.25500, 14.0
7.26000, 14.0
7.26500, 13.0
7.27000, 13.0
7.27500, 17.0
7.28000, 16.0
7.28500, 14.0
7.29000, 14.0
7.29500, 8.0
7.30000, 16.0
7.30500, 11.0
7.31000, 12.0
7.31500, 12.0
7.32000, 9.0
7.32500, 11.0
7.33000, 11.0
7.33500, 14.0
7.34000, 11.0
7.34500, 11.0
7.35000, 11.0
7.35500, 14.0
7.36000, 11.0
7.36500, 13.0
7.37000, 13.0
7.37500, 14.0
7.38000, 9.0
7.38500, 18.0
7.39000, 12.0
7.39500, 9.0
7.40000, 13.0
7.40500, 11.0
7.41000, 17.0
7.41500, 11.0
7.42000, 16.0
7.42500, 12.0
7.43000, 10.0
7.43500, 20.0
7.44000, 9.0
7.44500, 8.0
7.45000, 9.0
7.45500, 14.0
7.46000, 12.0
7.46500, 9.0
7.47000, 13.0
7.47500, 9.0
7.48000, 17.0
7.48500, 12.0
7.49000, 11.0
7.49500, 7.0
7.50000, 10.0
7.50500, 17.0
7.51000, 15.0
7.51500, 8.0
7.52000, 13.0
7.52500, 17.0
7.53000, 7.0
7.53500, 8.0
7.54000, 4.0
7.54500, 12.0
7.55000, 14.0
7.55500, 10.0
7.56000, 12.0
7.56500, 10.0
7.57000, 7.0
7.57500, 10.0
7.58000, 13.0
7.58500, 15.0
7.59000, 12.0
7.59500, 11.0
7.60000, 12.0
7.60500, 10.0
7.61000, 10.0
7.61500, 4.0
7.62000, 12.0
7.62500, 7.0
7.63000, 16.0
7.63500, 9.0
7.64000, 10.0
7.64500, 15.0
7.65000, 13.0
7.65500, 10.0
7.66000, 7.0
7.66500, 10.0
7.67000, 8.0
7.67500, 8.0
7.68000, 12.0
7.68500, 8.0
7.69000, 10.0
7.69500, 18.0
7.70000, 13.0
7.70500, 9.0
7.71000, 11.0
7.71500, 10.0
7.72000, 14.0
7.72500, 7.0
7.73000, 8.0
7.73500, 7.0
7.74000, 14.0
7.74500, 15.0
7.75000, 8.0
7.75500, 13.0
7.76000, 10.0
7.76500, 9.0
7.77000, 7.0
7.77500, 15.0
7.78000, 15.0
7.78500, 7.0
7.79000, 15.0
7.79500, 14.0
7.80000, 7.0
7.80500, 11.0
7.81000, 10.0
7.81500, 14.0
7.82000, 9.0
7.82500, 18.0
7.83000, 5.0
7.83500, 12.0
7.84000, 5.0
7.84500, 12.0
7.85000, 11.0
7.85500, 9.0
7.86000, 12.0
7.86500, 10.0
7.87000, 12.0
7.87500, 9.0
7.88000, 6.0
7.88500, 9.0
7.89000, 5.0
7.89500, 15.0
7.90000, 12.0
7.90500, 10.0
7.91000, 16.0
7.91500, 11.0
7.92000, 6.0
7.92500, 11.0
7.93000, 13.0
7.93500, 11.0
7.94000, 9.0
7.94500, 9.0
7.95000, 9.0
7.95500, 10.0
7.96000, 16.0
7.96500, 15.0
7.97000, 9.0
7.97500, 5.0
7.98000, 13.0
7.98500, 8.0
7.99000, 8.0
7.99500, 5.0
8.00000, 8.0
8.00500, 8.0
8.01000, 5.0
8.01500, 8.0
8.02000, 8.0
8.02500, 11.0
8.03000, 6.0
8.03500, 11.0
8.04000, 6.0
8.04500, 4.0
8.05000, 9.0
8.05500, 12.0
8.06000, 10.0
8.06500, 9.0
8.07000, 14.0
8.07500, 9.0
8.08000, 7.0
8.08500, 10.0
8.09000, 10.0
8.09500, 11.0
8.10000, 9.0
8.10500, 13.0
8.11000, 11.0
8.11500, 5.0
8.12000, 11.0
8.12500, 11.0
8.13000, 6.0
8.13500, 8.0
8.14000, 7.0
8.14500, 5.0
8.15000, 10.0
8.15500, 10.0
8.16000, 3.0
8.16500, 7.0
8.17000, 10.0
8.17500, 10.0
8.18000, 11.0
8.18500, 8.0
8.19000, 12.0
8.19500, 3.0
8.20000, 9.0
8.20500, 16.0
8.21000, 10.0
8.21500, 5.0
8.22000, 13.0
8.22500, 6.0
8.23000, 16.0
8.23500, 7.0
8.24000, 9.0
8.24500, 10.0
8.25000, 10.0
8.25500, 7.0
8.26000, 7.0
8.26500, 10.0
8.27000, 13.0
8.27500, 9.0
8.28000, 14.0
8.28500, 6.0
8.29000, 12.0
8.29500, 11.0
8.30000, 4.0
8.30500, 4.0
8.31000, 5.0
8.31500, 8.0
8.32000, 12.0
8.32500, 13.0
8.33000, 11.0
8.33500, 10.0
8.34000, 13.0
8.34500, 5.0
8.35000, 13.0
8.35500, 12.0
8.36000, 9.0
8.36500, 8.0
8.37000, 4.0
8.37500, 6.0
8.38000, 8.0
8.38500, 9.0
8.39000, 11.0
8.39500, 12.0
8.40000, 7.0
8.40500, 5.0
8.41000, 6.0
8.41500, 5.0
8.42000, 10.0
8.42500, 7.0
8.43000, 6.0
8.43500, 11.0
8.44000, 6.0
8.44500, 12.0
8.45000, 12.0
8.45500, 4.0
8.46000, 9.0
8.46500, 7.0
8.47000, 9.0
8.47500, 7.0
8.48000, 5.0
8.48500, 13.0
8.49000, 5.0
8.49500, 7.0
8.50000, 9.0
8.50500, 9.0
8.51000, 8.0
8.51500, 9.0
8.52000, 6.0
8.52500, 5.0
8.53000, 8.0
8.53500, 4.0
8.54000, 6.0
8.54500, 9.0
8.55000, 11.0
8.55500, 8.0
8.56000, 10.0
8.56500, 9.0
8.57000, 11.0
8.57500, 9.0
8.58000, 5.0
8.58500, 13.0
8.59000, 7.0
8.59500, 8.0
8.60000, 1.0
8.60500, 4.0
8.61000, 7.0
8.61500, 7.0
8.62000, 7.0
8.62500, 6.0
8.63000, 7.0
8.63500, 6.0
8.64000, 11.0
8.64500, 7.0
8.65000, 3.0
8.65500, 8.0
8.66000, 12.0
8.66500, 5.0
8.67000, 7.0
8.67500, 5.0
8.68000, 8.0
8.68500, 3.0
8.69000, 9.0
8.69500, 3.0
8.70000, 7.0
8.70500, 9.0
8.71000, 9.0
8.71500, 6.0
8.72000, 8.0
8.72500, 6.0
8.73000, 5.0
8.73500, 3.0
8.74000, 9.0
8.74500, 5.0
8.75000, 10.0
8.75500, 8.0
8.76000, 4.0
8.76500, 5.0
8.77000, 6.0
8.77500, 2.0
8.78000, 5.0
8.78500, 7.0
8.79000, 14.0
8.79500, 8.0
8.80000, 7.0
8.80500, 6.0
8.81000, 6.0
8.81500, 4.0
8.82000, 6.0
8.82500, 9.0
8.83000, 7.0
8.83500, 9.0
8.84000, 5.0
8.84500, 7.0
8.85000, 6.0
8.85500, 5.0
8.86000, 9.0
8.86500, 7.0
8.87000, 11.0
8.87500, 6.0
8.88000, 8.0
8.88500, 6.0
8.89000, 2.0
8.89500, 9.0
8.90000, 3.0
8.90500, 10.0
8.91000, 8.0
8.91500, 9.0
8.92000, 7.0
8.92500, 7.0
8.93000, 4.0
8.93500, 8.0
8.94000, 7.0
8.94500, 6.0
8.95000, 6.0
8.95500, 8.0
8.96000, 9.0
8.96500, 6.0
8.97000, 1.0
8.97500, 4.0
8.98000, 2.0
8.98500, 7.0
8.99000, 6.0
8.99500, 3.0
9.00000, 8.0
9.00500, 9.0
9.01000, 9.0
9.01500, 6.0
9.02000, 9.0
9.02500, 10.0
9.03000, 11.0
9.03500, 5.0
9.04000, 5.0
9.04500, 12.0
9.05000, 7.0
9.05500, 6.0
9.06000, 3.0
9.06500, 6.0
9.07000, 3.0
9.07500, 7.0
9.08000, 7.0
9.08500, 4.0
9.09000, 9.0
9.09500, 7.0
9.10000, 5.0
9.10500, 5.0
9.11000, 5.0
9.11500, 4.0
9.12000, 5.0
9.12500, 11.0
9.13000, 6.0
9.13500, 6.0
9.14000, 5.0
9.14500, 3.0
9.15000, 2.0
9.15500, 6.0
9.16000, 1.0
9.16500, 6.0
9.17000, 7.0
9.17500, 3.0
9.18000, 4.0
9.18500, 2.0
9.19000, 4.0
9.19500, 6.0
9.20000, 3.0
9.20500, 5.0
9.21000, 5.0
9.21500, 5.0
9.22000, 9.0
9.22500, 4.0
9.23000, 5.0
9.23500, 5.0
9.24000, 3.0
9.24500, 7.0
9.25000, 5.0
9.25500, 5.0
9.26000, 10.0
9.26500, 4.0
9.27000, 4.0
9.27500, 5.0
9.28000, 1.0
9.28500, 4.0
9.29000, 8.0
9.29500, 3.0
9.30000, 4.0
9.30500, 4.0
9.31000, 4.0
9.31500, 5.0
9.32000, 4.0
9.32500, 2.0
9.33000, 5.0
9.33500, 4.0
9.34000, 7.0
9.34500, 2.0
9.35000, 3.0
9.35500, 6.0
9.36000, 4.0
9.36500, 9.0
9.37000, 6.0
9.37500, 4.0
9.38000, 5.0
9.38500, 7.0
9.39000, 3.0
9.39500, 7.0
9.40000, 4.0
9.40500, 5.0
9.41000, 6.0
9.41500, 2.0
9.42000, 6.0
9.42500, 2.0
9.43000, 4.0
9.43500, 3.0
9.44000, 7.0
9.44500, 1.0
9.45000, 6.0
9.45500, 4.0
9.46000, 7.0
9.46500, 4.0
9.47000, 2.0
9.47500, 6.0
9.48000, 4.0
9.48500, 4.0
9.49000, 6.0
9.49500, 5.0
9.50000, 3.0
9.50500, 5.0
9.51000, 6.0
9.51500, 3.0
9.52000, 7.0
9.52500, 11.0
9.53000, 5.0
9.53500, 6.0
9.54000, 5.0
9.54500, 5.0
9.55000, 6.0
9.55500, 9.0
9.56000, 3.0
9.56500, 8.0
9.57000, 4.0
9.57500, 1.0
9.58000, 5.0
9.58500, 2.0
9.59000, 6.0
9.59500, 1.0
9.60000, 3.0
9.60500, 3.0
9.61000, 5.0
9.61500, 3.0
9.62000, 5.0
9.62500, 3.0
9.63000, 2.0
9.63500, 3.0
9.64000, 1.0
9.64500, 2.0
9.65000, 7.0
9.65500, 4.0
9.66000, 3.0
9.66500, 2.0
9.67000, 3.0
9.67500, 2.0
9.68000, 1.0
9.68500, 5.0
9.69000, 3.0
9.69500, 6.0
9.70000, 4.0
9.70500, 7.0
9.71000, 6.0
9.71500, 3.0
9.72000, 3.0
9.72500, 1.0
9.73000, 1.0
9.73500, 2.0
9.74000, 4.0
9.74500, 3.0
9.75000, 3.0
9.75500, 6.0
9.76000, 3.0
9.76500, 3.0
9.77000, 3.0
9.77500, 2.0
9.78000, 2.0
9.78500, 2.0
9.79000, 5.0
9.79500, 2.0
9.80000, 1.0
9.80500, 3.0
9.81000, 3.0
9.81500, 3.0
9.82000, 2.0
9.82500, 0.0
9.83000, 3.0
9.83500, 4.0
9.84000, 5.0
9.84500, 1.0
9.85000, 1.0
9.85500, 1.0
9.86000, 4.0
9.86500, 3.0
9.87000, 3.0
9.87500, 1.0
9.88000, 2.0
9.88500, 0.0
9.89000, 2.0
9.89500, 2.0
9.90000, 4.0
9.90500, 3.0
9.91000, 1.0
9.91500, 3.0
9.92000, 2.0
9.92500, 1.0
9.93000, 4.0
9.93500, 0.0
9.94000, 2.0
9.94500, 3.0
9.95000, 0.0
9.95500, 1.0
9.96000, 1.0
9.96500, 1.0
9.97000, 1.0
9.97500, 0.0
9.98000, 2.0
9.98500, 2.0
9.99000, 3.0
9.99500, 2.0
10.00000, 0.0
10.00500, 1.0
10.01000, 1.0
10.01500, 1.0
10.02000, 0.0
10.02500, 0.0
10.03000, 0.0
10.03500, 1.0
10.04000, 0.0
10.04500, 2.0
10.05000, 0.0
10.05500, 0.0
10.06000, 0.0
10.06500, 0.0
10.07000, 1.0
10.07500, 0.0
10.08000, 0.0
10.08500, 1.0
10.09000, 0.0
10.09500, 0.0
10.10000, 0.0
10.10500, 1.0
10.11000, 0.0
10.11500, 1.0
10.12000, 1.0
10.12500, 0.0
10.13000, 0.0
10.13500, 0.0
#ENDOFDATA   : 
