#FORMAT      : EMSA/MAS Spectral Data File
#VERSION     : 1.0
#TITLE       : 20250425_10K_H12_1
#DATE        : 24-APR-2025
#TIME        : 09:34
#OWNER       : 
#NPOINTS     : 2048.0
#NCOLUMNS    : 1.0
#XUNITS      : keV
#YUNITS      : counts
#DATATYPE    : XY
#XPERCHAN    : 0.005
#OFFSET      : -0.1
#SIGNALTYPE  : EDS
#CHOFFSET    : 20.0
#LIVETIME    : 60.0
#REALTIME    : 61.491600037
#BEAMKV      : 10.0
#MAGCAM      : 4000.0
#XTILTSTGE   : 0.0
#AZIMANGLE   : 0.0
#ELEVANGLE   : 29.0
#XPOSITION mm: 0.7570
#YPOSITION mm: 0.1853
#ZPOSITION mm: 13.4437
##OXINSTPT   : 2
##OXINSTSTROB: 67.53
##OXINSTELEMS: 42,16,14,8
##OXINSTLABEL: 42, 2.293, Mo
##OXINSTLABEL: 42, 2.395, Mo
##OXINSTLABEL: 42, 2.120, Mo
##OXINSTLABEL: 42, 2.831, Mo
##OXINSTLABEL: 42, 2.016, Mo
##OXINSTLABEL: 42, 0.193, Mo
##OXINSTLABEL: 16, 2.308, S
##OXINSTLABEL: 16, 2.464, S
##OXINSTLABEL: 14, 1.740, Si
##OXINSTLABEL: 8, 0.525, O
#SPECTRUM    : Spectral Data Starts Here
-0.10000, 0.0
-0.09500, 0.0
-0.09000, 0.0
-0.08500, 0.0
-0.08000, 0.0
-0.07500, 0.0
-0.07000, 2.0
-0.06500, 2.0
-0.06000, 3.0
-0.05500, 8.0
-0.05000, 13.0
-0.04500, 21.0
-0.04000, 34.0
-0.03500, 52.0
-0.03000, 73.0
-0.02500, 103.0
-0.02000, 134.0
-0.01500, 172.0
-0.01000, 237.0
-0.00500, 297.0
0.00000, 391.0
0.00500, 472.0
0.01000, 572.0
0.01500, 680.0
0.02000, 772.0
0.02500, 886.0
0.03000, 970.0
0.03500, 1019.0
0.04000, 1011.0
0.04500, 1071.0
0.05000, 1141.0
0.05500, 1083.0
0.06000, 1007.0
0.06500, 974.0
0.07000, 923.0
0.07500, 743.0
0.08000, 635.0
0.08500, 567.0
0.09000, 506.0
0.09500, 437.0
0.10000, 370.0
0.10500, 318.0
0.11000, 290.0
0.11500, 260.0
0.12000, 293.0
0.12500, 288.0
0.13000, 297.0
0.13500, 331.0
0.14000, 333.0
0.14500, 366.0
0.15000, 357.0
0.15500, 404.0
0.16000, 421.0
0.16500, 441.0
0.17000, 432.0
0.17500, 416.0
0.18000, 399.0
0.18500, 372.0
0.19000, 327.0
0.19500, 329.0
0.20000, 307.0
0.20500, 306.0
0.21000, 313.0
0.21500, 289.0
0.22000, 271.0
0.22500, 280.0
0.23000, 310.0
0.23500, 326.0
0.24000, 319.0
0.24500, 370.0
0.25000, 393.0
0.25500, 409.0
0.26000, 446.0
0.26500, 443.0
0.27000, 434.0
0.27500, 469.0
0.28000, 469.0
0.28500, 433.0
0.29000, 404.0
0.29500, 369.0
0.30000, 339.0
0.30500, 295.0
0.31000, 252.0
0.31500, 227.0
0.32000, 202.0
0.32500, 166.0
0.33000, 133.0
0.33500, 129.0
0.34000, 110.0
0.34500, 106.0
0.35000, 100.0
0.35500, 91.0
0.36000, 77.0
0.36500, 84.0
0.37000, 90.0
0.37500, 100.0
0.38000, 83.0
0.38500, 84.0
0.39000, 91.0
0.39500, 94.0
0.40000, 108.0
0.40500, 108.0
0.41000, 93.0
0.41500, 93.0
0.42000, 99.0
0.42500, 124.0
0.43000, 136.0
0.43500, 133.0
0.44000, 165.0
0.44500, 192.0
0.45000, 229.0
0.45500, 248.0
0.46000, 309.0
0.46500, 384.0
0.47000, 473.0
0.47500, 548.0
0.48000, 625.0
0.48500, 732.0
0.49000, 837.0
0.49500, 942.0
0.50000, 1087.0
0.50500, 1160.0
0.51000, 1209.0
0.51500, 1273.0
0.52000, 1272.0
0.52500, 1252.0
0.53000, 1238.0
0.53500, 1251.0
0.54000, 1134.0
0.54500, 1040.0
0.55000, 969.0
0.55500, 857.0
0.56000, 727.0
0.56500, 643.0
0.57000, 556.0
0.57500, 462.0
0.58000, 390.0
0.58500, 308.0
0.59000, 265.0
0.59500, 212.0
0.60000, 189.0
0.60500, 170.0
0.61000, 170.0
0.61500, 152.0
0.62000, 152.0
0.62500, 139.0
0.63000, 123.0
0.63500, 134.0
0.64000, 119.0
0.64500, 123.0
0.65000, 134.0
0.65500, 136.0
0.66000, 134.0
0.66500, 152.0
0.67000, 130.0
0.67500, 136.0
0.68000, 128.0
0.68500, 129.0
0.69000, 143.0
0.69500, 121.0
0.70000, 126.0
0.70500, 132.0
0.71000, 125.0
0.71500, 153.0
0.72000, 160.0
0.72500, 164.0
0.73000, 145.0
0.73500, 141.0
0.74000, 151.0
0.74500, 159.0
0.75000, 157.0
0.75500, 167.0
0.76000, 160.0
0.76500, 142.0
0.77000, 158.0
0.77500, 164.0
0.78000, 166.0
0.78500, 162.0
0.79000, 170.0
0.79500, 181.0
0.80000, 171.0
0.80500, 182.0
0.81000, 171.0
0.81500, 173.0
0.82000, 181.0
0.82500, 195.0
0.83000, 172.0
0.83500, 153.0
0.84000, 191.0
0.84500, 201.0
0.85000, 190.0
0.85500, 168.0
0.86000, 182.0
0.86500, 199.0
0.87000, 175.0
0.87500, 174.0
0.88000, 164.0
0.88500, 182.0
0.89000, 201.0
0.89500, 192.0
0.90000, 195.0
0.90500, 194.0
0.91000, 195.0
0.91500, 211.0
0.92000, 192.0
0.92500, 194.0
0.93000, 199.0
0.93500, 177.0
0.94000, 210.0
0.94500, 198.0
0.95000, 183.0
0.95500, 178.0
0.96000, 176.0
0.96500, 195.0
0.97000, 186.0
0.97500, 190.0
0.98000, 190.0
0.98500, 196.0
0.99000, 192.0
0.99500, 189.0
1.00000, 208.0
1.00500, 195.0
1.01000, 182.0
1.01500, 189.0
1.02000, 207.0
1.02500, 207.0
1.03000, 201.0
1.03500, 198.0
1.04000, 203.0
1.04500, 210.0
1.05000, 204.0
1.05500, 174.0
1.06000, 191.0
1.06500, 178.0
1.07000, 191.0
1.07500, 199.0
1.08000, 168.0
1.08500, 192.0
1.09000, 214.0
1.09500, 198.0
1.10000, 189.0
1.10500, 191.0
1.11000, 208.0
1.11500, 193.0
1.12000, 178.0
1.12500, 190.0
1.13000, 188.0
1.13500, 195.0
1.14000, 182.0
1.14500, 197.0
1.15000, 214.0
1.15500, 217.0
1.16000, 193.0
1.16500, 204.0
1.17000, 192.0
1.17500, 204.0
1.18000, 191.0
1.18500, 179.0
1.19000, 201.0
1.19500, 206.0
1.20000, 195.0
1.20500, 201.0
1.21000, 201.0
1.21500, 200.0
1.22000, 197.0
1.22500, 196.0
1.23000, 196.0
1.23500, 197.0
1.24000, 194.0
1.24500, 209.0
1.25000, 212.0
1.25500, 206.0
1.26000, 207.0
1.26500, 194.0
1.27000, 175.0
1.27500, 203.0
1.28000, 204.0
1.28500, 221.0
1.29000, 202.0
1.29500, 213.0
1.30000, 187.0
1.30500, 200.0
1.31000, 203.0
1.31500, 196.0
1.32000, 210.0
1.32500, 201.0
1.33000, 177.0
1.33500, 189.0
1.34000, 189.0
1.34500, 182.0
1.35000, 187.0
1.35500, 177.0
1.36000, 184.0
1.36500, 197.0
1.37000, 200.0
1.37500, 179.0
1.38000, 193.0
1.38500, 224.0
1.39000, 195.0
1.39500, 179.0
1.40000, 198.0
1.40500, 182.0
1.41000, 207.0
1.41500, 201.0
1.42000, 204.0
1.42500, 207.0
1.43000, 212.0
1.43500, 203.0
1.44000, 204.0
1.44500, 195.0
1.45000, 191.0
1.45500, 197.0
1.46000, 197.0
1.46500, 173.0
1.47000, 217.0
1.47500, 232.0
1.48000, 207.0
1.48500, 211.0
1.49000, 205.0
1.49500, 211.0
1.50000, 226.0
1.50500, 212.0
1.51000, 195.0
1.51500, 212.0
1.52000, 220.0
1.52500, 197.0
1.53000, 201.0
1.53500, 227.0
1.54000, 227.0
1.54500, 222.0
1.55000, 241.0
1.55500, 208.0
1.56000, 198.0
1.56500, 205.0
1.57000, 192.0
1.57500, 203.0
1.58000, 216.0
1.58500, 210.0
1.59000, 222.0
1.59500, 231.0
1.60000, 247.0
1.60500, 243.0
1.61000, 226.0
1.61500, 275.0
1.62000, 277.0
1.62500, 327.0
1.63000, 357.0
1.63500, 378.0
1.64000, 473.0
1.64500, 605.0
1.65000, 741.0
1.65500, 939.0
1.66000, 1141.0
1.66500, 1426.0
1.67000, 1772.0
1.67500, 2162.0
1.68000, 2517.0
1.68500, 3044.0
1.69000, 3746.0
1.69500, 4263.0
1.70000, 4807.0
1.70500, 5367.0
1.71000, 5943.0
1.71500, 6640.0
1.72000, 7138.0
1.72500, 7577.0
1.73000, 7804.0
1.73500, 8228.0
1.74000, 8282.0
1.74500, 8281.0
1.75000, 8148.0
1.75500, 8072.0
1.76000, 7695.0
1.76500, 7214.0
1.77000, 6669.0
1.77500, 6170.0
1.78000, 5569.0
1.78500, 4878.0
1.79000, 4300.0
1.79500, 3778.0
1.80000, 3202.0
1.80500, 2808.0
1.81000, 2386.0
1.81500, 2005.0
1.82000, 1734.0
1.82500, 1423.0
1.83000, 1194.0
1.83500, 1043.0
1.84000, 865.0
1.84500, 789.0
1.85000, 707.0
1.85500, 618.0
1.86000, 519.0
1.86500, 482.0
1.87000, 426.0
1.87500, 380.0
1.88000, 378.0
1.88500, 296.0
1.89000, 270.0
1.89500, 254.0
1.90000, 218.0
1.90500, 210.0
1.91000, 173.0
1.91500, 187.0
1.92000, 159.0
1.92500, 170.0
1.93000, 154.0
1.93500, 154.0
1.94000, 141.0
1.94500, 149.0
1.95000, 146.0
1.95500, 136.0
1.96000, 125.0
1.96500, 138.0
1.97000, 143.0
1.97500, 152.0
1.98000, 156.0
1.98500, 159.0
1.99000, 154.0
1.99500, 155.0
2.00000, 148.0
2.00500, 141.0
2.01000, 155.0
2.01500, 152.0
2.02000, 163.0
2.02500, 137.0
2.03000, 137.0
2.03500, 162.0
2.04000, 165.0
2.04500, 160.0
2.05000, 157.0
2.05500, 153.0
2.06000, 136.0
2.06500, 131.0
2.07000, 142.0
2.07500, 150.0
2.08000, 119.0
2.08500, 128.0
2.09000, 110.0
2.09500, 131.0
2.10000, 130.0
2.10500, 127.0
2.11000, 140.0
2.11500, 134.0
2.12000, 114.0
2.12500, 119.0
2.13000, 133.0
2.13500, 126.0
2.14000, 140.0
2.14500, 135.0
2.15000, 128.0
2.15500, 124.0
2.16000, 116.0
2.16500, 135.0
2.17000, 136.0
2.17500, 173.0
2.18000, 175.0
2.18500, 167.0
2.19000, 190.0
2.19500, 221.0
2.20000, 246.0
2.20500, 257.0
2.21000, 346.0
2.21500, 379.0
2.22000, 455.0
2.22500, 553.0
2.23000, 666.0
2.23500, 699.0
2.24000, 859.0
2.24500, 1006.0
2.25000, 1162.0
2.25500, 1295.0
2.26000, 1499.0
2.26500, 1647.0
2.27000, 1730.0
2.27500, 1906.0
2.28000, 2065.0
2.28500, 2217.0
2.29000, 2243.0
2.29500, 2436.0
2.30000, 2446.0
2.30500, 2417.0
2.31000, 2466.0
2.31500, 2507.0
2.32000, 2449.0
2.32500, 2445.0
2.33000, 2270.0
2.33500, 2139.0
2.34000, 1975.0
2.34500, 1886.0
2.35000, 1774.0
2.35500, 1563.0
2.36000, 1420.0
2.36500, 1310.0
2.37000, 1239.0
2.37500, 1089.0
2.38000, 945.0
2.38500, 976.0
2.39000, 899.0
2.39500, 778.0
2.40000, 784.0
2.40500, 712.0
2.41000, 629.0
2.41500, 616.0
2.42000, 596.0
2.42500, 556.0
2.43000, 496.0
2.43500, 540.0
2.44000, 482.0
2.44500, 488.0
2.45000, 460.0
2.45500, 466.0
2.46000, 422.0
2.46500, 366.0
2.47000, 356.0
2.47500, 382.0
2.48000, 336.0
2.48500, 300.0
2.49000, 313.0
2.49500, 285.0
2.50000, 277.0
2.50500, 252.0
2.51000, 248.0
2.51500, 221.0
2.52000, 214.0
2.52500, 187.0
2.53000, 189.0
2.53500, 169.0
2.54000, 156.0
2.54500, 164.0
2.55000, 157.0
2.55500, 130.0
2.56000, 116.0
2.56500, 133.0
2.57000, 122.0
2.57500, 130.0
2.58000, 112.0
2.58500, 109.0
2.59000, 109.0
2.59500, 92.0
2.60000, 118.0
2.60500, 106.0
2.61000, 93.0
2.61500, 94.0
2.62000, 101.0
2.62500, 88.0
2.63000, 99.0
2.63500, 103.0
2.64000, 92.0
2.64500, 88.0
2.65000, 88.0
2.65500, 85.0
2.66000, 91.0
2.66500, 83.0
2.67000, 84.0
2.67500, 84.0
2.68000, 85.0
2.68500, 68.0
2.69000, 77.0
2.69500, 92.0
2.70000, 82.0
2.70500, 91.0
2.71000, 86.0
2.71500, 74.0
2.72000, 80.0
2.72500, 78.0
2.73000, 70.0
2.73500, 68.0
2.74000, 77.0
2.74500, 78.0
2.75000, 73.0
2.75500, 89.0
2.76000, 85.0
2.76500, 76.0
2.77000, 81.0
2.77500, 77.0
2.78000, 63.0
2.78500, 61.0
2.79000, 78.0
2.79500, 78.0
2.80000, 76.0
2.80500, 95.0
2.81000, 101.0
2.81500, 92.0
2.82000, 87.0
2.82500, 73.0
2.83000, 73.0
2.83500, 82.0
2.84000, 81.0
2.84500, 56.0
2.85000, 76.0
2.85500, 84.0
2.86000, 76.0
2.86500, 79.0
2.87000, 74.0
2.87500, 74.0
2.88000, 71.0
2.88500, 76.0
2.89000, 69.0
2.89500, 76.0
2.90000, 85.0
2.90500, 72.0
2.91000, 78.0
2.91500, 55.0
2.92000, 70.0
2.92500, 67.0
2.93000, 76.0
2.93500, 72.0
2.94000, 74.0
2.94500, 78.0
2.95000, 69.0
2.95500, 66.0
2.96000, 75.0
2.96500, 62.0
2.97000, 69.0
2.97500, 67.0
2.98000, 74.0
2.98500, 61.0
2.99000, 70.0
2.99500, 70.0
3.00000, 62.0
3.00500, 64.0
3.01000, 81.0
3.01500, 78.0
3.02000, 77.0
3.02500, 57.0
3.03000, 54.0
3.03500, 64.0
3.04000, 59.0
3.04500, 61.0
3.05000, 67.0
3.05500, 71.0
3.06000, 61.0
3.06500, 70.0
3.07000, 61.0
3.07500, 55.0
3.08000, 63.0
3.08500, 74.0
3.09000, 77.0
3.09500, 80.0
3.10000, 76.0
3.10500, 63.0
3.11000, 70.0
3.11500, 68.0
3.12000, 62.0
3.12500, 48.0
3.13000, 65.0
3.13500, 75.0
3.14000, 78.0
3.14500, 55.0
3.15000, 63.0
3.15500, 64.0
3.16000, 64.0
3.16500, 77.0
3.17000, 59.0
3.17500, 63.0
3.18000, 58.0
3.18500, 66.0
3.19000, 65.0
3.19500, 62.0
3.20000, 64.0
3.20500, 54.0
3.21000, 60.0
3.21500, 67.0
3.22000, 48.0
3.22500, 59.0
3.23000, 59.0
3.23500, 50.0
3.24000, 67.0
3.24500, 73.0
3.25000, 68.0
3.25500, 49.0
3.26000, 56.0
3.26500, 65.0
3.27000, 77.0
3.27500, 59.0
3.28000, 70.0
3.28500, 59.0
3.29000, 56.0
3.29500, 64.0
3.30000, 68.0
3.30500, 65.0
3.31000, 54.0
3.31500, 60.0
3.32000, 72.0
3.32500, 62.0
3.33000, 56.0
3.33500, 53.0
3.34000, 66.0
3.34500, 67.0
3.35000, 61.0
3.35500, 50.0
3.36000, 79.0
3.36500, 59.0
3.37000, 60.0
3.37500, 76.0
3.38000, 62.0
3.38500, 50.0
3.39000, 45.0
3.39500, 64.0
3.40000, 58.0
3.40500, 65.0
3.41000, 58.0
3.41500, 54.0
3.42000, 62.0
3.42500, 60.0
3.43000, 56.0
3.43500, 64.0
3.44000, 68.0
3.44500, 61.0
3.45000, 61.0
3.45500, 61.0
3.46000, 77.0
3.46500, 74.0
3.47000, 65.0
3.47500, 74.0
3.48000, 65.0
3.48500, 63.0
3.49000, 71.0
3.49500, 77.0
3.50000, 68.0
3.50500, 64.0
3.51000, 69.0
3.51500, 62.0
3.52000, 63.0
3.52500, 60.0
3.53000, 69.0
3.53500, 72.0
3.54000, 62.0
3.54500, 71.0
3.55000, 63.0
3.55500, 62.0
3.56000, 73.0
3.56500, 61.0
3.57000, 53.0
3.57500, 54.0
3.58000, 59.0
3.58500, 61.0
3.59000, 65.0
3.59500, 56.0
3.60000, 48.0
3.60500, 54.0
3.61000, 70.0
3.61500, 62.0
3.62000, 51.0
3.62500, 55.0
3.63000, 55.0
3.63500, 53.0
3.64000, 63.0
3.64500, 48.0
3.65000, 60.0
3.65500, 55.0
3.66000, 55.0
3.66500, 55.0
3.67000, 46.0
3.67500, 55.0
3.68000, 61.0
3.68500, 45.0
3.69000, 48.0
3.69500, 47.0
3.70000, 51.0
3.70500, 48.0
3.71000, 56.0
3.71500, 54.0
3.72000, 52.0
3.72500, 60.0
3.73000, 64.0
3.73500, 49.0
3.74000, 55.0
3.74500, 52.0
3.75000, 60.0
3.75500, 47.0
3.76000, 47.0
3.76500, 37.0
3.77000, 49.0
3.77500, 41.0
3.78000, 46.0
3.78500, 66.0
3.79000, 56.0
3.79500, 56.0
3.80000, 44.0
3.80500, 44.0
3.81000, 48.0
3.81500, 58.0
3.82000, 55.0
3.82500, 54.0
3.83000, 46.0
3.83500, 44.0
3.84000, 55.0
3.84500, 63.0
3.85000, 59.0
3.85500, 55.0
3.86000, 44.0
3.86500, 52.0
3.87000, 57.0
3.87500, 50.0
3.88000, 47.0
3.88500, 64.0
3.89000, 54.0
3.89500, 40.0
3.90000, 49.0
3.90500, 49.0
3.91000, 51.0
3.91500, 49.0
3.92000, 40.0
3.92500, 43.0
3.93000, 48.0
3.93500, 52.0
3.94000, 54.0
3.94500, 56.0
3.95000, 36.0
3.95500, 49.0
3.96000, 56.0
3.96500, 53.0
3.97000, 40.0
3.97500, 37.0
3.98000, 44.0
3.98500, 43.0
3.99000, 41.0
3.99500, 46.0
4.00000, 39.0
4.00500, 54.0
4.01000, 44.0
4.01500, 43.0
4.02000, 55.0
4.02500, 56.0
4.03000, 51.0
4.03500, 39.0
4.04000, 44.0
4.04500, 47.0
4.05000, 47.0
4.05500, 63.0
4.06000, 52.0
4.06500, 48.0
4.07000, 56.0
4.07500, 53.0
4.08000, 45.0
4.08500, 37.0
4.09000, 46.0
4.09500, 44.0
4.10000, 47.0
4.10500, 45.0
4.11000, 45.0
4.11500, 49.0
4.12000, 53.0
4.12500, 61.0
4.13000, 54.0
4.13500, 41.0
4.14000, 47.0
4.14500, 37.0
4.15000, 40.0
4.15500, 50.0
4.16000, 39.0
4.16500, 49.0
4.17000, 46.0
4.17500, 56.0
4.18000, 59.0
4.18500, 48.0
4.19000, 42.0
4.19500, 44.0
4.20000, 48.0
4.20500, 52.0
4.21000, 32.0
4.21500, 47.0
4.22000, 45.0
4.22500, 39.0
4.23000, 45.0
4.23500, 44.0
4.24000, 37.0
4.24500, 42.0
4.25000, 54.0
4.25500, 45.0
4.26000, 42.0
4.26500, 35.0
4.27000, 40.0
4.27500, 36.0
4.28000, 43.0
4.28500, 47.0
4.29000, 43.0
4.29500, 30.0
4.30000, 48.0
4.30500, 45.0
4.31000, 38.0
4.31500, 43.0
4.32000, 40.0
4.32500, 44.0
4.33000, 43.0
4.33500, 52.0
4.34000, 37.0
4.34500, 48.0
4.35000, 45.0
4.35500, 33.0
4.36000, 37.0
4.36500, 42.0
4.37000, 46.0
4.37500, 47.0
4.38000, 34.0
4.38500, 46.0
4.39000, 48.0
4.39500, 47.0
4.40000, 33.0
4.40500, 44.0
4.41000, 37.0
4.41500, 40.0
4.42000, 42.0
4.42500, 46.0
4.43000, 51.0
4.43500, 49.0
4.44000, 41.0
4.44500, 35.0
4.45000, 36.0
4.45500, 40.0
4.46000, 35.0
4.46500, 35.0
4.47000, 27.0
4.47500, 33.0
4.48000, 41.0
4.48500, 47.0
4.49000, 44.0
4.49500, 34.0
4.50000, 39.0
4.50500, 40.0
4.51000, 45.0
4.51500, 35.0
4.52000, 44.0
4.52500, 34.0
4.53000, 36.0
4.53500, 33.0
4.54000, 36.0
4.54500, 41.0
4.55000, 40.0
4.55500, 45.0
4.56000, 40.0
4.56500, 39.0
4.57000, 36.0
4.57500, 50.0
4.58000, 38.0
4.58500, 48.0
4.59000, 41.0
4.59500, 37.0
4.60000, 51.0
4.60500, 40.0
4.61000, 33.0
4.61500, 36.0
4.62000, 34.0
4.62500, 37.0
4.63000, 33.0
4.63500, 44.0
4.64000, 38.0
4.64500, 41.0
4.65000, 44.0
4.65500, 41.0
4.66000, 53.0
4.66500, 31.0
4.67000, 34.0
4.67500, 44.0
4.68000, 36.0
4.68500, 38.0
4.69000, 33.0
4.69500, 43.0
4.70000, 26.0
4.70500, 30.0
4.71000, 40.0
4.71500, 40.0
4.72000, 35.0
4.72500, 30.0
4.73000, 33.0
4.73500, 39.0
4.74000, 37.0
4.74500, 41.0
4.75000, 36.0
4.75500, 40.0
4.76000, 44.0
4.76500, 38.0
4.77000, 30.0
4.77500, 33.0
4.78000, 40.0
4.78500, 46.0
4.79000, 35.0
4.79500, 39.0
4.80000, 36.0
4.80500, 29.0
4.81000, 28.0
4.81500, 41.0
4.82000, 30.0
4.82500, 28.0
4.83000, 32.0
4.83500, 43.0
4.84000, 28.0
4.84500, 42.0
4.85000, 33.0
4.85500, 39.0
4.86000, 32.0
4.86500, 33.0
4.87000, 33.0
4.87500, 38.0
4.88000, 40.0
4.88500, 43.0
4.89000, 38.0
4.89500, 28.0
4.90000, 32.0
4.90500, 48.0
4.91000, 33.0
4.91500, 29.0
4.92000, 35.0
4.92500, 37.0
4.93000, 30.0
4.93500, 40.0
4.94000, 35.0
4.94500, 38.0
4.95000, 43.0
4.95500, 31.0
4.96000, 37.0
4.96500, 32.0
4.97000, 33.0
4.97500, 40.0
4.98000, 34.0
4.98500, 33.0
4.99000, 29.0
4.99500, 28.0
5.00000, 26.0
5.00500, 32.0
5.01000, 23.0
5.01500, 34.0
5.02000, 28.0
5.02500, 28.0
5.03000, 33.0
5.03500, 28.0
5.04000, 34.0
5.04500, 39.0
5.05000, 36.0
5.05500, 31.0
5.06000, 30.0
5.06500, 27.0
5.07000, 40.0
5.07500, 28.0
5.08000, 32.0
5.08500, 36.0
5.09000, 39.0
5.09500, 31.0
5.10000, 26.0
5.10500, 25.0
5.11000, 27.0
5.11500, 33.0
5.12000, 28.0
5.12500, 26.0
5.13000, 32.0
5.13500, 34.0
5.14000, 32.0
5.14500, 26.0
5.15000, 32.0
5.15500, 29.0
5.16000, 30.0
5.16500, 32.0
5.17000, 24.0
5.17500, 24.0
5.18000, 30.0
5.18500, 38.0
5.19000, 26.0
5.19500, 33.0
5.20000, 38.0
5.20500, 32.0
5.21000, 32.0
5.21500, 27.0
5.22000, 24.0
5.22500, 23.0
5.23000, 25.0
5.23500, 20.0
5.24000, 22.0
5.24500, 31.0
5.25000, 35.0
5.25500, 30.0
5.26000, 39.0
5.26500, 24.0
5.27000, 29.0
5.27500, 25.0
5.28000, 37.0
5.28500, 20.0
5.29000, 30.0
5.29500, 26.0
5.30000, 31.0
5.30500, 32.0
5.31000, 30.0
5.31500, 35.0
5.32000, 32.0
5.32500, 25.0
5.33000, 31.0
5.33500, 28.0
5.34000, 31.0
5.34500, 24.0
5.35000, 25.0
5.35500, 26.0
5.36000, 33.0
5.36500, 33.0
5.37000, 26.0
5.37500, 24.0
5.38000, 25.0
5.38500, 24.0
5.39000, 25.0
5.39500, 32.0
5.40000, 36.0
5.40500, 31.0
5.41000, 26.0
5.41500, 34.0
5.42000, 25.0
5.42500, 23.0
5.43000, 32.0
5.43500, 21.0
5.44000, 35.0
5.44500, 32.0
5.45000, 26.0
5.45500, 31.0
5.46000, 26.0
5.46500, 29.0
5.47000, 22.0
5.47500, 25.0
5.48000, 25.0
5.48500, 28.0
5.49000, 32.0
5.49500, 23.0
5.50000, 26.0
5.50500, 31.0
5.51000, 29.0
5.51500, 31.0
5.52000, 28.0
5.52500, 29.0
5.53000, 29.0
5.53500, 28.0
5.54000, 21.0
5.54500, 16.0
5.55000, 28.0
5.55500, 25.0
5.56000, 29.0
5.56500, 26.0
5.57000, 34.0
5.57500, 25.0
5.58000, 24.0
5.58500, 23.0
5.59000, 25.0
5.59500, 25.0
5.60000, 24.0
5.60500, 25.0
5.61000, 26.0
5.61500, 32.0
5.62000, 25.0
5.62500, 25.0
5.63000, 21.0
5.63500, 26.0
5.64000, 29.0
5.64500, 32.0
5.65000, 20.0
5.65500, 20.0
5.66000, 20.0
5.66500, 19.0
5.67000, 29.0
5.67500, 27.0
5.68000, 24.0
5.68500, 26.0
5.69000, 25.0
5.69500, 19.0
5.70000, 34.0
5.70500, 24.0
5.71000, 17.0
5.71500, 24.0
5.72000, 29.0
5.72500, 16.0
5.73000, 22.0
5.73500, 20.0
5.74000, 22.0
5.74500, 18.0
5.75000, 33.0
5.75500, 28.0
5.76000, 32.0
5.76500, 27.0
5.77000, 22.0
5.77500, 21.0
5.78000, 22.0
5.78500, 19.0
5.79000, 28.0
5.79500, 34.0
5.80000, 24.0
5.80500, 26.0
5.81000, 24.0
5.81500, 25.0
5.82000, 25.0
5.82500, 21.0
5.83000, 20.0
5.83500, 17.0
5.84000, 25.0
5.84500, 25.0
5.85000, 18.0
5.85500, 23.0
5.86000, 19.0
5.86500, 30.0
5.87000, 18.0
5.87500, 31.0
5.88000, 25.0
5.88500, 20.0
5.89000, 29.0
5.89500, 20.0
5.90000, 12.0
5.90500, 28.0
5.91000, 19.0
5.91500, 29.0
5.92000, 21.0
5.92500, 21.0
5.93000, 22.0
5.93500, 15.0
5.94000, 20.0
5.94500, 25.0
5.95000, 19.0
5.95500, 27.0
5.96000, 23.0
5.96500, 23.0
5.97000, 26.0
5.97500, 22.0
5.98000, 19.0
5.98500, 20.0
5.99000, 23.0
5.99500, 24.0
6.00000, 24.0
6.00500, 30.0
6.01000, 23.0
6.01500, 27.0
6.02000, 18.0
6.02500, 18.0
6.03000, 19.0
6.03500, 19.0
6.04000, 22.0
6.04500, 15.0
6.05000, 27.0
6.05500, 25.0
6.06000, 24.0
6.06500, 21.0
6.07000, 18.0
6.07500, 20.0
6.08000, 22.0
6.08500, 23.0
6.09000, 16.0
6.09500, 22.0
6.10000, 20.0
6.10500, 21.0
6.11000, 23.0
6.11500, 21.0
6.12000, 20.0
6.12500, 28.0
6.13000, 15.0
6.13500, 19.0
6.14000, 22.0
6.14500, 27.0
6.15000, 26.0
6.15500, 25.0
6.16000, 25.0
6.16500, 23.0
6.17000, 20.0
6.17500, 22.0
6.18000, 25.0
6.18500, 28.0
6.19000, 22.0
6.19500, 15.0
6.20000, 18.0
6.20500, 22.0
6.21000, 30.0
6.21500, 16.0
6.22000, 17.0
6.22500, 14.0
6.23000, 22.0
6.23500, 16.0
6.24000, 14.0
6.24500, 26.0
6.25000, 21.0
6.25500, 22.0
6.26000, 20.0
6.26500, 19.0
6.27000, 16.0
6.27500, 19.0
6.28000, 13.0
6.28500, 20.0
6.29000, 20.0
6.29500, 16.0
6.30000, 30.0
6.30500, 15.0
6.31000, 18.0
6.31500, 14.0
6.32000, 17.0
6.32500, 21.0
6.33000, 14.0
6.33500, 25.0
6.34000, 16.0
6.34500, 21.0
6.35000, 22.0
6.35500, 20.0
6.36000, 19.0
6.36500, 19.0
6.37000, 15.0
6.37500, 16.0
6.38000, 21.0
6.38500, 12.0
6.39000, 16.0
6.39500, 25.0
6.40000, 24.0
6.40500, 17.0
6.41000, 22.0
6.41500, 16.0
6.42000, 26.0
6.42500, 21.0
6.43000, 19.0
6.43500, 15.0
6.44000, 20.0
6.44500, 21.0
6.45000, 12.0
6.45500, 18.0
6.46000, 16.0
6.46500, 15.0
6.47000, 22.0
6.47500, 14.0
6.48000, 17.0
6.48500, 28.0
6.49000, 12.0
6.49500, 19.0
6.50000, 21.0
6.50500, 17.0
6.51000, 8.0
6.51500, 18.0
6.52000, 21.0
6.52500, 14.0
6.53000, 22.0
6.53500, 27.0
6.54000, 24.0
6.54500, 15.0
6.55000, 17.0
6.55500, 8.0
6.56000, 24.0
6.56500, 16.0
6.57000, 15.0
6.57500, 15.0
6.58000, 21.0
6.58500, 18.0
6.59000, 23.0
6.59500, 20.0
6.60000, 15.0
6.60500, 15.0
6.61000, 15.0
6.61500, 18.0
6.62000, 11.0
6.62500, 15.0
6.63000, 21.0
6.63500, 12.0
6.64000, 16.0
6.64500, 18.0
6.65000, 22.0
6.65500, 22.0
6.66000, 17.0
6.66500, 23.0
6.67000, 23.0
6.67500, 15.0
6.68000, 22.0
6.68500, 20.0
6.69000, 8.0
6.69500, 12.0
6.70000, 21.0
6.70500, 18.0
6.71000, 18.0
6.71500, 13.0
6.72000, 12.0
6.72500, 11.0
6.73000, 10.0
6.73500, 11.0
6.74000, 13.0
6.74500, 12.0
6.75000, 14.0
6.75500, 16.0
6.76000, 21.0
6.76500, 23.0
6.77000, 13.0
6.77500, 13.0
6.78000, 19.0
6.78500, 13.0
6.79000, 17.0
6.79500, 20.0
6.80000, 26.0
6.80500, 8.0
6.81000, 12.0
6.81500, 10.0
6.82000, 17.0
6.82500, 14.0
6.83000, 14.0
6.83500, 20.0
6.84000, 12.0
6.84500, 24.0
6.85000, 17.0
6.85500, 13.0
6.86000, 22.0
6.86500, 11.0
6.87000, 13.0
6.87500, 20.0
6.88000, 13.0
6.88500, 16.0
6.89000, 15.0
6.89500, 13.0
6.90000, 13.0
6.90500, 18.0
6.91000, 10.0
6.91500, 17.0
6.92000, 11.0
6.92500, 15.0
6.93000, 11.0
6.93500, 10.0
6.94000, 16.0
6.94500, 17.0
6.95000, 20.0
6.95500, 14.0
6.96000, 15.0
6.96500, 16.0
6.97000, 13.0
6.97500, 13.0
6.98000, 14.0
6.98500, 16.0
6.99000, 19.0
6.99500, 16.0
7.00000, 11.0
7.00500, 12.0
7.01000, 14.0
7.01500, 19.0
7.02000, 12.0
7.02500, 18.0
7.03000, 19.0
7.03500, 16.0
7.04000, 13.0
7.04500, 10.0
7.05000, 12.0
7.05500, 24.0
7.06000, 26.0
7.06500, 15.0
7.07000, 13.0
7.07500, 14.0
7.08000, 22.0
7.08500, 14.0
7.09000, 17.0
7.09500, 16.0
7.10000, 9.0
7.10500, 13.0
7.11000, 19.0
7.11500, 15.0
7.12000, 10.0
7.12500, 20.0
7.13000, 8.0
7.13500, 14.0
7.14000, 11.0
7.14500, 13.0
7.15000, 14.0
7.15500, 12.0
7.16000, 18.0
7.16500, 14.0
7.17000, 12.0
7.17500, 9.0
7.18000, 16.0
7.18500, 19.0
7.19000, 19.0
7.19500, 15.0
7.20000, 13.0
7.20500, 17.0
7.21000, 14.0
7.21500, 20.0
7.22000, 10.0
7.22500, 15.0
7.23000, 18.0
7.23500, 16.0
7.24000, 19.0
7.24500, 16.0
7.25000, 17.0
7.25500, 10.0
7.26000, 5.0
7.26500, 8.0
7.27000, 17.0
7.27500, 12.0
7.28000, 14.0
7.28500, 22.0
7.29000, 20.0
7.29500, 19.0
7.30000, 15.0
7.30500, 10.0
7.31000, 15.0
7.31500, 10.0
7.32000, 9.0
7.32500, 13.0
7.33000, 20.0
7.33500, 18.0
7.34000, 8.0
7.34500, 16.0
7.35000, 7.0
7.35500, 17.0
7.36000, 18.0
7.36500, 15.0
7.37000, 18.0
7.37500, 11.0
7.38000, 10.0
7.38500, 10.0
7.39000, 16.0
7.39500, 10.0
7.40000, 16.0
7.40500, 20.0
7.41000, 18.0
7.41500, 17.0
7.42000, 14.0
7.42500, 15.0
7.43000, 15.0
7.43500, 12.0
7.44000, 14.0
7.44500, 15.0
7.45000, 13.0
7.45500, 14.0
7.46000, 11.0
7.46500, 13.0
7.47000, 13.0
7.47500, 6.0
7.48000, 14.0
7.48500, 14.0
7.49000, 11.0
7.49500, 9.0
7.50000, 16.0
7.50500, 10.0
7.51000, 16.0
7.51500, 11.0
7.52000, 17.0
7.52500, 15.0
7.53000, 18.0
7.53500, 12.0
7.54000, 15.0
7.54500, 14.0
7.55000, 19.0
7.55500, 15.0
7.56000, 13.0
7.56500, 7.0
7.57000, 9.0
7.57500, 13.0
7.58000, 14.0
7.58500, 17.0
7.59000, 5.0
7.59500, 16.0
7.60000, 6.0
7.60500, 8.0
7.61000, 12.0
7.61500, 7.0
7.62000, 12.0
7.62500, 12.0
7.63000, 13.0
7.63500, 13.0
7.64000, 11.0
7.64500, 18.0
7.65000, 21.0
7.65500, 7.0
7.66000, 11.0
7.66500, 17.0
7.67000, 9.0
7.67500, 18.0
7.68000, 14.0
7.68500, 9.0
7.69000, 15.0
7.69500, 15.0
7.70000, 8.0
7.70500, 7.0
7.71000, 12.0
7.71500, 16.0
7.72000, 12.0
7.72500, 14.0
7.73000, 21.0
7.73500, 13.0
7.74000, 16.0
7.74500, 12.0
7.75000, 11.0
7.75500, 11.0
7.76000, 12.0
7.76500, 7.0
7.77000, 17.0
7.77500, 7.0
7.78000, 15.0
7.78500, 13.0
7.79000, 17.0
7.79500, 9.0
7.80000, 8.0
7.80500, 9.0
7.81000, 10.0
7.81500, 10.0
7.82000, 14.0
7.82500, 7.0
7.83000, 12.0
7.83500, 14.0
7.84000, 12.0
7.84500, 18.0
7.85000, 9.0
7.85500, 7.0
7.86000, 10.0
7.86500, 11.0
7.87000, 17.0
7.87500, 13.0
7.88000, 14.0
7.88500, 18.0
7.89000, 9.0
7.89500, 8.0
7.90000, 14.0
7.90500, 14.0
7.91000, 13.0
7.91500, 11.0
7.92000, 12.0
7.92500, 16.0
7.93000, 8.0
7.93500, 9.0
7.94000, 9.0
7.94500, 13.0
7.95000, 15.0
7.95500, 8.0
7.96000, 8.0
7.96500, 9.0
7.97000, 12.0
7.97500, 6.0
7.98000, 11.0
7.98500, 14.0
7.99000, 8.0
7.99500, 11.0
8.00000, 9.0
8.00500, 10.0
8.01000, 6.0
8.01500, 6.0
8.02000, 2.0
8.02500, 6.0
8.03000, 15.0
8.03500, 6.0
8.04000, 12.0
8.04500, 8.0
8.05000, 9.0
8.05500, 8.0
8.06000, 14.0
8.06500, 9.0
8.07000, 11.0
8.07500, 10.0
8.08000, 15.0
8.08500, 9.0
8.09000, 11.0
8.09500, 8.0
8.10000, 8.0
8.10500, 8.0
8.11000, 12.0
8.11500, 10.0
8.12000, 11.0
8.12500, 12.0
8.13000, 9.0
8.13500, 11.0
8.14000, 7.0
8.14500, 7.0
8.15000, 17.0
8.15500, 10.0
8.16000, 9.0
8.16500, 11.0
8.17000, 13.0
8.17500, 8.0
8.18000, 7.0
8.18500, 9.0
8.19000, 7.0
8.19500, 10.0
8.20000, 5.0
8.20500, 12.0
8.21000, 12.0
8.21500, 11.0
8.22000, 8.0
8.22500, 7.0
8.23000, 8.0
8.23500, 5.0
8.24000, 10.0
8.24500, 10.0
8.25000, 10.0
8.25500, 8.0
8.26000, 12.0
8.26500, 10.0
8.27000, 9.0
8.27500, 3.0
8.28000, 7.0
8.28500, 13.0
8.29000, 10.0
8.29500, 8.0
8.30000, 9.0
8.30500, 11.0
8.31000, 5.0
8.31500, 9.0
8.32000, 9.0
8.32500, 6.0
8.33000, 11.0
8.33500, 6.0
8.34000, 13.0
8.34500, 3.0
8.35000, 9.0
8.35500, 3.0
8.36000, 13.0
8.36500, 5.0
8.37000, 7.0
8.37500, 11.0
8.38000, 5.0
8.38500, 11.0
8.39000, 7.0
8.39500, 10.0
8.40000, 8.0
8.40500, 12.0
8.41000, 5.0
8.41500, 7.0
8.42000, 7.0
8.42500, 2.0
8.43000, 5.0
8.43500, 11.0
8.44000, 7.0
8.44500, 10.0
8.45000, 9.0
8.45500, 3.0
8.46000, 8.0
8.46500, 11.0
8.47000, 8.0
8.47500, 13.0
8.48000, 7.0
8.48500, 6.0
8.49000, 1.0
8.49500, 10.0
8.50000, 10.0
8.50500, 8.0
8.51000, 9.0
8.51500, 10.0
8.52000, 8.0
8.52500, 5.0
8.53000, 10.0
8.53500, 5.0
8.54000, 4.0
8.54500, 9.0
8.55000, 9.0
8.55500, 11.0
8.56000, 10.0
8.56500, 6.0
8.57000, 6.0
8.57500, 10.0
8.58000, 12.0
8.58500, 8.0
8.59000, 9.0
8.59500, 9.0
8.60000, 5.0
8.60500, 4.0
8.61000, 10.0
8.61500, 2.0
8.62000, 6.0
8.62500, 7.0
8.63000, 9.0
8.63500, 9.0
8.64000, 5.0
8.64500, 4.0
8.65000, 15.0
8.65500, 7.0
8.66000, 4.0
8.66500, 10.0
8.67000, 6.0
8.67500, 7.0
8.68000, 6.0
8.68500, 8.0
8.69000, 4.0
8.69500, 3.0
8.70000, 6.0
8.70500, 9.0
8.71000, 9.0
8.71500, 7.0
8.72000, 6.0
8.72500, 5.0
8.73000, 4.0
8.73500, 10.0
8.74000, 9.0
8.74500, 3.0
8.75000, 7.0
8.75500, 9.0
8.76000, 7.0
8.76500, 7.0
8.77000, 5.0
8.77500, 3.0
8.78000, 9.0
8.78500, 9.0
8.79000, 6.0
8.79500, 3.0
8.80000, 6.0
8.80500, 10.0
8.81000, 6.0
8.81500, 8.0
8.82000, 4.0
8.82500, 4.0
8.83000, 9.0
8.83500, 2.0
8.84000, 7.0
8.84500, 3.0
8.85000, 8.0
8.85500, 6.0
8.86000, 7.0
8.86500, 10.0
8.87000, 5.0
8.87500, 6.0
8.88000, 3.0
8.88500, 8.0
8.89000, 5.0
8.89500, 13.0
8.90000, 3.0
8.90500, 8.0
8.91000, 5.0
8.91500, 8.0
8.92000, 9.0
8.92500, 9.0
8.93000, 8.0
8.93500, 3.0
8.94000, 5.0
8.94500, 9.0
8.95000, 7.0
8.95500, 7.0
8.96000, 6.0
8.96500, 5.0
8.97000, 7.0
8.97500, 11.0
8.98000, 3.0
8.98500, 2.0
8.99000, 4.0
8.99500, 5.0
9.00000, 3.0
9.00500, 7.0
9.01000, 6.0
9.01500, 3.0
9.02000, 3.0
9.02500, 4.0
9.03000, 0.0
9.03500, 3.0
9.04000, 9.0
9.04500, 7.0
9.05000, 6.0
9.05500, 5.0
9.06000, 3.0
9.06500, 5.0
9.07000, 5.0
9.07500, 12.0
9.08000, 10.0
9.08500, 2.0
9.09000, 3.0
9.09500, 6.0
9.10000, 4.0
9.10500, 1.0
9.11000, 6.0
9.11500, 8.0
9.12000, 6.0
9.12500, 5.0
9.13000, 9.0
9.13500, 4.0
9.14000, 1.0
9.14500, 2.0
9.15000, 6.0
9.15500, 2.0
9.16000, 4.0
9.16500, 4.0
9.17000, 5.0
9.17500, 6.0
9.18000, 2.0
9.18500, 7.0
9.19000, 7.0
9.19500, 3.0
9.20000, 1.0
9.20500, 4.0
9.21000, 1.0
9.21500, 4.0
9.22000, 8.0
9.22500, 9.0
9.23000, 8.0
9.23500, 6.0
9.24000, 5.0
9.24500, 7.0
9.25000, 5.0
9.25500, 3.0
9.26000, 7.0
9.26500, 5.0
9.27000, 8.0
9.27500, 7.0
9.28000, 4.0
9.28500, 7.0
9.29000, 7.0
9.29500, 3.0
9.30000, 9.0
9.30500, 3.0
9.31000, 7.0
9.31500, 7.0
9.32000, 5.0
9.32500, 8.0
9.33000, 3.0
9.33500, 10.0
9.34000, 4.0
9.34500, 3.0
9.35000, 8.0
9.35500, 2.0
9.36000, 6.0
9.36500, 2.0
9.37000, 3.0
9.37500, 5.0
9.38000, 4.0
9.38500, 4.0
9.39000, 6.0
9.39500, 6.0
9.40000, 5.0
9.40500, 3.0
9.41000, 4.0
9.41500, 4.0
9.42000, 3.0
9.42500, 1.0
9.43000, 4.0
9.43500, 5.0
9.44000, 5.0
9.44500, 5.0
9.45000, 4.0
9.45500, 4.0
9.46000, 9.0
9.46500, 6.0
9.47000, 2.0
9.47500, 7.0
9.48000, 7.0
9.48500, 2.0
9.49000, 2.0
9.49500, 5.0
9.50000, 1.0
9.50500, 2.0
9.51000, 5.0
9.51500, 3.0
9.52000, 6.0
9.52500, 4.0
9.53000, 8.0
9.53500, 3.0
9.54000, 2.0
9.54500, 4.0
9.55000, 7.0
9.55500, 1.0
9.56000, 1.0
9.56500, 5.0
9.57000, 0.0
9.57500, 0.0
9.58000, 3.0
9.58500, 4.0
9.59000, 4.0
9.59500, 4.0
9.60000, 3.0
9.60500, 5.0
9.61000, 3.0
9.61500, 3.0
9.62000, 3.0
9.62500, 3.0
9.63000, 1.0
9.63500, 2.0
9.64000, 4.0
9.64500, 2.0
9.65000, 4.0
9.65500, 5.0
9.66000, 1.0
9.66500, 3.0
9.67000, 4.0
9.67500, 1.0
9.68000, 1.0
9.68500, 1.0
9.69000, 5.0
9.69500, 3.0
9.70000, 5.0
9.70500, 0.0
9.71000, 1.0
9.71500, 3.0
9.72000, 3.0
9.72500, 4.0
9.73000, 6.0
9.73500, 4.0
9.74000, 4.0
9.74500, 3.0
9.75000, 6.0
9.75500, 1.0
9.76000, 2.0
9.76500, 4.0
9.77000, 2.0
9.77500, 4.0
9.78000, 0.0
9.78500, 3.0
9.79000, 3.0
9.79500, 1.0
9.80000, 3.0
9.80500, 4.0
9.81000, 2.0
9.81500, 3.0
9.82000, 2.0
9.82500, 2.0
9.83000, 1.0
9.83500, 2.0
9.84000, 5.0
9.84500, 4.0
9.85000, 2.0
9.85500, 4.0
9.86000, 2.0
9.86500, 1.0
9.87000, 4.0
9.87500, 2.0
9.88000, 2.0
9.88500, 3.0
9.89000, 6.0
9.89500, 3.0
9.90000, 1.0
9.90500, 1.0
9.91000, 2.0
9.91500, 3.0
9.92000, 0.0
9.92500, 2.0
9.93000, 1.0
9.93500, 1.0
9.94000, 2.0
9.94500, 3.0
9.95000, 0.0
9.95500, 2.0
9.96000, 2.0
9.96500, 0.0
9.97000, 0.0
9.97500, 1.0
9.98000, 2.0
9.98500, 1.0
9.99000, 1.0
9.99500, 0.0
10.00000, 2.0
10.00500, 1.0
10.01000, 1.0
10.01500, 1.0
10.02000, 0.0
10.02500, 0.0
10.03000, 1.0
10.03500, 1.0
10.04000, 1.0
10.04500, 0.0
10.05000, 0.0
10.05500, 0.0
10.06000, 0.0
10.06500, 1.0
10.07000, 0.0
10.07500, 0.0
10.08000, 1.0
10.08500, 1.0
10.09000, 0.0
10.09500, 0.0
10.10000, 2.0
10.10500, 1.0
10.11000, 0.0
10.11500, 0.0
10.12000, 0.0
10.12500, 0.0
10.13000, 0.0
10.13500, 0.0
#ENDOFDATA   : 
