#FORMAT      : EMSA/MAS Spectral Data File
#VERSION     : 1.0
#TITLE       : 20250425_10K_N10_area1_3
#DATE        : 24-APR-2025
#TIME        : 10:06
#OWNER       : 
#NPOINTS     : 2048.0
#NCOLUMNS    : 1.0
#XUNITS      : keV
#YUNITS      : counts
#DATATYPE    : XY
#XPERCHAN    : 0.005
#OFFSET      : -0.1
#SIGNALTYPE  : EDS
#CHOFFSET    : 20.0
#LIVETIME    : 60.016681671
#REALTIME    : 61.632770538
#BEAMKV      : 10.0
#MAGCAM      : 2500.0
#XTILTSTGE   : 0.0
#AZIMANGLE   : 0.0
#ELEVANGLE   : 29.0
#XPOSITION mm: -0.7828
#YPOSITION mm: 0.5540
#ZPOSITION mm: 13.5530
##OXINSTPT   : 2
##OXINSTSTROB: 67.62
#SPECTRUM    : Spectral Data Starts Here
-0.10000, 0.0
-0.09500, 0.0
-0.09000, 0.0
-0.08500, 0.0
-0.08000, 1.0
-0.07500, 2.0
-0.07000, 1.0
-0.06500, 4.0
-0.06000, 9.0
-0.05500, 11.0
-0.05000, 16.0
-0.04500, 19.0
-0.04000, 27.0
-0.03500, 45.0
-0.03000, 78.0
-0.02500, 122.0
-0.02000, 128.0
-0.01500, 184.0
-0.01000, 252.0
-0.00500, 297.0
0.00000, 414.0
0.00500, 497.0
0.01000, 585.0
0.01500, 679.0
0.02000, 765.0
0.02500, 890.0
0.03000, 968.0
0.03500, 1006.0
0.04000, 1098.0
0.04500, 1048.0
0.05000, 1045.0
0.05500, 1038.0
0.06000, 1062.0
0.06500, 959.0
0.07000, 872.0
0.07500, 785.0
0.08000, 684.0
0.08500, 592.0
0.09000, 492.0
0.09500, 444.0
0.10000, 374.0
0.10500, 348.0
0.11000, 285.0
0.11500, 257.0
0.12000, 287.0
0.12500, 292.0
0.13000, 277.0
0.13500, 301.0
0.14000, 329.0
0.14500, 327.0
0.15000, 378.0
0.15500, 390.0
0.16000, 383.0
0.16500, 386.0
0.17000, 379.0
0.17500, 372.0
0.18000, 351.0
0.18500, 313.0
0.19000, 308.0
0.19500, 277.0
0.20000, 272.0
0.20500, 291.0
0.21000, 257.0
0.21500, 225.0
0.22000, 231.0
0.22500, 200.0
0.23000, 197.0
0.23500, 180.0
0.24000, 159.0
0.24500, 174.0
0.25000, 140.0
0.25500, 148.0
0.26000, 160.0
0.26500, 163.0
0.27000, 149.0
0.27500, 149.0
0.28000, 166.0
0.28500, 163.0
0.29000, 140.0
0.29500, 134.0
0.30000, 107.0
0.30500, 113.0
0.31000, 91.0
0.31500, 93.0
0.32000, 85.0
0.32500, 78.0
0.33000, 79.0
0.33500, 68.0
0.34000, 77.0
0.34500, 69.0
0.35000, 74.0
0.35500, 68.0
0.36000, 68.0
0.36500, 80.0
0.37000, 77.0
0.37500, 78.0
0.38000, 83.0
0.38500, 86.0
0.39000, 83.0
0.39500, 84.0
0.40000, 80.0
0.40500, 93.0
0.41000, 101.0
0.41500, 100.0
0.42000, 124.0
0.42500, 161.0
0.43000, 151.0
0.43500, 176.0
0.44000, 230.0
0.44500, 270.0
0.45000, 333.0
0.45500, 389.0
0.46000, 485.0
0.46500, 642.0
0.47000, 729.0
0.47500, 948.0
0.48000, 1125.0
0.48500, 1296.0
0.49000, 1471.0
0.49500, 1658.0
0.50000, 1899.0
0.50500, 2006.0
0.51000, 2083.0
0.51500, 2211.0
0.52000, 2299.0
0.52500, 2224.0
0.53000, 2172.0
0.53500, 2112.0
0.54000, 2008.0
0.54500, 1812.0
0.55000, 1610.0
0.55500, 1519.0
0.56000, 1291.0
0.56500, 1079.0
0.57000, 887.0
0.57500, 748.0
0.58000, 631.0
0.58500, 524.0
0.59000, 434.0
0.59500, 348.0
0.60000, 287.0
0.60500, 236.0
0.61000, 192.0
0.61500, 154.0
0.62000, 140.0
0.62500, 125.0
0.63000, 138.0
0.63500, 130.0
0.64000, 142.0
0.64500, 138.0
0.65000, 142.0
0.65500, 148.0
0.66000, 124.0
0.66500, 129.0
0.67000, 134.0
0.67500, 124.0
0.68000, 124.0
0.68500, 144.0
0.69000, 152.0
0.69500, 134.0
0.70000, 128.0
0.70500, 132.0
0.71000, 131.0
0.71500, 141.0
0.72000, 146.0
0.72500, 154.0
0.73000, 156.0
0.73500, 160.0
0.74000, 148.0
0.74500, 160.0
0.75000, 148.0
0.75500, 137.0
0.76000, 155.0
0.76500, 167.0
0.77000, 162.0
0.77500, 165.0
0.78000, 181.0
0.78500, 165.0
0.79000, 166.0
0.79500, 157.0
0.80000, 168.0
0.80500, 187.0
0.81000, 183.0
0.81500, 184.0
0.82000, 173.0
0.82500, 180.0
0.83000, 205.0
0.83500, 207.0
0.84000, 205.0
0.84500, 193.0
0.85000, 183.0
0.85500, 184.0
0.86000, 198.0
0.86500, 197.0
0.87000, 188.0
0.87500, 184.0
0.88000, 192.0
0.88500, 180.0
0.89000, 174.0
0.89500, 187.0
0.90000, 196.0
0.90500, 219.0
0.91000, 192.0
0.91500, 193.0
0.92000, 201.0
0.92500, 197.0
0.93000, 186.0
0.93500, 204.0
0.94000, 231.0
0.94500, 201.0
0.95000, 199.0
0.95500, 187.0
0.96000, 190.0
0.96500, 194.0
0.97000, 204.0
0.97500, 200.0
0.98000, 217.0
0.98500, 210.0
0.99000, 204.0
0.99500, 206.0
1.00000, 198.0
1.00500, 199.0
1.01000, 222.0
1.01500, 202.0
1.02000, 201.0
1.02500, 212.0
1.03000, 216.0
1.03500, 209.0
1.04000, 199.0
1.04500, 198.0
1.05000, 192.0
1.05500, 221.0
1.06000, 233.0
1.06500, 206.0
1.07000, 212.0
1.07500, 213.0
1.08000, 197.0
1.08500, 206.0
1.09000, 199.0
1.09500, 180.0
1.10000, 194.0
1.10500, 212.0
1.11000, 210.0
1.11500, 221.0
1.12000, 217.0
1.12500, 218.0
1.13000, 225.0
1.13500, 213.0
1.14000, 212.0
1.14500, 204.0
1.15000, 199.0
1.15500, 197.0
1.16000, 210.0
1.16500, 196.0
1.17000, 192.0
1.17500, 197.0
1.18000, 187.0
1.18500, 201.0
1.19000, 189.0
1.19500, 214.0
1.20000, 217.0
1.20500, 209.0
1.21000, 201.0
1.21500, 210.0
1.22000, 192.0
1.22500, 188.0
1.23000, 215.0
1.23500, 209.0
1.24000, 208.0
1.24500, 227.0
1.25000, 202.0
1.25500, 204.0
1.26000, 196.0
1.26500, 213.0
1.27000, 194.0
1.27500, 198.0
1.28000, 212.0
1.28500, 203.0
1.29000, 189.0
1.29500, 204.0
1.30000, 214.0
1.30500, 214.0
1.31000, 213.0
1.31500, 208.0
1.32000, 201.0
1.32500, 204.0
1.33000, 194.0
1.33500, 204.0
1.34000, 209.0
1.34500, 203.0
1.35000, 223.0
1.35500, 211.0
1.36000, 216.0
1.36500, 204.0
1.37000, 205.0
1.37500, 194.0
1.38000, 198.0
1.38500, 213.0
1.39000, 202.0
1.39500, 217.0
1.40000, 213.0
1.40500, 190.0
1.41000, 218.0
1.41500, 200.0
1.42000, 195.0
1.42500, 204.0
1.43000, 200.0
1.43500, 195.0
1.44000, 209.0
1.44500, 223.0
1.45000, 212.0
1.45500, 216.0
1.46000, 216.0
1.46500, 219.0
1.47000, 218.0
1.47500, 221.0
1.48000, 218.0
1.48500, 215.0
1.49000, 244.0
1.49500, 218.0
1.50000, 233.0
1.50500, 212.0
1.51000, 233.0
1.51500, 213.0
1.52000, 220.0
1.52500, 217.0
1.53000, 225.0
1.53500, 225.0
1.54000, 201.0
1.54500, 210.0
1.55000, 244.0
1.55500, 253.0
1.56000, 220.0
1.56500, 238.0
1.57000, 226.0
1.57500, 220.0
1.58000, 224.0
1.58500, 219.0
1.59000, 217.0
1.59500, 223.0
1.60000, 243.0
1.60500, 245.0
1.61000, 274.0
1.61500, 279.0
1.62000, 294.0
1.62500, 338.0
1.63000, 380.0
1.63500, 465.0
1.64000, 552.0
1.64500, 671.0
1.65000, 876.0
1.65500, 1133.0
1.66000, 1449.0
1.66500, 1683.0
1.67000, 2155.0
1.67500, 2621.0
1.68000, 3119.0
1.68500, 3688.0
1.69000, 4444.0
1.69500, 5182.0
1.70000, 5909.0
1.70500, 6588.0
1.71000, 7293.0
1.71500, 7935.0
1.72000, 8600.0
1.72500, 9203.0
1.73000, 9606.0
1.73500, 9943.0
1.74000, 10176.0
1.74500, 10102.0
1.75000, 9904.0
1.75500, 9725.0
1.76000, 9289.0
1.76500, 8689.0
1.77000, 8050.0
1.77500, 7433.0
1.78000, 6783.0
1.78500, 6015.0
1.79000, 5280.0
1.79500, 4517.0
1.80000, 3953.0
1.80500, 3330.0
1.81000, 2868.0
1.81500, 2393.0
1.82000, 2022.0
1.82500, 1699.0
1.83000, 1441.0
1.83500, 1239.0
1.84000, 1049.0
1.84500, 895.0
1.85000, 744.0
1.85500, 710.0
1.86000, 611.0
1.86500, 520.0
1.87000, 475.0
1.87500, 424.0
1.88000, 360.0
1.88500, 352.0
1.89000, 299.0
1.89500, 276.0
1.90000, 234.0
1.90500, 221.0
1.91000, 197.0
1.91500, 180.0
1.92000, 184.0
1.92500, 154.0
1.93000, 163.0
1.93500, 144.0
1.94000, 154.0
1.94500, 137.0
1.95000, 150.0
1.95500, 113.0
1.96000, 132.0
1.96500, 143.0
1.97000, 142.0
1.97500, 148.0
1.98000, 133.0
1.98500, 149.0
1.99000, 136.0
1.99500, 167.0
2.00000, 148.0
2.00500, 138.0
2.01000, 130.0
2.01500, 146.0
2.02000, 155.0
2.02500, 148.0
2.03000, 151.0
2.03500, 155.0
2.04000, 135.0
2.04500, 141.0
2.05000, 140.0
2.05500, 151.0
2.06000, 161.0
2.06500, 163.0
2.07000, 139.0
2.07500, 122.0
2.08000, 129.0
2.08500, 135.0
2.09000, 141.0
2.09500, 142.0
2.10000, 130.0
2.10500, 128.0
2.11000, 135.0
2.11500, 125.0
2.12000, 126.0
2.12500, 116.0
2.13000, 125.0
2.13500, 114.0
2.14000, 106.0
2.14500, 117.0
2.15000, 135.0
2.15500, 137.0
2.16000, 149.0
2.16500, 144.0
2.17000, 140.0
2.17500, 146.0
2.18000, 154.0
2.18500, 178.0
2.19000, 200.0
2.19500, 210.0
2.20000, 245.0
2.20500, 292.0
2.21000, 321.0
2.21500, 399.0
2.22000, 461.0
2.22500, 510.0
2.23000, 605.0
2.23500, 752.0
2.24000, 797.0
2.24500, 947.0
2.25000, 1090.0
2.25500, 1253.0
2.26000, 1376.0
2.26500, 1479.0
2.27000, 1664.0
2.27500, 1826.0
2.28000, 2008.0
2.28500, 2066.0
2.29000, 2167.0
2.29500, 2236.0
2.30000, 2274.0
2.30500, 2357.0
2.31000, 2338.0
2.31500, 2341.0
2.32000, 2266.0
2.32500, 2193.0
2.33000, 2092.0
2.33500, 1976.0
2.34000, 1826.0
2.34500, 1711.0
2.35000, 1601.0
2.35500, 1506.0
2.36000, 1365.0
2.36500, 1262.0
2.37000, 1125.0
2.37500, 1018.0
2.38000, 992.0
2.38500, 893.0
2.39000, 834.0
2.39500, 751.0
2.40000, 696.0
2.40500, 660.0
2.41000, 621.0
2.41500, 555.0
2.42000, 561.0
2.42500, 511.0
2.43000, 483.0
2.43500, 480.0
2.44000, 462.0
2.44500, 417.0
2.45000, 441.0
2.45500, 439.0
2.46000, 409.0
2.46500, 371.0
2.47000, 341.0
2.47500, 321.0
2.48000, 315.0
2.48500, 283.0
2.49000, 277.0
2.49500, 266.0
2.50000, 273.0
2.50500, 228.0
2.51000, 230.0
2.51500, 204.0
2.52000, 206.0
2.52500, 213.0
2.53000, 180.0
2.53500, 198.0
2.54000, 183.0
2.54500, 165.0
2.55000, 145.0
2.55500, 140.0
2.56000, 126.0
2.56500, 120.0
2.57000, 121.0
2.57500, 115.0
2.58000, 109.0
2.58500, 126.0
2.59000, 122.0
2.59500, 130.0
2.60000, 106.0
2.60500, 85.0
2.61000, 90.0
2.61500, 104.0
2.62000, 101.0
2.62500, 96.0
2.63000, 95.0
2.63500, 98.0
2.64000, 103.0
2.64500, 105.0
2.65000, 91.0
2.65500, 113.0
2.66000, 93.0
2.66500, 98.0
2.67000, 96.0
2.67500, 92.0
2.68000, 83.0
2.68500, 76.0
2.69000, 70.0
2.69500, 88.0
2.70000, 89.0
2.70500, 80.0
2.71000, 79.0
2.71500, 99.0
2.72000, 84.0
2.72500, 101.0
2.73000, 80.0
2.73500, 60.0
2.74000, 91.0
2.74500, 66.0
2.75000, 75.0
2.75500, 74.0
2.76000, 87.0
2.76500, 73.0
2.77000, 75.0
2.77500, 71.0
2.78000, 75.0
2.78500, 83.0
2.79000, 77.0
2.79500, 98.0
2.80000, 77.0
2.80500, 80.0
2.81000, 90.0
2.81500, 93.0
2.82000, 90.0
2.82500, 82.0
2.83000, 84.0
2.83500, 84.0
2.84000, 75.0
2.84500, 99.0
2.85000, 93.0
2.85500, 69.0
2.86000, 88.0
2.86500, 78.0
2.87000, 80.0
2.87500, 84.0
2.88000, 82.0
2.88500, 63.0
2.89000, 73.0
2.89500, 73.0
2.90000, 69.0
2.90500, 73.0
2.91000, 78.0
2.91500, 69.0
2.92000, 76.0
2.92500, 74.0
2.93000, 68.0
2.93500, 78.0
2.94000, 72.0
2.94500, 62.0
2.95000, 70.0
2.95500, 72.0
2.96000, 64.0
2.96500, 72.0
2.97000, 64.0
2.97500, 70.0
2.98000, 77.0
2.98500, 59.0
2.99000, 73.0
2.99500, 62.0
3.00000, 61.0
3.00500, 69.0
3.01000, 67.0
3.01500, 74.0
3.02000, 78.0
3.02500, 70.0
3.03000, 87.0
3.03500, 72.0
3.04000, 51.0
3.04500, 64.0
3.05000, 66.0
3.05500, 68.0
3.06000, 71.0
3.06500, 58.0
3.07000, 61.0
3.07500, 67.0
3.08000, 65.0
3.08500, 70.0
3.09000, 66.0
3.09500, 62.0
3.10000, 65.0
3.10500, 62.0
3.11000, 56.0
3.11500, 67.0
3.12000, 76.0
3.12500, 80.0
3.13000, 74.0
3.13500, 56.0
3.14000, 60.0
3.14500, 59.0
3.15000, 59.0
3.15500, 57.0
3.16000, 73.0
3.16500, 60.0
3.17000, 71.0
3.17500, 73.0
3.18000, 66.0
3.18500, 60.0
3.19000, 62.0
3.19500, 62.0
3.20000, 63.0
3.20500, 70.0
3.21000, 55.0
3.21500, 74.0
3.22000, 58.0
3.22500, 52.0
3.23000, 61.0
3.23500, 63.0
3.24000, 69.0
3.24500, 60.0
3.25000, 68.0
3.25500, 66.0
3.26000, 48.0
3.26500, 61.0
3.27000, 67.0
3.27500, 52.0
3.28000, 65.0
3.28500, 55.0
3.29000, 53.0
3.29500, 68.0
3.30000, 73.0
3.30500, 49.0
3.31000, 50.0
3.31500, 55.0
3.32000, 63.0
3.32500, 61.0
3.33000, 77.0
3.33500, 52.0
3.34000, 61.0
3.34500, 60.0
3.35000, 66.0
3.35500, 61.0
3.36000, 62.0
3.36500, 70.0
3.37000, 61.0
3.37500, 58.0
3.38000, 54.0
3.38500, 57.0
3.39000, 68.0
3.39500, 67.0
3.40000, 61.0
3.40500, 66.0
3.41000, 60.0
3.41500, 67.0
3.42000, 51.0
3.42500, 65.0
3.43000, 72.0
3.43500, 65.0
3.44000, 61.0
3.44500, 53.0
3.45000, 73.0
3.45500, 76.0
3.46000, 58.0
3.46500, 57.0
3.47000, 59.0
3.47500, 72.0
3.48000, 78.0
3.48500, 69.0
3.49000, 75.0
3.49500, 62.0
3.50000, 81.0
3.50500, 57.0
3.51000, 56.0
3.51500, 58.0
3.52000, 69.0
3.52500, 74.0
3.53000, 59.0
3.53500, 58.0
3.54000, 70.0
3.54500, 61.0
3.55000, 59.0
3.55500, 65.0
3.56000, 55.0
3.56500, 77.0
3.57000, 59.0
3.57500, 67.0
3.58000, 59.0
3.58500, 57.0
3.59000, 64.0
3.59500, 61.0
3.60000, 65.0
3.60500, 46.0
3.61000, 61.0
3.61500, 55.0
3.62000, 56.0
3.62500, 60.0
3.63000, 56.0
3.63500, 51.0
3.64000, 56.0
3.64500, 43.0
3.65000, 53.0
3.65500, 59.0
3.66000, 61.0
3.66500, 52.0
3.67000, 61.0
3.67500, 53.0
3.68000, 56.0
3.68500, 44.0
3.69000, 44.0
3.69500, 63.0
3.70000, 51.0
3.70500, 49.0
3.71000, 53.0
3.71500, 52.0
3.72000, 56.0
3.72500, 59.0
3.73000, 51.0
3.73500, 55.0
3.74000, 63.0
3.74500, 57.0
3.75000, 45.0
3.75500, 55.0
3.76000, 63.0
3.76500, 56.0
3.77000, 66.0
3.77500, 52.0
3.78000, 49.0
3.78500, 57.0
3.79000, 56.0
3.79500, 64.0
3.80000, 51.0
3.80500, 60.0
3.81000, 44.0
3.81500, 54.0
3.82000, 54.0
3.82500, 46.0
3.83000, 47.0
3.83500, 40.0
3.84000, 53.0
3.84500, 57.0
3.85000, 59.0
3.85500, 50.0
3.86000, 64.0
3.86500, 60.0
3.87000, 49.0
3.87500, 56.0
3.88000, 52.0
3.88500, 50.0
3.89000, 59.0
3.89500, 48.0
3.90000, 51.0
3.90500, 65.0
3.91000, 55.0
3.91500, 49.0
3.92000, 48.0
3.92500, 46.0
3.93000, 41.0
3.93500, 49.0
3.94000, 40.0
3.94500, 59.0
3.95000, 51.0
3.95500, 49.0
3.96000, 55.0
3.96500, 44.0
3.97000, 51.0
3.97500, 50.0
3.98000, 46.0
3.98500, 50.0
3.99000, 46.0
3.99500, 53.0
4.00000, 43.0
4.00500, 41.0
4.01000, 46.0
4.01500, 51.0
4.02000, 50.0
4.02500, 51.0
4.03000, 52.0
4.03500, 67.0
4.04000, 56.0
4.04500, 51.0
4.05000, 53.0
4.05500, 66.0
4.06000, 60.0
4.06500, 59.0
4.07000, 51.0
4.07500, 46.0
4.08000, 53.0
4.08500, 44.0
4.09000, 54.0
4.09500, 51.0
4.10000, 63.0
4.10500, 66.0
4.11000, 38.0
4.11500, 50.0
4.12000, 47.0
4.12500, 47.0
4.13000, 58.0
4.13500, 56.0
4.14000, 52.0
4.14500, 55.0
4.15000, 44.0
4.15500, 52.0
4.16000, 52.0
4.16500, 50.0
4.17000, 30.0
4.17500, 41.0
4.18000, 47.0
4.18500, 40.0
4.19000, 55.0
4.19500, 50.0
4.20000, 55.0
4.20500, 51.0
4.21000, 48.0
4.21500, 38.0
4.22000, 46.0
4.22500, 38.0
4.23000, 43.0
4.23500, 40.0
4.24000, 55.0
4.24500, 49.0
4.25000, 54.0
4.25500, 51.0
4.26000, 49.0
4.26500, 43.0
4.27000, 46.0
4.27500, 32.0
4.28000, 38.0
4.28500, 40.0
4.29000, 43.0
4.29500, 30.0
4.30000, 38.0
4.30500, 52.0
4.31000, 46.0
4.31500, 49.0
4.32000, 41.0
4.32500, 48.0
4.33000, 39.0
4.33500, 27.0
4.34000, 42.0
4.34500, 43.0
4.35000, 40.0
4.35500, 47.0
4.36000, 47.0
4.36500, 39.0
4.37000, 54.0
4.37500, 53.0
4.38000, 43.0
4.38500, 42.0
4.39000, 38.0
4.39500, 46.0
4.40000, 42.0
4.40500, 47.0
4.41000, 49.0
4.41500, 44.0
4.42000, 44.0
4.42500, 39.0
4.43000, 45.0
4.43500, 49.0
4.44000, 31.0
4.44500, 39.0
4.45000, 35.0
4.45500, 43.0
4.46000, 53.0
4.46500, 44.0
4.47000, 33.0
4.47500, 38.0
4.48000, 34.0
4.48500, 39.0
4.49000, 45.0
4.49500, 35.0
4.50000, 39.0
4.50500, 47.0
4.51000, 37.0
4.51500, 39.0
4.52000, 44.0
4.52500, 44.0
4.53000, 32.0
4.53500, 45.0
4.54000, 42.0
4.54500, 35.0
4.55000, 43.0
4.55500, 45.0
4.56000, 42.0
4.56500, 33.0
4.57000, 37.0
4.57500, 38.0
4.58000, 43.0
4.58500, 39.0
4.59000, 42.0
4.59500, 34.0
4.60000, 36.0
4.60500, 33.0
4.61000, 41.0
4.61500, 40.0
4.62000, 32.0
4.62500, 46.0
4.63000, 50.0
4.63500, 39.0
4.64000, 34.0
4.64500, 45.0
4.65000, 34.0
4.65500, 39.0
4.66000, 41.0
4.66500, 39.0
4.67000, 28.0
4.67500, 32.0
4.68000, 35.0
4.68500, 38.0
4.69000, 41.0
4.69500, 35.0
4.70000, 55.0
4.70500, 31.0
4.71000, 27.0
4.71500, 40.0
4.72000, 35.0
4.72500, 29.0
4.73000, 32.0
4.73500, 38.0
4.74000, 44.0
4.74500, 53.0
4.75000, 37.0
4.75500, 47.0
4.76000, 44.0
4.76500, 31.0
4.77000, 42.0
4.77500, 37.0
4.78000, 34.0
4.78500, 38.0
4.79000, 34.0
4.79500, 37.0
4.80000, 35.0
4.80500, 38.0
4.81000, 37.0
4.81500, 34.0
4.82000, 29.0
4.82500, 29.0
4.83000, 33.0
4.83500, 32.0
4.84000, 33.0
4.84500, 35.0
4.85000, 39.0
4.85500, 33.0
4.86000, 36.0
4.86500, 35.0
4.87000, 28.0
4.87500, 33.0
4.88000, 33.0
4.88500, 35.0
4.89000, 29.0
4.89500, 27.0
4.90000, 33.0
4.90500, 32.0
4.91000, 35.0
4.91500, 40.0
4.92000, 36.0
4.92500, 35.0
4.93000, 30.0
4.93500, 39.0
4.94000, 41.0
4.94500, 31.0
4.95000, 41.0
4.95500, 38.0
4.96000, 34.0
4.96500, 26.0
4.97000, 38.0
4.97500, 31.0
4.98000, 33.0
4.98500, 32.0
4.99000, 30.0
4.99500, 40.0
5.00000, 37.0
5.00500, 32.0
5.01000, 34.0
5.01500, 36.0
5.02000, 31.0
5.02500, 26.0
5.03000, 39.0
5.03500, 33.0
5.04000, 34.0
5.04500, 34.0
5.05000, 37.0
5.05500, 24.0
5.06000, 34.0
5.06500, 34.0
5.07000, 43.0
5.07500, 29.0
5.08000, 40.0
5.08500, 27.0
5.09000, 28.0
5.09500, 35.0
5.10000, 28.0
5.10500, 29.0
5.11000, 28.0
5.11500, 27.0
5.12000, 32.0
5.12500, 24.0
5.13000, 38.0
5.13500, 29.0
5.14000, 29.0
5.14500, 30.0
5.15000, 29.0
5.15500, 30.0
5.16000, 36.0
5.16500, 34.0
5.17000, 23.0
5.17500, 27.0
5.18000, 40.0
5.18500, 33.0
5.19000, 31.0
5.19500, 24.0
5.20000, 38.0
5.20500, 33.0
5.21000, 29.0
5.21500, 32.0
5.22000, 39.0
5.22500, 32.0
5.23000, 39.0
5.23500, 26.0
5.24000, 25.0
5.24500, 31.0
5.25000, 24.0
5.25500, 23.0
5.26000, 29.0
5.26500, 24.0
5.27000, 35.0
5.27500, 31.0
5.28000, 43.0
5.28500, 27.0
5.29000, 32.0
5.29500, 27.0
5.30000, 32.0
5.30500, 29.0
5.31000, 26.0
5.31500, 37.0
5.32000, 29.0
5.32500, 29.0
5.33000, 28.0
5.33500, 31.0
5.34000, 30.0
5.34500, 28.0
5.35000, 20.0
5.35500, 40.0
5.36000, 28.0
5.36500, 27.0
5.37000, 24.0
5.37500, 29.0
5.38000, 26.0
5.38500, 26.0
5.39000, 31.0
5.39500, 26.0
5.40000, 28.0
5.40500, 35.0
5.41000, 30.0
5.41500, 25.0
5.42000, 46.0
5.42500, 29.0
5.43000, 20.0
5.43500, 35.0
5.44000, 22.0
5.44500, 27.0
5.45000, 35.0
5.45500, 25.0
5.46000, 28.0
5.46500, 28.0
5.47000, 24.0
5.47500, 36.0
5.48000, 26.0
5.48500, 25.0
5.49000, 31.0
5.49500, 27.0
5.50000, 31.0
5.50500, 25.0
5.51000, 29.0
5.51500, 29.0
5.52000, 35.0
5.52500, 21.0
5.53000, 24.0
5.53500, 25.0
5.54000, 21.0
5.54500, 21.0
5.55000, 30.0
5.55500, 25.0
5.56000, 33.0
5.56500, 33.0
5.57000, 27.0
5.57500, 31.0
5.58000, 26.0
5.58500, 19.0
5.59000, 21.0
5.59500, 22.0
5.60000, 33.0
5.60500, 39.0
5.61000, 33.0
5.61500, 23.0
5.62000, 28.0
5.62500, 22.0
5.63000, 23.0
5.63500, 28.0
5.64000, 22.0
5.64500, 25.0
5.65000, 22.0
5.65500, 31.0
5.66000, 40.0
5.66500, 23.0
5.67000, 24.0
5.67500, 31.0
5.68000, 28.0
5.68500, 35.0
5.69000, 26.0
5.69500, 29.0
5.70000, 24.0
5.70500, 24.0
5.71000, 22.0
5.71500, 30.0
5.72000, 33.0
5.72500, 21.0
5.73000, 25.0
5.73500, 28.0
5.74000, 26.0
5.74500, 22.0
5.75000, 19.0
5.75500, 29.0
5.76000, 23.0
5.76500, 31.0
5.77000, 32.0
5.77500, 25.0
5.78000, 17.0
5.78500, 28.0
5.79000, 22.0
5.79500, 27.0
5.80000, 33.0
5.80500, 23.0
5.81000, 26.0
5.81500, 15.0
5.82000, 28.0
5.82500, 18.0
5.83000, 22.0
5.83500, 24.0
5.84000, 27.0
5.84500, 20.0
5.85000, 22.0
5.85500, 18.0
5.86000, 28.0
5.86500, 26.0
5.87000, 22.0
5.87500, 30.0
5.88000, 15.0
5.88500, 25.0
5.89000, 24.0
5.89500, 31.0
5.90000, 23.0
5.90500, 25.0
5.91000, 27.0
5.91500, 21.0
5.92000, 25.0
5.92500, 19.0
5.93000, 16.0
5.93500, 29.0
5.94000, 25.0
5.94500, 23.0
5.95000, 22.0
5.95500, 18.0
5.96000, 25.0
5.96500, 16.0
5.97000, 14.0
5.97500, 20.0
5.98000, 20.0
5.98500, 35.0
5.99000, 26.0
5.99500, 26.0
6.00000, 16.0
6.00500, 25.0
6.01000, 22.0
6.01500, 18.0
6.02000, 21.0
6.02500, 22.0
6.03000, 30.0
6.03500, 17.0
6.04000, 22.0
6.04500, 19.0
6.05000, 19.0
6.05500, 26.0
6.06000, 29.0
6.06500, 24.0
6.07000, 19.0
6.07500, 28.0
6.08000, 16.0
6.08500, 19.0
6.09000, 24.0
6.09500, 26.0
6.10000, 21.0
6.10500, 35.0
6.11000, 27.0
6.11500, 19.0
6.12000, 13.0
6.12500, 20.0
6.13000, 30.0
6.13500, 20.0
6.14000, 18.0
6.14500, 8.0
6.15000, 27.0
6.15500, 18.0
6.16000, 13.0
6.16500, 21.0
6.17000, 18.0
6.17500, 18.0
6.18000, 21.0
6.18500, 26.0
6.19000, 12.0
6.19500, 26.0
6.20000, 27.0
6.20500, 14.0
6.21000, 14.0
6.21500, 23.0
6.22000, 19.0
6.22500, 21.0
6.23000, 20.0
6.23500, 14.0
6.24000, 13.0
6.24500, 26.0
6.25000, 24.0
6.25500, 12.0
6.26000, 29.0
6.26500, 19.0
6.27000, 22.0
6.27500, 21.0
6.28000, 18.0
6.28500, 23.0
6.29000, 23.0
6.29500, 29.0
6.30000, 30.0
6.30500, 19.0
6.31000, 21.0
6.31500, 21.0
6.32000, 21.0
6.32500, 21.0
6.33000, 25.0
6.33500, 19.0
6.34000, 21.0
6.34500, 19.0
6.35000, 13.0
6.35500, 19.0
6.36000, 21.0
6.36500, 20.0
6.37000, 22.0
6.37500, 19.0
6.38000, 17.0
6.38500, 18.0
6.39000, 11.0
6.39500, 16.0
6.40000, 21.0
6.40500, 14.0
6.41000, 19.0
6.41500, 18.0
6.42000, 20.0
6.42500, 20.0
6.43000, 31.0
6.43500, 14.0
6.44000, 31.0
6.44500, 12.0
6.45000, 15.0
6.45500, 20.0
6.46000, 16.0
6.46500, 19.0
6.47000, 22.0
6.47500, 18.0
6.48000, 19.0
6.48500, 14.0
6.49000, 9.0
6.49500, 15.0
6.50000, 17.0
6.50500, 23.0
6.51000, 25.0
6.51500, 23.0
6.52000, 15.0
6.52500, 16.0
6.53000, 19.0
6.53500, 20.0
6.54000, 25.0
6.54500, 19.0
6.55000, 19.0
6.55500, 24.0
6.56000, 23.0
6.56500, 18.0
6.57000, 14.0
6.57500, 12.0
6.58000, 29.0
6.58500, 14.0
6.59000, 13.0
6.59500, 20.0
6.60000, 24.0
6.60500, 13.0
6.61000, 21.0
6.61500, 16.0
6.62000, 17.0
6.62500, 18.0
6.63000, 16.0
6.63500, 13.0
6.64000, 17.0
6.64500, 17.0
6.65000, 21.0
6.65500, 26.0
6.66000, 22.0
6.66500, 14.0
6.67000, 18.0
6.67500, 16.0
6.68000, 17.0
6.68500, 16.0
6.69000, 15.0
6.69500, 12.0
6.70000, 17.0
6.70500, 22.0
6.71000, 14.0
6.71500, 24.0
6.72000, 15.0
6.72500, 18.0
6.73000, 24.0
6.73500, 19.0
6.74000, 18.0
6.74500, 20.0
6.75000, 16.0
6.75500, 19.0
6.76000, 14.0
6.76500, 13.0
6.77000, 21.0
6.77500, 21.0
6.78000, 9.0
6.78500, 17.0
6.79000, 16.0
6.79500, 20.0
6.80000, 20.0
6.80500, 22.0
6.81000, 20.0
6.81500, 13.0
6.82000, 19.0
6.82500, 18.0
6.83000, 19.0
6.83500, 19.0
6.84000, 12.0
6.84500, 13.0
6.85000, 13.0
6.85500, 11.0
6.86000, 4.0
6.86500, 15.0
6.87000, 15.0
6.87500, 18.0
6.88000, 15.0
6.88500, 16.0
6.89000, 9.0
6.89500, 14.0
6.90000, 16.0
6.90500, 20.0
6.91000, 15.0
6.91500, 20.0
6.92000, 16.0
6.92500, 17.0
6.93000, 7.0
6.93500, 15.0
6.94000, 16.0
6.94500, 12.0
6.95000, 21.0
6.95500, 18.0
6.96000, 15.0
6.96500, 15.0
6.97000, 14.0
6.97500, 18.0
6.98000, 19.0
6.98500, 23.0
6.99000, 12.0
6.99500, 14.0
7.00000, 12.0
7.00500, 17.0
7.01000, 22.0
7.01500, 18.0
7.02000, 12.0
7.02500, 15.0
7.03000, 16.0
7.03500, 17.0
7.04000, 23.0
7.04500, 18.0
7.05000, 14.0
7.05500, 16.0
7.06000, 18.0
7.06500, 11.0
7.07000, 16.0
7.07500, 17.0
7.08000, 13.0
7.08500, 16.0
7.09000, 12.0
7.09500, 12.0
7.10000, 19.0
7.10500, 17.0
7.11000, 20.0
7.11500, 17.0
7.12000, 19.0
7.12500, 16.0
7.13000, 15.0
7.13500, 10.0
7.14000, 19.0
7.14500, 18.0
7.15000, 14.0
7.15500, 18.0
7.16000, 16.0
7.16500, 11.0
7.17000, 19.0
7.17500, 15.0
7.18000, 16.0
7.18500, 18.0
7.19000, 12.0
7.19500, 22.0
7.20000, 17.0
7.20500, 10.0
7.21000, 13.0
7.21500, 17.0
7.22000, 20.0
7.22500, 14.0
7.23000, 10.0
7.23500, 15.0
7.24000, 13.0
7.24500, 18.0
7.25000, 13.0
7.25500, 13.0
7.26000, 15.0
7.26500, 20.0
7.27000, 11.0
7.27500, 10.0
7.28000, 17.0
7.28500, 18.0
7.29000, 13.0
7.29500, 14.0
7.30000, 17.0
7.30500, 12.0
7.31000, 7.0
7.31500, 11.0
7.32000, 16.0
7.32500, 13.0
7.33000, 15.0
7.33500, 17.0
7.34000, 8.0
7.34500, 24.0
7.35000, 20.0
7.35500, 7.0
7.36000, 17.0
7.36500, 18.0
7.37000, 14.0
7.37500, 13.0
7.38000, 20.0
7.38500, 14.0
7.39000, 15.0
7.39500, 17.0
7.40000, 11.0
7.40500, 15.0
7.41000, 9.0
7.41500, 22.0
7.42000, 16.0
7.42500, 17.0
7.43000, 15.0
7.43500, 12.0
7.44000, 15.0
7.44500, 16.0
7.45000, 11.0
7.45500, 8.0
7.46000, 9.0
7.46500, 12.0
7.47000, 14.0
7.47500, 11.0
7.48000, 13.0
7.48500, 11.0
7.49000, 7.0
7.49500, 14.0
7.50000, 17.0
7.50500, 14.0
7.51000, 12.0
7.51500, 9.0
7.52000, 16.0
7.52500, 11.0
7.53000, 9.0
7.53500, 14.0
7.54000, 9.0
7.54500, 12.0
7.55000, 13.0
7.55500, 17.0
7.56000, 17.0
7.56500, 18.0
7.57000, 21.0
7.57500, 11.0
7.58000, 20.0
7.58500, 13.0
7.59000, 11.0
7.59500, 13.0
7.60000, 9.0
7.60500, 10.0
7.61000, 9.0
7.61500, 18.0
7.62000, 11.0
7.62500, 15.0
7.63000, 10.0
7.63500, 11.0
7.64000, 14.0
7.64500, 12.0
7.65000, 13.0
7.65500, 9.0
7.66000, 11.0
7.66500, 9.0
7.67000, 9.0
7.67500, 8.0
7.68000, 13.0
7.68500, 10.0
7.69000, 16.0
7.69500, 12.0
7.70000, 13.0
7.70500, 18.0
7.71000, 12.0
7.71500, 9.0
7.72000, 12.0
7.72500, 16.0
7.73000, 16.0
7.73500, 5.0
7.74000, 10.0
7.74500, 9.0
7.75000, 12.0
7.75500, 9.0
7.76000, 9.0
7.76500, 9.0
7.77000, 10.0
7.77500, 10.0
7.78000, 15.0
7.78500, 9.0
7.79000, 11.0
7.79500, 12.0
7.80000, 10.0
7.80500, 10.0
7.81000, 16.0
7.81500, 9.0
7.82000, 7.0
7.82500, 16.0
7.83000, 9.0
7.83500, 11.0
7.84000, 11.0
7.84500, 13.0
7.85000, 11.0
7.85500, 13.0
7.86000, 7.0
7.86500, 11.0
7.87000, 10.0
7.87500, 11.0
7.88000, 11.0
7.88500, 17.0
7.89000, 6.0
7.89500, 12.0
7.90000, 9.0
7.90500, 13.0
7.91000, 7.0
7.91500, 11.0
7.92000, 9.0
7.92500, 13.0
7.93000, 10.0
7.93500, 9.0
7.94000, 9.0
7.94500, 13.0
7.95000, 10.0
7.95500, 9.0
7.96000, 15.0
7.96500, 10.0
7.97000, 11.0
7.97500, 10.0
7.98000, 16.0
7.98500, 15.0
7.99000, 11.0
7.99500, 10.0
8.00000, 8.0
8.00500, 10.0
8.01000, 9.0
8.01500, 6.0
8.02000, 13.0
8.02500, 8.0
8.03000, 11.0
8.03500, 15.0
8.04000, 14.0
8.04500, 12.0
8.05000, 16.0
8.05500, 4.0
8.06000, 10.0
8.06500, 9.0
8.07000, 16.0
8.07500, 8.0
8.08000, 13.0
8.08500, 5.0
8.09000, 10.0
8.09500, 7.0
8.10000, 14.0
8.10500, 12.0
8.11000, 11.0
8.11500, 4.0
8.12000, 8.0
8.12500, 7.0
8.13000, 14.0
8.13500, 11.0
8.14000, 9.0
8.14500, 7.0
8.15000, 14.0
8.15500, 7.0
8.16000, 9.0
8.16500, 8.0
8.17000, 11.0
8.17500, 8.0
8.18000, 12.0
8.18500, 7.0
8.19000, 11.0
8.19500, 8.0
8.20000, 13.0
8.20500, 10.0
8.21000, 5.0
8.21500, 10.0
8.22000, 9.0
8.22500, 18.0
8.23000, 9.0
8.23500, 13.0
8.24000, 12.0
8.24500, 10.0
8.25000, 9.0
8.25500, 12.0
8.26000, 9.0
8.26500, 6.0
8.27000, 13.0
8.27500, 14.0
8.28000, 5.0
8.28500, 9.0
8.29000, 11.0
8.29500, 11.0
8.30000, 8.0
8.30500, 11.0
8.31000, 6.0
8.31500, 15.0
8.32000, 10.0
8.32500, 5.0
8.33000, 13.0
8.33500, 7.0
8.34000, 8.0
8.34500, 12.0
8.35000, 7.0
8.35500, 8.0
8.36000, 4.0
8.36500, 9.0
8.37000, 5.0
8.37500, 2.0
8.38000, 8.0
8.38500, 7.0
8.39000, 9.0
8.39500, 10.0
8.40000, 12.0
8.40500, 10.0
8.41000, 12.0
8.41500, 7.0
8.42000, 11.0
8.42500, 7.0
8.43000, 8.0
8.43500, 5.0
8.44000, 7.0
8.44500, 8.0
8.45000, 6.0
8.45500, 12.0
8.46000, 6.0
8.46500, 7.0
8.47000, 9.0
8.47500, 14.0
8.48000, 8.0
8.48500, 9.0
8.49000, 10.0
8.49500, 7.0
8.50000, 10.0
8.50500, 8.0
8.51000, 8.0
8.51500, 8.0
8.52000, 11.0
8.52500, 5.0
8.53000, 9.0
8.53500, 6.0
8.54000, 6.0
8.54500, 8.0
8.55000, 13.0
8.55500, 8.0
8.56000, 14.0
8.56500, 9.0
8.57000, 5.0
8.57500, 4.0
8.58000, 8.0
8.58500, 8.0
8.59000, 10.0
8.59500, 14.0
8.60000, 13.0
8.60500, 6.0
8.61000, 8.0
8.61500, 6.0
8.62000, 8.0
8.62500, 9.0
8.63000, 9.0
8.63500, 7.0
8.64000, 3.0
8.64500, 10.0
8.65000, 3.0
8.65500, 7.0
8.66000, 9.0
8.66500, 7.0
8.67000, 11.0
8.67500, 5.0
8.68000, 6.0
8.68500, 4.0
8.69000, 12.0
8.69500, 10.0
8.70000, 7.0
8.70500, 6.0
8.71000, 8.0
8.71500, 9.0
8.72000, 8.0
8.72500, 9.0
8.73000, 7.0
8.73500, 7.0
8.74000, 5.0
8.74500, 7.0
8.75000, 6.0
8.75500, 2.0
8.76000, 8.0
8.76500, 6.0
8.77000, 7.0
8.77500, 6.0
8.78000, 3.0
8.78500, 10.0
8.79000, 10.0
8.79500, 6.0
8.80000, 6.0
8.80500, 12.0
8.81000, 6.0
8.81500, 7.0
8.82000, 4.0
8.82500, 9.0
8.83000, 7.0
8.83500, 4.0
8.84000, 5.0
8.84500, 8.0
8.85000, 4.0
8.85500, 5.0
8.86000, 6.0
8.86500, 4.0
8.87000, 7.0
8.87500, 8.0
8.88000, 8.0
8.88500, 7.0
8.89000, 10.0
8.89500, 11.0
8.90000, 4.0
8.90500, 1.0
8.91000, 7.0
8.91500, 5.0
8.92000, 6.0
8.92500, 8.0
8.93000, 11.0
8.93500, 5.0
8.94000, 12.0
8.94500, 12.0
8.95000, 5.0
8.95500, 5.0
8.96000, 10.0
8.96500, 4.0
8.97000, 7.0
8.97500, 3.0
8.98000, 8.0
8.98500, 6.0
8.99000, 7.0
8.99500, 6.0
9.00000, 9.0
9.00500, 1.0
9.01000, 4.0
9.01500, 5.0
9.02000, 6.0
9.02500, 9.0
9.03000, 5.0
9.03500, 7.0
9.04000, 5.0
9.04500, 8.0
9.05000, 3.0
9.05500, 10.0
9.06000, 6.0
9.06500, 6.0
9.07000, 6.0
9.07500, 5.0
9.08000, 8.0
9.08500, 6.0
9.09000, 6.0
9.09500, 3.0
9.10000, 6.0
9.10500, 6.0
9.11000, 5.0
9.11500, 7.0
9.12000, 5.0
9.12500, 2.0
9.13000, 4.0
9.13500, 2.0
9.14000, 8.0
9.14500, 5.0
9.15000, 5.0
9.15500, 8.0
9.16000, 7.0
9.16500, 4.0
9.17000, 5.0
9.17500, 6.0
9.18000, 5.0
9.18500, 4.0
9.19000, 5.0
9.19500, 2.0
9.20000, 5.0
9.20500, 3.0
9.21000, 5.0
9.21500, 3.0
9.22000, 9.0
9.22500, 7.0
9.23000, 5.0
9.23500, 4.0
9.24000, 1.0
9.24500, 4.0
9.25000, 1.0
9.25500, 7.0
9.26000, 5.0
9.26500, 4.0
9.27000, 5.0
9.27500, 5.0
9.28000, 6.0
9.28500, 9.0
9.29000, 4.0
9.29500, 3.0
9.30000, 3.0
9.30500, 4.0
9.31000, 8.0
9.31500, 9.0
9.32000, 7.0
9.32500, 4.0
9.33000, 4.0
9.33500, 6.0
9.34000, 1.0
9.34500, 1.0
9.35000, 1.0
9.35500, 6.0
9.36000, 5.0
9.36500, 4.0
9.37000, 3.0
9.37500, 5.0
9.38000, 3.0
9.38500, 5.0
9.39000, 5.0
9.39500, 4.0
9.40000, 3.0
9.40500, 4.0
9.41000, 6.0
9.41500, 5.0
9.42000, 6.0
9.42500, 6.0
9.43000, 4.0
9.43500, 4.0
9.44000, 0.0
9.44500, 3.0
9.45000, 5.0
9.45500, 2.0
9.46000, 1.0
9.46500, 5.0
9.47000, 3.0
9.47500, 7.0
9.48000, 3.0
9.48500, 4.0
9.49000, 1.0
9.49500, 3.0
9.50000, 2.0
9.50500, 6.0
9.51000, 4.0
9.51500, 2.0
9.52000, 4.0
9.52500, 3.0
9.53000, 5.0
9.53500, 2.0
9.54000, 1.0
9.54500, 5.0
9.55000, 0.0
9.55500, 5.0
9.56000, 3.0
9.56500, 3.0
9.57000, 3.0
9.57500, 3.0
9.58000, 3.0
9.58500, 5.0
9.59000, 3.0
9.59500, 4.0
9.60000, 5.0
9.60500, 1.0
9.61000, 4.0
9.61500, 5.0
9.62000, 4.0
9.62500, 4.0
9.63000, 3.0
9.63500, 4.0
9.64000, 3.0
9.64500, 3.0
9.65000, 4.0
9.65500, 2.0
9.66000, 2.0
9.66500, 2.0
9.67000, 3.0
9.67500, 3.0
9.68000, 5.0
9.68500, 2.0
9.69000, 2.0
9.69500, 1.0
9.70000, 2.0
9.70500, 1.0
9.71000, 3.0
9.71500, 3.0
9.72000, 0.0
9.72500, 3.0
9.73000, 1.0
9.73500, 2.0
9.74000, 3.0
9.74500, 1.0
9.75000, 2.0
9.75500, 2.0
9.76000, 2.0
9.76500, 0.0
9.77000, 3.0
9.77500, 7.0
9.78000, 3.0
9.78500, 3.0
9.79000, 2.0
9.79500, 2.0
9.80000, 2.0
9.80500, 3.0
9.81000, 3.0
9.81500, 3.0
9.82000, 2.0
9.82500, 1.0
9.83000, 5.0
9.83500, 4.0
9.84000, 3.0
9.84500, 5.0
9.85000, 2.0
9.85500, 0.0
9.86000, 1.0
9.86500, 1.0
9.87000, 1.0
9.87500, 0.0
9.88000, 2.0
9.88500, 2.0
9.89000, 3.0
9.89500, 2.0
9.90000, 4.0
9.90500, 1.0
9.91000, 2.0
9.91500, 1.0
9.92000, 2.0
9.92500, 2.0
9.93000, 2.0
9.93500, 2.0
9.94000, 0.0
9.94500, 0.0
9.95000, 1.0
9.95500, 1.0
9.96000, 0.0
9.96500, 1.0
9.97000, 2.0
9.97500, 0.0
9.98000, 0.0
9.98500, 1.0
9.99000, 1.0
9.99500, 0.0
10.00000, 1.0
10.00500, 0.0
10.01000, 2.0
10.01500, 1.0
10.02000, 0.0
10.02500, 3.0
10.03000, 0.0
10.03500, 0.0
10.04000, 0.0
10.04500, 0.0
10.05000, 1.0
10.05500, 0.0
10.06000, 0.0
10.06500, 1.0
10.07000, 0.0
10.07500, 0.0
10.08000, 3.0
10.08500, 0.0
10.09000, 0.0
10.09500, 0.0
10.10000, 0.0
10.10500, 0.0
10.11000, 0.0
10.11500, 0.0
10.12000, 0.0
10.12500, 0.0
10.13000, 0.0
10.13500, 0.0
#ENDOFDATA   : 
