#FORMAT      : EMSA/MAS Spectral Data File
#VERSION     : 1.0
#TITLE       : 20250425_10K_G10_1
#DATE        : 24-APR-2025
#TIME        : 09:57
#OWNER       : 
#NPOINTS     : 2048.0
#NCOLUMNS    : 1.0
#XUNITS      : keV
#YUNITS      : counts
#DATATYPE    : XY
#XPERCHAN    : 0.005
#OFFSET      : -0.1
#SIGNALTYPE  : EDS
#CHOFFSET    : 20.0
#LIVETIME    : 60.0
#REALTIME    : 61.887695313
#BEAMKV      : 10.0
#MAGCAM      : 3300.0
#XTILTSTGE   : 0.0
#AZIMANGLE   : 0.0
#ELEVANGLE   : 29.0
#XPOSITION mm: 0.5138
#YPOSITION mm: -0.6150
#ZPOSITION mm: 13.5353
##OXINSTPT   : 2
##OXINSTSTROB: 67.49
#SPECTRUM    : Spectral Data Starts Here
-0.10000, 0.0
-0.09500, 0.0
-0.09000, 0.0
-0.08500, 0.0
-0.08000, 0.0
-0.07500, 1.0
-0.07000, 1.0
-0.06500, 4.0
-0.06000, 5.0
-0.05500, 5.0
-0.05000, 11.0
-0.04500, 25.0
-0.04000, 37.0
-0.03500, 53.0
-0.03000, 71.0
-0.02500, 90.0
-0.02000, 129.0
-0.01500, 182.0
-0.01000, 252.0
-0.00500, 323.0
0.00000, 394.0
0.00500, 465.0
0.01000, 538.0
0.01500, 687.0
0.02000, 757.0
0.02500, 835.0
0.03000, 890.0
0.03500, 971.0
0.04000, 1007.0
0.04500, 1056.0
0.05000, 1069.0
0.05500, 1022.0
0.06000, 972.0
0.06500, 928.0
0.07000, 814.0
0.07500, 743.0
0.08000, 637.0
0.08500, 542.0
0.09000, 457.0
0.09500, 357.0
0.10000, 281.0
0.10500, 221.0
0.11000, 190.0
0.11500, 137.0
0.12000, 95.0
0.12500, 87.0
0.13000, 84.0
0.13500, 68.0
0.14000, 65.0
0.14500, 56.0
0.15000, 51.0
0.15500, 55.0
0.16000, 56.0
0.16500, 58.0
0.17000, 62.0
0.17500, 55.0
0.18000, 59.0
0.18500, 52.0
0.19000, 60.0
0.19500, 60.0
0.20000, 58.0
0.20500, 58.0
0.21000, 66.0
0.21500, 74.0
0.22000, 69.0
0.22500, 78.0
0.23000, 86.0
0.23500, 89.0
0.24000, 95.0
0.24500, 104.0
0.25000, 108.0
0.25500, 122.0
0.26000, 122.0
0.26500, 131.0
0.27000, 142.0
0.27500, 138.0
0.28000, 128.0
0.28500, 118.0
0.29000, 128.0
0.29500, 115.0
0.30000, 105.0
0.30500, 96.0
0.31000, 108.0
0.31500, 79.0
0.32000, 88.0
0.32500, 79.0
0.33000, 76.0
0.33500, 79.0
0.34000, 74.0
0.34500, 79.0
0.35000, 82.0
0.35500, 81.0
0.36000, 89.0
0.36500, 89.0
0.37000, 89.0
0.37500, 99.0
0.38000, 101.0
0.38500, 118.0
0.39000, 128.0
0.39500, 141.0
0.40000, 142.0
0.40500, 157.0
0.41000, 171.0
0.41500, 203.0
0.42000, 263.0
0.42500, 284.0
0.43000, 327.0
0.43500, 391.0
0.44000, 506.0
0.44500, 657.0
0.45000, 833.0
0.45500, 1093.0
0.46000, 1348.0
0.46500, 1685.0
0.47000, 2022.0
0.47500, 2388.0
0.48000, 2847.0
0.48500, 3524.0
0.49000, 4033.0
0.49500, 4584.0
0.50000, 4956.0
0.50500, 5364.0
0.51000, 5897.0
0.51500, 5980.0
0.52000, 6188.0
0.52500, 6174.0
0.53000, 6000.0
0.53500, 5788.0
0.54000, 5430.0
0.54500, 4858.0
0.55000, 4396.0
0.55500, 3866.0
0.56000, 3246.0
0.56500, 2711.0
0.57000, 2270.0
0.57500, 1816.0
0.58000, 1386.0
0.58500, 1072.0
0.59000, 852.0
0.59500, 632.0
0.60000, 519.0
0.60500, 385.0
0.61000, 284.0
0.61500, 216.0
0.62000, 184.0
0.62500, 147.0
0.63000, 127.0
0.63500, 110.0
0.64000, 94.0
0.64500, 95.0
0.65000, 96.0
0.65500, 101.0
0.66000, 97.0
0.66500, 104.0
0.67000, 103.0
0.67500, 100.0
0.68000, 113.0
0.68500, 122.0
0.69000, 116.0
0.69500, 118.0
0.70000, 130.0
0.70500, 121.0
0.71000, 127.0
0.71500, 142.0
0.72000, 120.0
0.72500, 123.0
0.73000, 142.0
0.73500, 121.0
0.74000, 124.0
0.74500, 132.0
0.75000, 143.0
0.75500, 133.0
0.76000, 132.0
0.76500, 142.0
0.77000, 147.0
0.77500, 136.0
0.78000, 133.0
0.78500, 152.0
0.79000, 152.0
0.79500, 146.0
0.80000, 155.0
0.80500, 174.0
0.81000, 151.0
0.81500, 149.0
0.82000, 153.0
0.82500, 162.0
0.83000, 154.0
0.83500, 148.0
0.84000, 175.0
0.84500, 170.0
0.85000, 163.0
0.85500, 167.0
0.86000, 165.0
0.86500, 152.0
0.87000, 156.0
0.87500, 160.0
0.88000, 156.0
0.88500, 176.0
0.89000, 166.0
0.89500, 180.0
0.90000, 174.0
0.90500, 178.0
0.91000, 184.0
0.91500, 171.0
0.92000, 181.0
0.92500, 173.0
0.93000, 163.0
0.93500, 181.0
0.94000, 203.0
0.94500, 196.0
0.95000, 185.0
0.95500, 187.0
0.96000, 195.0
0.96500, 199.0
0.97000, 198.0
0.97500, 185.0
0.98000, 192.0
0.98500, 193.0
0.99000, 191.0
0.99500, 203.0
1.00000, 199.0
1.00500, 204.0
1.01000, 190.0
1.01500, 199.0
1.02000, 193.0
1.02500, 192.0
1.03000, 211.0
1.03500, 200.0
1.04000, 195.0
1.04500, 184.0
1.05000, 190.0
1.05500, 211.0
1.06000, 210.0
1.06500, 194.0
1.07000, 202.0
1.07500, 222.0
1.08000, 216.0
1.08500, 203.0
1.09000, 202.0
1.09500, 188.0
1.10000, 198.0
1.10500, 189.0
1.11000, 196.0
1.11500, 188.0
1.12000, 188.0
1.12500, 189.0
1.13000, 195.0
1.13500, 188.0
1.14000, 179.0
1.14500, 187.0
1.15000, 213.0
1.15500, 189.0
1.16000, 190.0
1.16500, 204.0
1.17000, 209.0
1.17500, 208.0
1.18000, 214.0
1.18500, 188.0
1.19000, 199.0
1.19500, 196.0
1.20000, 214.0
1.20500, 206.0
1.21000, 207.0
1.21500, 194.0
1.22000, 196.0
1.22500, 197.0
1.23000, 202.0
1.23500, 205.0
1.24000, 191.0
1.24500, 180.0
1.25000, 186.0
1.25500, 203.0
1.26000, 198.0
1.26500, 198.0
1.27000, 200.0
1.27500, 199.0
1.28000, 197.0
1.28500, 211.0
1.29000, 222.0
1.29500, 216.0
1.30000, 216.0
1.30500, 199.0
1.31000, 190.0
1.31500, 215.0
1.32000, 204.0
1.32500, 207.0
1.33000, 181.0
1.33500, 180.0
1.34000, 219.0
1.34500, 203.0
1.35000, 180.0
1.35500, 198.0
1.36000, 202.0
1.36500, 219.0
1.37000, 209.0
1.37500, 199.0
1.38000, 212.0
1.38500, 217.0
1.39000, 200.0
1.39500, 194.0
1.40000, 200.0
1.40500, 195.0
1.41000, 196.0
1.41500, 210.0
1.42000, 200.0
1.42500, 190.0
1.43000, 193.0
1.43500, 196.0
1.44000, 206.0
1.44500, 212.0
1.45000, 203.0
1.45500, 201.0
1.46000, 218.0
1.46500, 206.0
1.47000, 222.0
1.47500, 229.0
1.48000, 213.0
1.48500, 211.0
1.49000, 220.0
1.49500, 210.0
1.50000, 210.0
1.50500, 221.0
1.51000, 242.0
1.51500, 240.0
1.52000, 247.0
1.52500, 252.0
1.53000, 243.0
1.53500, 246.0
1.54000, 249.0
1.54500, 224.0
1.55000, 238.0
1.55500, 243.0
1.56000, 244.0
1.56500, 258.0
1.57000, 258.0
1.57500, 255.0
1.58000, 237.0
1.58500, 235.0
1.59000, 244.0
1.59500, 252.0
1.60000, 265.0
1.60500, 255.0
1.61000, 287.0
1.61500, 319.0
1.62000, 365.0
1.62500, 444.0
1.63000, 494.0
1.63500, 609.0
1.64000, 775.0
1.64500, 916.0
1.65000, 1243.0
1.65500, 1540.0
1.66000, 1926.0
1.66500, 2401.0
1.67000, 3051.0
1.67500, 3818.0
1.68000, 4640.0
1.68500, 5509.0
1.69000, 6480.0
1.69500, 7500.0
1.70000, 8697.0
1.70500, 9735.0
1.71000, 10794.0
1.71500, 11804.0
1.72000, 12684.0
1.72500, 13588.0
1.73000, 14298.0
1.73500, 14818.0
1.74000, 14745.0
1.74500, 14958.0
1.75000, 14919.0
1.75500, 14536.0
1.76000, 13655.0
1.76500, 12956.0
1.77000, 11927.0
1.77500, 10996.0
1.78000, 9910.0
1.78500, 8862.0
1.79000, 7617.0
1.79500, 6639.0
1.80000, 5829.0
1.80500, 4967.0
1.81000, 4157.0
1.81500, 3550.0
1.82000, 2938.0
1.82500, 2505.0
1.83000, 2038.0
1.83500, 1721.0
1.84000, 1462.0
1.84500, 1266.0
1.85000, 1110.0
1.85500, 948.0
1.86000, 782.0
1.86500, 715.0
1.87000, 623.0
1.87500, 570.0
1.88000, 511.0
1.88500, 401.0
1.89000, 354.0
1.89500, 296.0
1.90000, 269.0
1.90500, 246.0
1.91000, 209.0
1.91500, 193.0
1.92000, 171.0
1.92500, 152.0
1.93000, 143.0
1.93500, 113.0
1.94000, 119.0
1.94500, 98.0
1.95000, 115.0
1.95500, 105.0
1.96000, 96.0
1.96500, 96.0
1.97000, 96.0
1.97500, 84.0
1.98000, 74.0
1.98500, 86.0
1.99000, 86.0
1.99500, 84.0
2.00000, 89.0
2.00500, 88.0
2.01000, 94.0
2.01500, 85.0
2.02000, 87.0
2.02500, 73.0
2.03000, 84.0
2.03500, 81.0
2.04000, 77.0
2.04500, 87.0
2.05000, 100.0
2.05500, 90.0
2.06000, 85.0
2.06500, 98.0
2.07000, 91.0
2.07500, 81.0
2.08000, 79.0
2.08500, 86.0
2.09000, 86.0
2.09500, 83.0
2.10000, 94.0
2.10500, 89.0
2.11000, 79.0
2.11500, 88.0
2.12000, 82.0
2.12500, 106.0
2.13000, 100.0
2.13500, 95.0
2.14000, 86.0
2.14500, 100.0
2.15000, 94.0
2.15500, 85.0
2.16000, 85.0
2.16500, 84.0
2.17000, 90.0
2.17500, 85.0
2.18000, 84.0
2.18500, 98.0
2.19000, 77.0
2.19500, 86.0
2.20000, 94.0
2.20500, 97.0
2.21000, 92.0
2.21500, 94.0
2.22000, 88.0
2.22500, 102.0
2.23000, 107.0
2.23500, 102.0
2.24000, 99.0
2.24500, 124.0
2.25000, 106.0
2.25500, 138.0
2.26000, 144.0
2.26500, 121.0
2.27000, 129.0
2.27500, 130.0
2.28000, 138.0
2.28500, 128.0
2.29000, 136.0
2.29500, 122.0
2.30000, 118.0
2.30500, 123.0
2.31000, 136.0
2.31500, 136.0
2.32000, 114.0
2.32500, 118.0
2.33000, 113.0
2.33500, 124.0
2.34000, 115.0
2.34500, 114.0
2.35000, 109.0
2.35500, 106.0
2.36000, 107.0
2.36500, 111.0
2.37000, 109.0
2.37500, 96.0
2.38000, 94.0
2.38500, 110.0
2.39000, 88.0
2.39500, 93.0
2.40000, 82.0
2.40500, 93.0
2.41000, 83.0
2.41500, 78.0
2.42000, 86.0
2.42500, 83.0
2.43000, 89.0
2.43500, 91.0
2.44000, 87.0
2.44500, 90.0
2.45000, 92.0
2.45500, 82.0
2.46000, 76.0
2.46500, 78.0
2.47000, 94.0
2.47500, 86.0
2.48000, 80.0
2.48500, 87.0
2.49000, 79.0
2.49500, 84.0
2.50000, 79.0
2.50500, 91.0
2.51000, 89.0
2.51500, 91.0
2.52000, 85.0
2.52500, 66.0
2.53000, 83.0
2.53500, 89.0
2.54000, 88.0
2.54500, 83.0
2.55000, 79.0
2.55500, 82.0
2.56000, 88.0
2.56500, 71.0
2.57000, 84.0
2.57500, 82.0
2.58000, 69.0
2.58500, 70.0
2.59000, 73.0
2.59500, 67.0
2.60000, 86.0
2.60500, 64.0
2.61000, 81.0
2.61500, 82.0
2.62000, 74.0
2.62500, 84.0
2.63000, 74.0
2.63500, 73.0
2.64000, 90.0
2.64500, 89.0
2.65000, 75.0
2.65500, 78.0
2.66000, 78.0
2.66500, 79.0
2.67000, 74.0
2.67500, 78.0
2.68000, 69.0
2.68500, 70.0
2.69000, 71.0
2.69500, 82.0
2.70000, 73.0
2.70500, 75.0
2.71000, 77.0
2.71500, 84.0
2.72000, 82.0
2.72500, 75.0
2.73000, 76.0
2.73500, 82.0
2.74000, 74.0
2.74500, 88.0
2.75000, 66.0
2.75500, 69.0
2.76000, 69.0
2.76500, 71.0
2.77000, 76.0
2.77500, 68.0
2.78000, 68.0
2.78500, 76.0
2.79000, 70.0
2.79500, 69.0
2.80000, 61.0
2.80500, 68.0
2.81000, 76.0
2.81500, 71.0
2.82000, 78.0
2.82500, 71.0
2.83000, 61.0
2.83500, 69.0
2.84000, 60.0
2.84500, 73.0
2.85000, 79.0
2.85500, 73.0
2.86000, 74.0
2.86500, 80.0
2.87000, 73.0
2.87500, 53.0
2.88000, 66.0
2.88500, 81.0
2.89000, 66.0
2.89500, 66.0
2.90000, 66.0
2.90500, 83.0
2.91000, 57.0
2.91500, 60.0
2.92000, 75.0
2.92500, 74.0
2.93000, 77.0
2.93500, 72.0
2.94000, 50.0
2.94500, 53.0
2.95000, 71.0
2.95500, 67.0
2.96000, 84.0
2.96500, 65.0
2.97000, 67.0
2.97500, 71.0
2.98000, 62.0
2.98500, 58.0
2.99000, 71.0
2.99500, 84.0
3.00000, 60.0
3.00500, 66.0
3.01000, 63.0
3.01500, 68.0
3.02000, 76.0
3.02500, 71.0
3.03000, 79.0
3.03500, 70.0
3.04000, 52.0
3.04500, 55.0
3.05000, 67.0
3.05500, 57.0
3.06000, 65.0
3.06500, 65.0
3.07000, 62.0
3.07500, 60.0
3.08000, 63.0
3.08500, 61.0
3.09000, 70.0
3.09500, 55.0
3.10000, 46.0
3.10500, 66.0
3.11000, 67.0
3.11500, 59.0
3.12000, 64.0
3.12500, 65.0
3.13000, 59.0
3.13500, 63.0
3.14000, 61.0
3.14500, 50.0
3.15000, 65.0
3.15500, 73.0
3.16000, 70.0
3.16500, 65.0
3.17000, 70.0
3.17500, 62.0
3.18000, 58.0
3.18500, 60.0
3.19000, 63.0
3.19500, 61.0
3.20000, 58.0
3.20500, 78.0
3.21000, 64.0
3.21500, 58.0
3.22000, 41.0
3.22500, 80.0
3.23000, 62.0
3.23500, 61.0
3.24000, 72.0
3.24500, 60.0
3.25000, 61.0
3.25500, 55.0
3.26000, 52.0
3.26500, 60.0
3.27000, 63.0
3.27500, 62.0
3.28000, 63.0
3.28500, 53.0
3.29000, 50.0
3.29500, 60.0
3.30000, 70.0
3.30500, 54.0
3.31000, 69.0
3.31500, 60.0
3.32000, 61.0
3.32500, 61.0
3.33000, 51.0
3.33500, 42.0
3.34000, 58.0
3.34500, 65.0
3.35000, 73.0
3.35500, 56.0
3.36000, 69.0
3.36500, 56.0
3.37000, 57.0
3.37500, 59.0
3.38000, 57.0
3.38500, 58.0
3.39000, 53.0
3.39500, 65.0
3.40000, 55.0
3.40500, 53.0
3.41000, 58.0
3.41500, 73.0
3.42000, 67.0
3.42500, 74.0
3.43000, 76.0
3.43500, 70.0
3.44000, 66.0
3.44500, 59.0
3.45000, 83.0
3.45500, 81.0
3.46000, 104.0
3.46500, 77.0
3.47000, 64.0
3.47500, 80.0
3.48000, 86.0
3.48500, 69.0
3.49000, 77.0
3.49500, 69.0
3.50000, 79.0
3.50500, 93.0
3.51000, 64.0
3.51500, 77.0
3.52000, 77.0
3.52500, 65.0
3.53000, 82.0
3.53500, 75.0
3.54000, 74.0
3.54500, 59.0
3.55000, 60.0
3.55500, 65.0
3.56000, 64.0
3.56500, 74.0
3.57000, 62.0
3.57500, 56.0
3.58000, 64.0
3.58500, 63.0
3.59000, 62.0
3.59500, 67.0
3.60000, 59.0
3.60500, 52.0
3.61000, 51.0
3.61500, 61.0
3.62000, 66.0
3.62500, 51.0
3.63000, 48.0
3.63500, 60.0
3.64000, 43.0
3.64500, 64.0
3.65000, 59.0
3.65500, 49.0
3.66000, 57.0
3.66500, 45.0
3.67000, 45.0
3.67500, 46.0
3.68000, 42.0
3.68500, 39.0
3.69000, 46.0
3.69500, 45.0
3.70000, 47.0
3.70500, 51.0
3.71000, 39.0
3.71500, 56.0
3.72000, 47.0
3.72500, 40.0
3.73000, 43.0
3.73500, 56.0
3.74000, 64.0
3.74500, 67.0
3.75000, 56.0
3.75500, 52.0
3.76000, 48.0
3.76500, 48.0
3.77000, 43.0
3.77500, 55.0
3.78000, 33.0
3.78500, 49.0
3.79000, 52.0
3.79500, 53.0
3.80000, 58.0
3.80500, 48.0
3.81000, 41.0
3.81500, 53.0
3.82000, 38.0
3.82500, 41.0
3.83000, 42.0
3.83500, 47.0
3.84000, 42.0
3.84500, 48.0
3.85000, 38.0
3.85500, 42.0
3.86000, 47.0
3.86500, 44.0
3.87000, 47.0
3.87500, 44.0
3.88000, 48.0
3.88500, 43.0
3.89000, 41.0
3.89500, 37.0
3.90000, 47.0
3.90500, 44.0
3.91000, 50.0
3.91500, 47.0
3.92000, 42.0
3.92500, 47.0
3.93000, 46.0
3.93500, 40.0
3.94000, 51.0
3.94500, 56.0
3.95000, 47.0
3.95500, 35.0
3.96000, 38.0
3.96500, 50.0
3.97000, 47.0
3.97500, 50.0
3.98000, 41.0
3.98500, 43.0
3.99000, 47.0
3.99500, 41.0
4.00000, 47.0
4.00500, 44.0
4.01000, 39.0
4.01500, 44.0
4.02000, 34.0
4.02500, 46.0
4.03000, 32.0
4.03500, 42.0
4.04000, 39.0
4.04500, 35.0
4.05000, 44.0
4.05500, 48.0
4.06000, 42.0
4.06500, 45.0
4.07000, 48.0
4.07500, 45.0
4.08000, 49.0
4.08500, 48.0
4.09000, 40.0
4.09500, 33.0
4.10000, 45.0
4.10500, 39.0
4.11000, 54.0
4.11500, 55.0
4.12000, 44.0
4.12500, 43.0
4.13000, 65.0
4.13500, 44.0
4.14000, 38.0
4.14500, 38.0
4.15000, 40.0
4.15500, 44.0
4.16000, 36.0
4.16500, 33.0
4.17000, 32.0
4.17500, 44.0
4.18000, 49.0
4.18500, 43.0
4.19000, 37.0
4.19500, 32.0
4.20000, 37.0
4.20500, 45.0
4.21000, 45.0
4.21500, 42.0
4.22000, 41.0
4.22500, 41.0
4.23000, 40.0
4.23500, 39.0
4.24000, 35.0
4.24500, 33.0
4.25000, 37.0
4.25500, 34.0
4.26000, 44.0
4.26500, 37.0
4.27000, 22.0
4.27500, 40.0
4.28000, 44.0
4.28500, 37.0
4.29000, 35.0
4.29500, 41.0
4.30000, 35.0
4.30500, 44.0
4.31000, 46.0
4.31500, 41.0
4.32000, 35.0
4.32500, 36.0
4.33000, 39.0
4.33500, 32.0
4.34000, 35.0
4.34500, 37.0
4.35000, 34.0
4.35500, 35.0
4.36000, 40.0
4.36500, 40.0
4.37000, 35.0
4.37500, 43.0
4.38000, 33.0
4.38500, 33.0
4.39000, 28.0
4.39500, 26.0
4.40000, 34.0
4.40500, 48.0
4.41000, 52.0
4.41500, 35.0
4.42000, 36.0
4.42500, 39.0
4.43000, 38.0
4.43500, 32.0
4.44000, 40.0
4.44500, 41.0
4.45000, 49.0
4.45500, 28.0
4.46000, 32.0
4.46500, 34.0
4.47000, 32.0
4.47500, 46.0
4.48000, 42.0
4.48500, 35.0
4.49000, 29.0
4.49500, 41.0
4.50000, 44.0
4.50500, 38.0
4.51000, 32.0
4.51500, 36.0
4.52000, 37.0
4.52500, 39.0
4.53000, 39.0
4.53500, 40.0
4.54000, 35.0
4.54500, 34.0
4.55000, 39.0
4.55500, 33.0
4.56000, 34.0
4.56500, 50.0
4.57000, 40.0
4.57500, 34.0
4.58000, 38.0
4.58500, 39.0
4.59000, 31.0
4.59500, 27.0
4.60000, 37.0
4.60500, 33.0
4.61000, 33.0
4.61500, 27.0
4.62000, 36.0
4.62500, 32.0
4.63000, 34.0
4.63500, 29.0
4.64000, 33.0
4.64500, 33.0
4.65000, 40.0
4.65500, 36.0
4.66000, 35.0
4.66500, 36.0
4.67000, 28.0
4.67500, 35.0
4.68000, 33.0
4.68500, 33.0
4.69000, 41.0
4.69500, 43.0
4.70000, 36.0
4.70500, 33.0
4.71000, 27.0
4.71500, 20.0
4.72000, 25.0
4.72500, 29.0
4.73000, 32.0
4.73500, 31.0
4.74000, 39.0
4.74500, 35.0
4.75000, 40.0
4.75500, 40.0
4.76000, 38.0
4.76500, 29.0
4.77000, 33.0
4.77500, 24.0
4.78000, 33.0
4.78500, 38.0
4.79000, 26.0
4.79500, 31.0
4.80000, 28.0
4.80500, 26.0
4.81000, 39.0
4.81500, 29.0
4.82000, 34.0
4.82500, 34.0
4.83000, 31.0
4.83500, 37.0
4.84000, 38.0
4.84500, 32.0
4.85000, 25.0
4.85500, 23.0
4.86000, 35.0
4.86500, 30.0
4.87000, 35.0
4.87500, 41.0
4.88000, 38.0
4.88500, 29.0
4.89000, 31.0
4.89500, 25.0
4.90000, 29.0
4.90500, 18.0
4.91000, 28.0
4.91500, 29.0
4.92000, 27.0
4.92500, 38.0
4.93000, 32.0
4.93500, 25.0
4.94000, 31.0
4.94500, 28.0
4.95000, 28.0
4.95500, 26.0
4.96000, 33.0
4.96500, 36.0
4.97000, 26.0
4.97500, 35.0
4.98000, 30.0
4.98500, 39.0
4.99000, 25.0
4.99500, 36.0
5.00000, 31.0
5.00500, 25.0
5.01000, 30.0
5.01500, 31.0
5.02000, 29.0
5.02500, 26.0
5.03000, 28.0
5.03500, 27.0
5.04000, 26.0
5.04500, 39.0
5.05000, 26.0
5.05500, 30.0
5.06000, 27.0
5.06500, 24.0
5.07000, 31.0
5.07500, 37.0
5.08000, 21.0
5.08500, 21.0
5.09000, 20.0
5.09500, 21.0
5.10000, 19.0
5.10500, 31.0
5.11000, 37.0
5.11500, 29.0
5.12000, 24.0
5.12500, 31.0
5.13000, 30.0
5.13500, 28.0
5.14000, 23.0
5.14500, 29.0
5.15000, 24.0
5.15500, 24.0
5.16000, 27.0
5.16500, 27.0
5.17000, 29.0
5.17500, 22.0
5.18000, 18.0
5.18500, 39.0
5.19000, 26.0
5.19500, 24.0
5.20000, 28.0
5.20500, 27.0
5.21000, 27.0
5.21500, 23.0
5.22000, 31.0
5.22500, 27.0
5.23000, 24.0
5.23500, 17.0
5.24000, 26.0
5.24500, 18.0
5.25000, 21.0
5.25500, 39.0
5.26000, 27.0
5.26500, 33.0
5.27000, 25.0
5.27500, 31.0
5.28000, 28.0
5.28500, 22.0
5.29000, 33.0
5.29500, 22.0
5.30000, 25.0
5.30500, 32.0
5.31000, 26.0
5.31500, 26.0
5.32000, 27.0
5.32500, 28.0
5.33000, 21.0
5.33500, 17.0
5.34000, 30.0
5.34500, 18.0
5.35000, 28.0
5.35500, 20.0
5.36000, 17.0
5.36500, 25.0
5.37000, 25.0
5.37500, 24.0
5.38000, 25.0
5.38500, 21.0
5.39000, 22.0
5.39500, 19.0
5.40000, 23.0
5.40500, 19.0
5.41000, 31.0
5.41500, 22.0
5.42000, 15.0
5.42500, 18.0
5.43000, 21.0
5.43500, 24.0
5.44000, 20.0
5.44500, 22.0
5.45000, 23.0
5.45500, 27.0
5.46000, 28.0
5.46500, 13.0
5.47000, 21.0
5.47500, 24.0
5.48000, 21.0
5.48500, 12.0
5.49000, 21.0
5.49500, 32.0
5.50000, 30.0
5.50500, 32.0
5.51000, 26.0
5.51500, 26.0
5.52000, 23.0
5.52500, 24.0
5.53000, 27.0
5.53500, 23.0
5.54000, 19.0
5.54500, 21.0
5.55000, 22.0
5.55500, 29.0
5.56000, 19.0
5.56500, 23.0
5.57000, 21.0
5.57500, 16.0
5.58000, 19.0
5.58500, 23.0
5.59000, 16.0
5.59500, 21.0
5.60000, 14.0
5.60500, 18.0
5.61000, 18.0
5.61500, 25.0
5.62000, 25.0
5.62500, 28.0
5.63000, 17.0
5.63500, 27.0
5.64000, 22.0
5.64500, 19.0
5.65000, 25.0
5.65500, 21.0
5.66000, 27.0
5.66500, 30.0
5.67000, 16.0
5.67500, 17.0
5.68000, 20.0
5.68500, 26.0
5.69000, 20.0
5.69500, 25.0
5.70000, 22.0
5.70500, 16.0
5.71000, 29.0
5.71500, 23.0
5.72000, 18.0
5.72500, 12.0
5.73000, 21.0
5.73500, 19.0
5.74000, 24.0
5.74500, 26.0
5.75000, 11.0
5.75500, 26.0
5.76000, 20.0
5.76500, 20.0
5.77000, 15.0
5.77500, 19.0
5.78000, 11.0
5.78500, 22.0
5.79000, 19.0
5.79500, 20.0
5.80000, 21.0
5.80500, 11.0
5.81000, 20.0
5.81500, 17.0
5.82000, 23.0
5.82500, 24.0
5.83000, 16.0
5.83500, 15.0
5.84000, 24.0
5.84500, 18.0
5.85000, 22.0
5.85500, 21.0
5.86000, 15.0
5.86500, 22.0
5.87000, 15.0
5.87500, 28.0
5.88000, 16.0
5.88500, 22.0
5.89000, 22.0
5.89500, 21.0
5.90000, 10.0
5.90500, 17.0
5.91000, 27.0
5.91500, 20.0
5.92000, 20.0
5.92500, 22.0
5.93000, 22.0
5.93500, 16.0
5.94000, 21.0
5.94500, 16.0
5.95000, 16.0
5.95500, 11.0
5.96000, 17.0
5.96500, 17.0
5.97000, 18.0
5.97500, 22.0
5.98000, 18.0
5.98500, 19.0
5.99000, 22.0
5.99500, 23.0
6.00000, 17.0
6.00500, 18.0
6.01000, 18.0
6.01500, 11.0
6.02000, 16.0
6.02500, 22.0
6.03000, 17.0
6.03500, 15.0
6.04000, 25.0
6.04500, 19.0
6.05000, 19.0
6.05500, 19.0
6.06000, 28.0
6.06500, 26.0
6.07000, 14.0
6.07500, 19.0
6.08000, 21.0
6.08500, 13.0
6.09000, 20.0
6.09500, 7.0
6.10000, 14.0
6.10500, 15.0
6.11000, 16.0
6.11500, 19.0
6.12000, 26.0
6.12500, 13.0
6.13000, 15.0
6.13500, 19.0
6.14000, 17.0
6.14500, 16.0
6.15000, 23.0
6.15500, 21.0
6.16000, 11.0
6.16500, 14.0
6.17000, 19.0
6.17500, 21.0
6.18000, 21.0
6.18500, 19.0
6.19000, 9.0
6.19500, 15.0
6.20000, 16.0
6.20500, 16.0
6.21000, 13.0
6.21500, 26.0
6.22000, 17.0
6.22500, 14.0
6.23000, 10.0
6.23500, 24.0
6.24000, 16.0
6.24500, 18.0
6.25000, 20.0
6.25500, 8.0
6.26000, 16.0
6.26500, 16.0
6.27000, 20.0
6.27500, 10.0
6.28000, 19.0
6.28500, 18.0
6.29000, 22.0
6.29500, 11.0
6.30000, 11.0
6.30500, 9.0
6.31000, 20.0
6.31500, 17.0
6.32000, 21.0
6.32500, 10.0
6.33000, 10.0
6.33500, 11.0
6.34000, 19.0
6.34500, 11.0
6.35000, 13.0
6.35500, 17.0
6.36000, 19.0
6.36500, 11.0
6.37000, 14.0
6.37500, 17.0
6.38000, 13.0
6.38500, 16.0
6.39000, 18.0
6.39500, 16.0
6.40000, 15.0
6.40500, 7.0
6.41000, 16.0
6.41500, 14.0
6.42000, 13.0
6.42500, 19.0
6.43000, 15.0
6.43500, 17.0
6.44000, 15.0
6.44500, 18.0
6.45000, 12.0
6.45500, 10.0
6.46000, 13.0
6.46500, 20.0
6.47000, 13.0
6.47500, 16.0
6.48000, 7.0
6.48500, 12.0
6.49000, 16.0
6.49500, 14.0
6.50000, 13.0
6.50500, 22.0
6.51000, 14.0
6.51500, 15.0
6.52000, 17.0
6.52500, 12.0
6.53000, 21.0
6.53500, 15.0
6.54000, 19.0
6.54500, 16.0
6.55000, 13.0
6.55500, 19.0
6.56000, 20.0
6.56500, 14.0
6.57000, 15.0
6.57500, 11.0
6.58000, 10.0
6.58500, 21.0
6.59000, 18.0
6.59500, 10.0
6.60000, 20.0
6.60500, 12.0
6.61000, 15.0
6.61500, 15.0
6.62000, 11.0
6.62500, 16.0
6.63000, 12.0
6.63500, 11.0
6.64000, 15.0
6.64500, 12.0
6.65000, 11.0
6.65500, 16.0
6.66000, 7.0
6.66500, 11.0
6.67000, 9.0
6.67500, 11.0
6.68000, 15.0
6.68500, 15.0
6.69000, 12.0
6.69500, 17.0
6.70000, 11.0
6.70500, 10.0
6.71000, 18.0
6.71500, 11.0
6.72000, 15.0
6.72500, 14.0
6.73000, 11.0
6.73500, 7.0
6.74000, 10.0
6.74500, 11.0
6.75000, 7.0
6.75500, 10.0
6.76000, 12.0
6.76500, 9.0
6.77000, 14.0
6.77500, 20.0
6.78000, 12.0
6.78500, 9.0
6.79000, 16.0
6.79500, 13.0
6.80000, 17.0
6.80500, 18.0
6.81000, 13.0
6.81500, 11.0
6.82000, 13.0
6.82500, 17.0
6.83000, 11.0
6.83500, 9.0
6.84000, 10.0
6.84500, 14.0
6.85000, 12.0
6.85500, 7.0
6.86000, 13.0
6.86500, 13.0
6.87000, 13.0
6.87500, 11.0
6.88000, 11.0
6.88500, 16.0
6.89000, 9.0
6.89500, 16.0
6.90000, 7.0
6.90500, 12.0
6.91000, 9.0
6.91500, 9.0
6.92000, 16.0
6.92500, 16.0
6.93000, 14.0
6.93500, 25.0
6.94000, 15.0
6.94500, 8.0
6.95000, 5.0
6.95500, 13.0
6.96000, 17.0
6.96500, 13.0
6.97000, 9.0
6.97500, 12.0
6.98000, 12.0
6.98500, 13.0
6.99000, 10.0
6.99500, 20.0
7.00000, 8.0
7.00500, 12.0
7.01000, 11.0
7.01500, 10.0
7.02000, 12.0
7.02500, 8.0
7.03000, 12.0
7.03500, 11.0
7.04000, 16.0
7.04500, 15.0
7.05000, 9.0
7.05500, 8.0
7.06000, 15.0
7.06500, 8.0
7.07000, 9.0
7.07500, 9.0
7.08000, 15.0
7.08500, 10.0
7.09000, 10.0
7.09500, 9.0
7.10000, 12.0
7.10500, 11.0
7.11000, 5.0
7.11500, 8.0
7.12000, 11.0
7.12500, 16.0
7.13000, 11.0
7.13500, 10.0
7.14000, 14.0
7.14500, 16.0
7.15000, 8.0
7.15500, 11.0
7.16000, 13.0
7.16500, 8.0
7.17000, 10.0
7.17500, 4.0
7.18000, 16.0
7.18500, 14.0
7.19000, 7.0
7.19500, 12.0
7.20000, 13.0
7.20500, 8.0
7.21000, 11.0
7.21500, 15.0
7.22000, 9.0
7.22500, 13.0
7.23000, 10.0
7.23500, 3.0
7.24000, 12.0
7.24500, 7.0
7.25000, 8.0
7.25500, 9.0
7.26000, 9.0
7.26500, 8.0
7.27000, 13.0
7.27500, 6.0
7.28000, 7.0
7.28500, 6.0
7.29000, 10.0
7.29500, 14.0
7.30000, 7.0
7.30500, 9.0
7.31000, 7.0
7.31500, 14.0
7.32000, 11.0
7.32500, 7.0
7.33000, 9.0
7.33500, 6.0
7.34000, 6.0
7.34500, 12.0
7.35000, 8.0
7.35500, 11.0
7.36000, 4.0
7.36500, 7.0
7.37000, 16.0
7.37500, 11.0
7.38000, 13.0
7.38500, 15.0
7.39000, 10.0
7.39500, 10.0
7.40000, 6.0
7.40500, 11.0
7.41000, 9.0
7.41500, 4.0
7.42000, 10.0
7.42500, 10.0
7.43000, 10.0
7.43500, 6.0
7.44000, 10.0
7.44500, 11.0
7.45000, 7.0
7.45500, 10.0
7.46000, 8.0
7.46500, 11.0
7.47000, 13.0
7.47500, 4.0
7.48000, 6.0
7.48500, 13.0
7.49000, 10.0
7.49500, 9.0
7.50000, 14.0
7.50500, 10.0
7.51000, 7.0
7.51500, 6.0
7.52000, 12.0
7.52500, 7.0
7.53000, 10.0
7.53500, 12.0
7.54000, 10.0
7.54500, 7.0
7.55000, 6.0
7.55500, 5.0
7.56000, 16.0
7.56500, 7.0
7.57000, 6.0
7.57500, 8.0
7.58000, 6.0
7.58500, 5.0
7.59000, 2.0
7.59500, 8.0
7.60000, 8.0
7.60500, 10.0
7.61000, 12.0
7.61500, 2.0
7.62000, 10.0
7.62500, 10.0
7.63000, 7.0
7.63500, 8.0
7.64000, 5.0
7.64500, 8.0
7.65000, 11.0
7.65500, 10.0
7.66000, 4.0
7.66500, 8.0
7.67000, 9.0
7.67500, 4.0
7.68000, 7.0
7.68500, 11.0
7.69000, 5.0
7.69500, 6.0
7.70000, 3.0
7.70500, 8.0
7.71000, 7.0
7.71500, 9.0
7.72000, 5.0
7.72500, 6.0
7.73000, 2.0
7.73500, 8.0
7.74000, 9.0
7.74500, 9.0
7.75000, 10.0
7.75500, 10.0
7.76000, 2.0
7.76500, 7.0
7.77000, 6.0
7.77500, 6.0
7.78000, 7.0
7.78500, 5.0
7.79000, 7.0
7.79500, 11.0
7.80000, 7.0
7.80500, 4.0
7.81000, 9.0
7.81500, 10.0
7.82000, 14.0
7.82500, 5.0
7.83000, 6.0
7.83500, 9.0
7.84000, 8.0
7.84500, 6.0
7.85000, 10.0
7.85500, 5.0
7.86000, 8.0
7.86500, 6.0
7.87000, 5.0
7.87500, 10.0
7.88000, 8.0
7.88500, 8.0
7.89000, 6.0
7.89500, 4.0
7.90000, 7.0
7.90500, 4.0
7.91000, 12.0
7.91500, 6.0
7.92000, 5.0
7.92500, 12.0
7.93000, 9.0
7.93500, 9.0
7.94000, 8.0
7.94500, 5.0
7.95000, 8.0
7.95500, 6.0
7.96000, 6.0
7.96500, 11.0
7.97000, 3.0
7.97500, 6.0
7.98000, 10.0
7.98500, 3.0
7.99000, 10.0
7.99500, 8.0
8.00000, 9.0
8.00500, 4.0
8.01000, 8.0
8.01500, 7.0
8.02000, 2.0
8.02500, 13.0
8.03000, 10.0
8.03500, 6.0
8.04000, 4.0
8.04500, 13.0
8.05000, 9.0
8.05500, 7.0
8.06000, 3.0
8.06500, 6.0
8.07000, 6.0
8.07500, 4.0
8.08000, 2.0
8.08500, 5.0
8.09000, 5.0
8.09500, 5.0
8.10000, 9.0
8.10500, 7.0
8.11000, 10.0
8.11500, 6.0
8.12000, 7.0
8.12500, 1.0
8.13000, 7.0
8.13500, 10.0
8.14000, 5.0
8.14500, 7.0
8.15000, 6.0
8.15500, 4.0
8.16000, 2.0
8.16500, 5.0
8.17000, 5.0
8.17500, 3.0
8.18000, 6.0
8.18500, 9.0
8.19000, 9.0
8.19500, 6.0
8.20000, 6.0
8.20500, 5.0
8.21000, 4.0
8.21500, 6.0
8.22000, 5.0
8.22500, 9.0
8.23000, 9.0
8.23500, 10.0
8.24000, 7.0
8.24500, 5.0
8.25000, 4.0
8.25500, 5.0
8.26000, 7.0
8.26500, 6.0
8.27000, 4.0
8.27500, 6.0
8.28000, 8.0
8.28500, 7.0
8.29000, 7.0
8.29500, 2.0
8.30000, 8.0
8.30500, 11.0
8.31000, 7.0
8.31500, 4.0
8.32000, 3.0
8.32500, 5.0
8.33000, 2.0
8.33500, 9.0
8.34000, 1.0
8.34500, 5.0
8.35000, 4.0
8.35500, 10.0
8.36000, 8.0
8.36500, 6.0
8.37000, 5.0
8.37500, 3.0
8.38000, 5.0
8.38500, 7.0
8.39000, 4.0
8.39500, 7.0
8.40000, 5.0
8.40500, 6.0
8.41000, 3.0
8.41500, 4.0
8.42000, 6.0
8.42500, 5.0
8.43000, 8.0
8.43500, 4.0
8.44000, 5.0
8.44500, 5.0
8.45000, 2.0
8.45500, 8.0
8.46000, 1.0
8.46500, 6.0
8.47000, 2.0
8.47500, 3.0
8.48000, 4.0
8.48500, 4.0
8.49000, 4.0
8.49500, 4.0
8.50000, 5.0
8.50500, 7.0
8.51000, 5.0
8.51500, 8.0
8.52000, 4.0
8.52500, 5.0
8.53000, 4.0
8.53500, 2.0
8.54000, 3.0
8.54500, 3.0
8.55000, 8.0
8.55500, 3.0
8.56000, 5.0
8.56500, 3.0
8.57000, 12.0
8.57500, 7.0
8.58000, 6.0
8.58500, 3.0
8.59000, 3.0
8.59500, 6.0
8.60000, 4.0
8.60500, 4.0
8.61000, 6.0
8.61500, 2.0
8.62000, 6.0
8.62500, 4.0
8.63000, 1.0
8.63500, 1.0
8.64000, 4.0
8.64500, 2.0
8.65000, 3.0
8.65500, 3.0
8.66000, 3.0
8.66500, 4.0
8.67000, 5.0
8.67500, 5.0
8.68000, 5.0
8.68500, 4.0
8.69000, 2.0
8.69500, 2.0
8.70000, 4.0
8.70500, 4.0
8.71000, 4.0
8.71500, 2.0
8.72000, 3.0
8.72500, 4.0
8.73000, 5.0
8.73500, 5.0
8.74000, 0.0
8.74500, 5.0
8.75000, 4.0
8.75500, 5.0
8.76000, 0.0
8.76500, 3.0
8.77000, 3.0
8.77500, 2.0
8.78000, 2.0
8.78500, 6.0
8.79000, 2.0
8.79500, 0.0
8.80000, 3.0
8.80500, 4.0
8.81000, 1.0
8.81500, 8.0
8.82000, 4.0
8.82500, 3.0
8.83000, 3.0
8.83500, 2.0
8.84000, 3.0
8.84500, 5.0
8.85000, 3.0
8.85500, 3.0
8.86000, 5.0
8.86500, 2.0
8.87000, 4.0
8.87500, 4.0
8.88000, 2.0
8.88500, 1.0
8.89000, 8.0
8.89500, 2.0
8.90000, 4.0
8.90500, 2.0
8.91000, 3.0
8.91500, 3.0
8.92000, 2.0
8.92500, 3.0
8.93000, 2.0
8.93500, 5.0
8.94000, 5.0
8.94500, 6.0
8.95000, 7.0
8.95500, 5.0
8.96000, 4.0
8.96500, 2.0
8.97000, 4.0
8.97500, 1.0
8.98000, 6.0
8.98500, 2.0
8.99000, 4.0
8.99500, 2.0
9.00000, 4.0
9.00500, 1.0
9.01000, 3.0
9.01500, 1.0
9.02000, 4.0
9.02500, 2.0
9.03000, 2.0
9.03500, 1.0
9.04000, 4.0
9.04500, 3.0
9.05000, 3.0
9.05500, 2.0
9.06000, 2.0
9.06500, 3.0
9.07000, 5.0
9.07500, 1.0
9.08000, 4.0
9.08500, 0.0
9.09000, 4.0
9.09500, 2.0
9.10000, 4.0
9.10500, 1.0
9.11000, 4.0
9.11500, 0.0
9.12000, 5.0
9.12500, 2.0
9.13000, 1.0
9.13500, 4.0
9.14000, 2.0
9.14500, 2.0
9.15000, 1.0
9.15500, 4.0
9.16000, 3.0
9.16500, 5.0
9.17000, 3.0
9.17500, 1.0
9.18000, 3.0
9.18500, 2.0
9.19000, 4.0
9.19500, 0.0
9.20000, 1.0
9.20500, 2.0
9.21000, 1.0
9.21500, 2.0
9.22000, 3.0
9.22500, 2.0
9.23000, 2.0
9.23500, 2.0
9.24000, 1.0
9.24500, 1.0
9.25000, 0.0
9.25500, 2.0
9.26000, 1.0
9.26500, 3.0
9.27000, 2.0
9.27500, 2.0
9.28000, 3.0
9.28500, 2.0
9.29000, 3.0
9.29500, 3.0
9.30000, 3.0
9.30500, 4.0
9.31000, 1.0
9.31500, 1.0
9.32000, 1.0
9.32500, 1.0
9.33000, 2.0
9.33500, 1.0
9.34000, 3.0
9.34500, 4.0
9.35000, 0.0
9.35500, 3.0
9.36000, 1.0
9.36500, 2.0
9.37000, 1.0
9.37500, 2.0
9.38000, 1.0
9.38500, 0.0
9.39000, 2.0
9.39500, 1.0
9.40000, 2.0
9.40500, 3.0
9.41000, 1.0
9.41500, 0.0
9.42000, 2.0
9.42500, 4.0
9.43000, 4.0
9.43500, 3.0
9.44000, 2.0
9.44500, 3.0
9.45000, 0.0
9.45500, 1.0
9.46000, 3.0
9.46500, 0.0
9.47000, 0.0
9.47500, 2.0
9.48000, 1.0
9.48500, 4.0
9.49000, 2.0
9.49500, 0.0
9.50000, 0.0
9.50500, 2.0
9.51000, 2.0
9.51500, 1.0
9.52000, 2.0
9.52500, 2.0
9.53000, 4.0
9.53500, 3.0
9.54000, 1.0
9.54500, 2.0
9.55000, 1.0
9.55500, 3.0
9.56000, 1.0
9.56500, 2.0
9.57000, 0.0
9.57500, 1.0
9.58000, 2.0
9.58500, 1.0
9.59000, 0.0
9.59500, 3.0
9.60000, 2.0
9.60500, 0.0
9.61000, 1.0
9.61500, 0.0
9.62000, 0.0
9.62500, 0.0
9.63000, 2.0
9.63500, 0.0
9.64000, 0.0
9.64500, 3.0
9.65000, 0.0
9.65500, 2.0
9.66000, 1.0
9.66500, 0.0
9.67000, 2.0
9.67500, 0.0
9.68000, 0.0
9.68500, 0.0
9.69000, 1.0
9.69500, 1.0
9.70000, 1.0
9.70500, 0.0
9.71000, 1.0
9.71500, 5.0
9.72000, 1.0
9.72500, 0.0
9.73000, 0.0
9.73500, 1.0
9.74000, 1.0
9.74500, 0.0
9.75000, 1.0
9.75500, 0.0
9.76000, 0.0
9.76500, 0.0
9.77000, 1.0
9.77500, 0.0
9.78000, 0.0
9.78500, 0.0
9.79000, 0.0
9.79500, 1.0
9.80000, 0.0
9.80500, 1.0
9.81000, 0.0
9.81500, 2.0
9.82000, 1.0
9.82500, 0.0
9.83000, 0.0
9.83500, 0.0
9.84000, 1.0
9.84500, 0.0
9.85000, 1.0
9.85500, 0.0
9.86000, 1.0
9.86500, 3.0
9.87000, 0.0
9.87500, 0.0
9.88000, 1.0
9.88500, 0.0
9.89000, 1.0
9.89500, 0.0
9.90000, 0.0
9.90500, 0.0
9.91000, 0.0
9.91500, 1.0
9.92000, 0.0
9.92500, 0.0
9.93000, 0.0
9.93500, 0.0
9.94000, 0.0
9.94500, 0.0
9.95000, 1.0
9.95500, 0.0
9.96000, 0.0
9.96500, 0.0
9.97000, 0.0
9.97500, 1.0
9.98000, 1.0
9.98500, 0.0
9.99000, 1.0
9.99500, 0.0
10.00000, 0.0
10.00500, 0.0
10.01000, 0.0
10.01500, 0.0
10.02000, 1.0
10.02500, 0.0
10.03000, 0.0
10.03500, 1.0
10.04000, 0.0
10.04500, 1.0
10.05000, 0.0
10.05500, 0.0
10.06000, 0.0
10.06500, 0.0
10.07000, 0.0
10.07500, 0.0
10.08000, 0.0
10.08500, 0.0
10.09000, 0.0
10.09500, 0.0
10.10000, 0.0
10.10500, 0.0
10.11000, 0.0
10.11500, 0.0
10.12000, 0.0
10.12500, 0.0
10.13000, 0.0
10.13500, 0.0
#ENDOFDATA   : 
