#FORMAT      : EMSA/MAS Spectral Data File
#VERSION     : 1.0
#TITLE       : 20250425_10K_B15
#DATE        : 24-APR-2025
#TIME        : 09:44
#OWNER       : 
#NPOINTS     : 2048.0
#NCOLUMNS    : 1.0
#XUNITS      : keV
#YUNITS      : counts
#DATATYPE    : XY
#XPERCHAN    : 0.005
#OFFSET      : -0.1
#SIGNALTYPE  : EDS
#CHOFFSET    : 20.0
#LIVETIME    : 60.031684875
#REALTIME    : 61.752513885
#BEAMKV      : 10.0
#MAGCAM      : 2200.0
#XTILTSTGE   : 0.0
#AZIMANGLE   : 0.0
#ELEVANGLE   : 29.0
#XPOSITION mm: 2.0795
#YPOSITION mm: 1.2605
#ZPOSITION mm: 13.4721
##OXINSTPT   : 2
##OXINSTSTROB: 67.54
##OXINSTELEMS: 42,16,14,8
##OXINSTLABEL: 42, 2.293, Mo
##OXINSTLABEL: 42, 2.395, Mo
##OXINSTLABEL: 42, 2.120, Mo
##OXINSTLABEL: 42, 2.831, Mo
##OXINSTLABEL: 42, 2.016, Mo
##OXINSTLABEL: 42, 0.193, Mo
##OXINSTLABEL: 16, 2.308, S
##OXINSTLABEL: 16, 2.464, S
##OXINSTLABEL: 14, 1.740, Si
##OXINSTLABEL: 8, 0.525, O
#SPECTRUM    : Spectral Data Starts Here
-0.10000, 0.0
-0.09500, 0.0
-0.09000, 0.0
-0.08500, 0.0
-0.08000, 1.0
-0.07500, 2.0
-0.07000, 2.0
-0.06500, 3.0
-0.06000, 5.0
-0.05500, 6.0
-0.05000, 18.0
-0.04500, 24.0
-0.04000, 27.0
-0.03500, 35.0
-0.03000, 59.0
-0.02500, 116.0
-0.02000, 130.0
-0.01500, 179.0
-0.01000, 230.0
-0.00500, 329.0
0.00000, 377.0
0.00500, 465.0
0.01000, 567.0
0.01500, 652.0
0.02000, 766.0
0.02500, 920.0
0.03000, 965.0
0.03500, 1026.0
0.04000, 1067.0
0.04500, 1136.0
0.05000, 1124.0
0.05500, 1083.0
0.06000, 1011.0
0.06500, 932.0
0.07000, 856.0
0.07500, 755.0
0.08000, 673.0
0.08500, 562.0
0.09000, 474.0
0.09500, 405.0
0.10000, 315.0
0.10500, 233.0
0.11000, 184.0
0.11500, 159.0
0.12000, 133.0
0.12500, 128.0
0.13000, 121.0
0.13500, 121.0
0.14000, 126.0
0.14500, 146.0
0.15000, 141.0
0.15500, 143.0
0.16000, 139.0
0.16500, 163.0
0.17000, 163.0
0.17500, 169.0
0.18000, 174.0
0.18500, 177.0
0.19000, 200.0
0.19500, 223.0
0.20000, 251.0
0.20500, 271.0
0.21000, 323.0
0.21500, 402.0
0.22000, 467.0
0.22500, 550.0
0.23000, 684.0
0.23500, 793.0
0.24000, 961.0
0.24500, 1114.0
0.25000, 1252.0
0.25500, 1397.0
0.26000, 1514.0
0.26500, 1573.0
0.27000, 1649.0
0.27500, 1627.0
0.28000, 1661.0
0.28500, 1527.0
0.29000, 1507.0
0.29500, 1405.0
0.30000, 1295.0
0.30500, 1127.0
0.31000, 967.0
0.31500, 790.0
0.32000, 621.0
0.32500, 486.0
0.33000, 418.0
0.33500, 359.0
0.34000, 273.0
0.34500, 226.0
0.35000, 210.0
0.35500, 164.0
0.36000, 149.0
0.36500, 156.0
0.37000, 172.0
0.37500, 170.0
0.38000, 188.0
0.38500, 167.0
0.39000, 176.0
0.39500, 182.0
0.40000, 190.0
0.40500, 202.0
0.41000, 199.0
0.41500, 183.0
0.42000, 191.0
0.42500, 199.0
0.43000, 234.0
0.43500, 247.0
0.44000, 316.0
0.44500, 383.0
0.45000, 478.0
0.45500, 570.0
0.46000, 722.0
0.46500, 890.0
0.47000, 1074.0
0.47500, 1331.0
0.48000, 1550.0
0.48500, 1880.0
0.49000, 2166.0
0.49500, 2420.0
0.50000, 2762.0
0.50500, 3000.0
0.51000, 3128.0
0.51500, 3276.0
0.52000, 3372.0
0.52500, 3383.0
0.53000, 3232.0
0.53500, 3110.0
0.54000, 2926.0
0.54500, 2719.0
0.55000, 2435.0
0.55500, 2178.0
0.56000, 1837.0
0.56500, 1492.0
0.57000, 1233.0
0.57500, 1017.0
0.58000, 829.0
0.58500, 638.0
0.59000, 490.0
0.59500, 383.0
0.60000, 315.0
0.60500, 248.0
0.61000, 193.0
0.61500, 149.0
0.62000, 125.0
0.62500, 108.0
0.63000, 103.0
0.63500, 92.0
0.64000, 80.0
0.64500, 97.0
0.65000, 98.0
0.65500, 81.0
0.66000, 82.0
0.66500, 98.0
0.67000, 103.0
0.67500, 97.0
0.68000, 99.0
0.68500, 106.0
0.69000, 106.0
0.69500, 117.0
0.70000, 99.0
0.70500, 104.0
0.71000, 109.0
0.71500, 107.0
0.72000, 113.0
0.72500, 124.0
0.73000, 125.0
0.73500, 111.0
0.74000, 109.0
0.74500, 110.0
0.75000, 133.0
0.75500, 143.0
0.76000, 135.0
0.76500, 119.0
0.77000, 117.0
0.77500, 134.0
0.78000, 134.0
0.78500, 133.0
0.79000, 138.0
0.79500, 156.0
0.80000, 131.0
0.80500, 147.0
0.81000, 156.0
0.81500, 154.0
0.82000, 144.0
0.82500, 157.0
0.83000, 153.0
0.83500, 132.0
0.84000, 158.0
0.84500, 178.0
0.85000, 174.0
0.85500, 149.0
0.86000, 141.0
0.86500, 164.0
0.87000, 168.0
0.87500, 176.0
0.88000, 167.0
0.88500, 151.0
0.89000, 149.0
0.89500, 174.0
0.90000, 170.0
0.90500, 187.0
0.91000, 173.0
0.91500, 169.0
0.92000, 156.0
0.92500, 165.0
0.93000, 162.0
0.93500, 174.0
0.94000, 180.0
0.94500, 162.0
0.95000, 144.0
0.95500, 168.0
0.96000, 186.0
0.96500, 185.0
0.97000, 168.0
0.97500, 173.0
0.98000, 189.0
0.98500, 195.0
0.99000, 184.0
0.99500, 190.0
1.00000, 186.0
1.00500, 186.0
1.01000, 188.0
1.01500, 175.0
1.02000, 172.0
1.02500, 182.0
1.03000, 177.0
1.03500, 189.0
1.04000, 171.0
1.04500, 198.0
1.05000, 204.0
1.05500, 195.0
1.06000, 222.0
1.06500, 196.0
1.07000, 189.0
1.07500, 194.0
1.08000, 168.0
1.08500, 167.0
1.09000, 171.0
1.09500, 180.0
1.10000, 192.0
1.10500, 196.0
1.11000, 192.0
1.11500, 180.0
1.12000, 188.0
1.12500, 180.0
1.13000, 188.0
1.13500, 193.0
1.14000, 183.0
1.14500, 171.0
1.15000, 190.0
1.15500, 184.0
1.16000, 180.0
1.16500, 186.0
1.17000, 195.0
1.17500, 199.0
1.18000, 200.0
1.18500, 188.0
1.19000, 191.0
1.19500, 179.0
1.20000, 170.0
1.20500, 204.0
1.21000, 202.0
1.21500, 189.0
1.22000, 188.0
1.22500, 212.0
1.23000, 210.0
1.23500, 197.0
1.24000, 188.0
1.24500, 198.0
1.25000, 181.0
1.25500, 198.0
1.26000, 205.0
1.26500, 211.0
1.27000, 194.0
1.27500, 200.0
1.28000, 198.0
1.28500, 187.0
1.29000, 183.0
1.29500, 193.0
1.30000, 198.0
1.30500, 210.0
1.31000, 209.0
1.31500, 200.0
1.32000, 199.0
1.32500, 209.0
1.33000, 202.0
1.33500, 190.0
1.34000, 183.0
1.34500, 196.0
1.35000, 180.0
1.35500, 193.0
1.36000, 189.0
1.36500, 192.0
1.37000, 186.0
1.37500, 194.0
1.38000, 175.0
1.38500, 181.0
1.39000, 207.0
1.39500, 204.0
1.40000, 189.0
1.40500, 172.0
1.41000, 201.0
1.41500, 215.0
1.42000, 203.0
1.42500, 195.0
1.43000, 205.0
1.43500, 194.0
1.44000, 225.0
1.44500, 211.0
1.45000, 207.0
1.45500, 202.0
1.46000, 191.0
1.46500, 205.0
1.47000, 207.0
1.47500, 215.0
1.48000, 215.0
1.48500, 182.0
1.49000, 201.0
1.49500, 220.0
1.50000, 227.0
1.50500, 211.0
1.51000, 231.0
1.51500, 222.0
1.52000, 213.0
1.52500, 228.0
1.53000, 214.0
1.53500, 231.0
1.54000, 236.0
1.54500, 214.0
1.55000, 227.0
1.55500, 220.0
1.56000, 212.0
1.56500, 207.0
1.57000, 212.0
1.57500, 205.0
1.58000, 218.0
1.58500, 222.0
1.59000, 229.0
1.59500, 219.0
1.60000, 218.0
1.60500, 267.0
1.61000, 266.0
1.61500, 265.0
1.62000, 302.0
1.62500, 351.0
1.63000, 426.0
1.63500, 499.0
1.64000, 636.0
1.64500, 802.0
1.65000, 1021.0
1.65500, 1315.0
1.66000, 1612.0
1.66500, 2036.0
1.67000, 2464.0
1.67500, 3099.0
1.68000, 3736.0
1.68500, 4479.0
1.69000, 5390.0
1.69500, 6219.0
1.70000, 7146.0
1.70500, 8190.0
1.71000, 8984.0
1.71500, 9746.0
1.72000, 10534.0
1.72500, 11289.0
1.73000, 11706.0
1.73500, 11956.0
1.74000, 12183.0
1.74500, 12157.0
1.75000, 12046.0
1.75500, 11567.0
1.76000, 11288.0
1.76500, 10683.0
1.77000, 9835.0
1.77500, 9036.0
1.78000, 8175.0
1.78500, 7328.0
1.79000, 6278.0
1.79500, 5492.0
1.80000, 4751.0
1.80500, 4043.0
1.81000, 3427.0
1.81500, 2886.0
1.82000, 2361.0
1.82500, 2058.0
1.83000, 1696.0
1.83500, 1451.0
1.84000, 1221.0
1.84500, 1072.0
1.85000, 854.0
1.85500, 813.0
1.86000, 700.0
1.86500, 622.0
1.87000, 523.0
1.87500, 470.0
1.88000, 403.0
1.88500, 388.0
1.89000, 327.0
1.89500, 272.0
1.90000, 265.0
1.90500, 224.0
1.91000, 185.0
1.91500, 179.0
1.92000, 151.0
1.92500, 137.0
1.93000, 151.0
1.93500, 130.0
1.94000, 127.0
1.94500, 102.0
1.95000, 109.0
1.95500, 114.0
1.96000, 112.0
1.96500, 118.0
1.97000, 109.0
1.97500, 108.0
1.98000, 110.0
1.98500, 110.0
1.99000, 96.0
1.99500, 114.0
2.00000, 111.0
2.00500, 99.0
2.01000, 113.0
2.01500, 109.0
2.02000, 109.0
2.02500, 125.0
2.03000, 94.0
2.03500, 114.0
2.04000, 94.0
2.04500, 111.0
2.05000, 106.0
2.05500, 89.0
2.06000, 96.0
2.06500, 93.0
2.07000, 87.0
2.07500, 99.0
2.08000, 90.0
2.08500, 102.0
2.09000, 95.0
2.09500, 94.0
2.10000, 87.0
2.10500, 100.0
2.11000, 105.0
2.11500, 101.0
2.12000, 90.0
2.12500, 87.0
2.13000, 99.0
2.13500, 89.0
2.14000, 80.0
2.14500, 81.0
2.15000, 96.0
2.15500, 98.0
2.16000, 104.0
2.16500, 104.0
2.17000, 101.0
2.17500, 81.0
2.18000, 89.0
2.18500, 98.0
2.19000, 107.0
2.19500, 115.0
2.20000, 119.0
2.20500, 113.0
2.21000, 139.0
2.21500, 157.0
2.22000, 137.0
2.22500, 157.0
2.23000, 198.0
2.23500, 213.0
2.24000, 198.0
2.24500, 238.0
2.25000, 261.0
2.25500, 276.0
2.26000, 320.0
2.26500, 332.0
2.27000, 350.0
2.27500, 363.0
2.28000, 404.0
2.28500, 434.0
2.29000, 476.0
2.29500, 481.0
2.30000, 504.0
2.30500, 529.0
2.31000, 532.0
2.31500, 482.0
2.32000, 474.0
2.32500, 426.0
2.33000, 434.0
2.33500, 425.0
2.34000, 398.0
2.34500, 359.0
2.35000, 327.0
2.35500, 322.0
2.36000, 291.0
2.36500, 301.0
2.37000, 275.0
2.37500, 251.0
2.38000, 238.0
2.38500, 224.0
2.39000, 218.0
2.39500, 195.0
2.40000, 173.0
2.40500, 166.0
2.41000, 163.0
2.41500, 160.0
2.42000, 159.0
2.42500, 174.0
2.43000, 163.0
2.43500, 165.0
2.44000, 151.0
2.44500, 129.0
2.45000, 123.0
2.45500, 135.0
2.46000, 121.0
2.46500, 152.0
2.47000, 124.0
2.47500, 127.0
2.48000, 121.0
2.48500, 115.0
2.49000, 102.0
2.49500, 103.0
2.50000, 121.0
2.50500, 104.0
2.51000, 99.0
2.51500, 102.0
2.52000, 94.0
2.52500, 103.0
2.53000, 97.0
2.53500, 99.0
2.54000, 102.0
2.54500, 85.0
2.55000, 102.0
2.55500, 101.0
2.56000, 95.0
2.56500, 91.0
2.57000, 83.0
2.57500, 90.0
2.58000, 83.0
2.58500, 107.0
2.59000, 92.0
2.59500, 80.0
2.60000, 70.0
2.60500, 77.0
2.61000, 82.0
2.61500, 79.0
2.62000, 65.0
2.62500, 73.0
2.63000, 69.0
2.63500, 65.0
2.64000, 88.0
2.64500, 92.0
2.65000, 73.0
2.65500, 66.0
2.66000, 84.0
2.66500, 68.0
2.67000, 72.0
2.67500, 70.0
2.68000, 75.0
2.68500, 85.0
2.69000, 68.0
2.69500, 62.0
2.70000, 65.0
2.70500, 75.0
2.71000, 74.0
2.71500, 73.0
2.72000, 65.0
2.72500, 76.0
2.73000, 70.0
2.73500, 63.0
2.74000, 73.0
2.74500, 71.0
2.75000, 64.0
2.75500, 63.0
2.76000, 74.0
2.76500, 62.0
2.77000, 70.0
2.77500, 58.0
2.78000, 78.0
2.78500, 81.0
2.79000, 71.0
2.79500, 77.0
2.80000, 59.0
2.80500, 55.0
2.81000, 64.0
2.81500, 65.0
2.82000, 74.0
2.82500, 74.0
2.83000, 62.0
2.83500, 83.0
2.84000, 61.0
2.84500, 59.0
2.85000, 75.0
2.85500, 68.0
2.86000, 59.0
2.86500, 65.0
2.87000, 69.0
2.87500, 71.0
2.88000, 76.0
2.88500, 68.0
2.89000, 67.0
2.89500, 69.0
2.90000, 61.0
2.90500, 68.0
2.91000, 78.0
2.91500, 58.0
2.92000, 63.0
2.92500, 59.0
2.93000, 62.0
2.93500, 58.0
2.94000, 60.0
2.94500, 59.0
2.95000, 63.0
2.95500, 61.0
2.96000, 58.0
2.96500, 60.0
2.97000, 72.0
2.97500, 67.0
2.98000, 62.0
2.98500, 68.0
2.99000, 66.0
2.99500, 76.0
3.00000, 68.0
3.00500, 59.0
3.01000, 63.0
3.01500, 71.0
3.02000, 68.0
3.02500, 61.0
3.03000, 57.0
3.03500, 56.0
3.04000, 90.0
3.04500, 69.0
3.05000, 66.0
3.05500, 69.0
3.06000, 57.0
3.06500, 57.0
3.07000, 73.0
3.07500, 60.0
3.08000, 67.0
3.08500, 65.0
3.09000, 59.0
3.09500, 56.0
3.10000, 78.0
3.10500, 59.0
3.11000, 58.0
3.11500, 73.0
3.12000, 58.0
3.12500, 56.0
3.13000, 57.0
3.13500, 62.0
3.14000, 62.0
3.14500, 72.0
3.15000, 62.0
3.15500, 63.0
3.16000, 61.0
3.16500, 60.0
3.17000, 66.0
3.17500, 62.0
3.18000, 58.0
3.18500, 61.0
3.19000, 53.0
3.19500, 62.0
3.20000, 56.0
3.20500, 58.0
3.21000, 56.0
3.21500, 65.0
3.22000, 64.0
3.22500, 67.0
3.23000, 60.0
3.23500, 49.0
3.24000, 57.0
3.24500, 47.0
3.25000, 52.0
3.25500, 49.0
3.26000, 51.0
3.26500, 62.0
3.27000, 60.0
3.27500, 48.0
3.28000, 50.0
3.28500, 47.0
3.29000, 51.0
3.29500, 61.0
3.30000, 63.0
3.30500, 49.0
3.31000, 61.0
3.31500, 60.0
3.32000, 58.0
3.32500, 59.0
3.33000, 70.0
3.33500, 59.0
3.34000, 59.0
3.34500, 69.0
3.35000, 67.0
3.35500, 47.0
3.36000, 58.0
3.36500, 56.0
3.37000, 57.0
3.37500, 52.0
3.38000, 56.0
3.38500, 54.0
3.39000, 51.0
3.39500, 60.0
3.40000, 63.0
3.40500, 63.0
3.41000, 55.0
3.41500, 62.0
3.42000, 46.0
3.42500, 53.0
3.43000, 65.0
3.43500, 60.0
3.44000, 71.0
3.44500, 56.0
3.45000, 79.0
3.45500, 64.0
3.46000, 63.0
3.46500, 63.0
3.47000, 69.0
3.47500, 63.0
3.48000, 71.0
3.48500, 70.0
3.49000, 62.0
3.49500, 78.0
3.50000, 69.0
3.50500, 74.0
3.51000, 59.0
3.51500, 69.0
3.52000, 66.0
3.52500, 65.0
3.53000, 65.0
3.53500, 61.0
3.54000, 75.0
3.54500, 69.0
3.55000, 65.0
3.55500, 64.0
3.56000, 60.0
3.56500, 47.0
3.57000, 56.0
3.57500, 47.0
3.58000, 56.0
3.58500, 50.0
3.59000, 55.0
3.59500, 51.0
3.60000, 48.0
3.60500, 59.0
3.61000, 53.0
3.61500, 59.0
3.62000, 45.0
3.62500, 47.0
3.63000, 52.0
3.63500, 55.0
3.64000, 54.0
3.64500, 58.0
3.65000, 51.0
3.65500, 46.0
3.66000, 51.0
3.66500, 37.0
3.67000, 46.0
3.67500, 44.0
3.68000, 47.0
3.68500, 46.0
3.69000, 40.0
3.69500, 48.0
3.70000, 40.0
3.70500, 43.0
3.71000, 58.0
3.71500, 46.0
3.72000, 48.0
3.72500, 48.0
3.73000, 52.0
3.73500, 50.0
3.74000, 34.0
3.74500, 36.0
3.75000, 48.0
3.75500, 41.0
3.76000, 52.0
3.76500, 56.0
3.77000, 39.0
3.77500, 45.0
3.78000, 39.0
3.78500, 34.0
3.79000, 44.0
3.79500, 57.0
3.80000, 47.0
3.80500, 42.0
3.81000, 43.0
3.81500, 47.0
3.82000, 41.0
3.82500, 47.0
3.83000, 45.0
3.83500, 52.0
3.84000, 49.0
3.84500, 45.0
3.85000, 51.0
3.85500, 41.0
3.86000, 48.0
3.86500, 39.0
3.87000, 34.0
3.87500, 41.0
3.88000, 49.0
3.88500, 46.0
3.89000, 40.0
3.89500, 40.0
3.90000, 51.0
3.90500, 42.0
3.91000, 45.0
3.91500, 41.0
3.92000, 40.0
3.92500, 45.0
3.93000, 37.0
3.93500, 43.0
3.94000, 35.0
3.94500, 32.0
3.95000, 42.0
3.95500, 38.0
3.96000, 45.0
3.96500, 47.0
3.97000, 52.0
3.97500, 43.0
3.98000, 41.0
3.98500, 33.0
3.99000, 46.0
3.99500, 43.0
4.00000, 41.0
4.00500, 46.0
4.01000, 46.0
4.01500, 53.0
4.02000, 35.0
4.02500, 54.0
4.03000, 40.0
4.03500, 35.0
4.04000, 31.0
4.04500, 40.0
4.05000, 33.0
4.05500, 55.0
4.06000, 48.0
4.06500, 36.0
4.07000, 40.0
4.07500, 44.0
4.08000, 43.0
4.08500, 40.0
4.09000, 48.0
4.09500, 45.0
4.10000, 42.0
4.10500, 44.0
4.11000, 46.0
4.11500, 40.0
4.12000, 43.0
4.12500, 31.0
4.13000, 34.0
4.13500, 37.0
4.14000, 49.0
4.14500, 34.0
4.15000, 31.0
4.15500, 39.0
4.16000, 37.0
4.16500, 35.0
4.17000, 36.0
4.17500, 40.0
4.18000, 45.0
4.18500, 43.0
4.19000, 37.0
4.19500, 52.0
4.20000, 36.0
4.20500, 36.0
4.21000, 40.0
4.21500, 39.0
4.22000, 36.0
4.22500, 33.0
4.23000, 37.0
4.23500, 36.0
4.24000, 43.0
4.24500, 45.0
4.25000, 38.0
4.25500, 37.0
4.26000, 32.0
4.26500, 37.0
4.27000, 43.0
4.27500, 45.0
4.28000, 40.0
4.28500, 35.0
4.29000, 36.0
4.29500, 32.0
4.30000, 37.0
4.30500, 38.0
4.31000, 38.0
4.31500, 42.0
4.32000, 37.0
4.32500, 35.0
4.33000, 41.0
4.33500, 35.0
4.34000, 36.0
4.34500, 51.0
4.35000, 35.0
4.35500, 35.0
4.36000, 37.0
4.36500, 29.0
4.37000, 32.0
4.37500, 30.0
4.38000, 30.0
4.38500, 32.0
4.39000, 41.0
4.39500, 39.0
4.40000, 30.0
4.40500, 37.0
4.41000, 30.0
4.41500, 30.0
4.42000, 39.0
4.42500, 36.0
4.43000, 31.0
4.43500, 28.0
4.44000, 30.0
4.44500, 34.0
4.45000, 29.0
4.45500, 30.0
4.46000, 39.0
4.46500, 26.0
4.47000, 33.0
4.47500, 29.0
4.48000, 33.0
4.48500, 38.0
4.49000, 33.0
4.49500, 26.0
4.50000, 40.0
4.50500, 35.0
4.51000, 33.0
4.51500, 36.0
4.52000, 31.0
4.52500, 27.0
4.53000, 32.0
4.53500, 41.0
4.54000, 34.0
4.54500, 28.0
4.55000, 28.0
4.55500, 33.0
4.56000, 39.0
4.56500, 36.0
4.57000, 38.0
4.57500, 33.0
4.58000, 37.0
4.58500, 32.0
4.59000, 31.0
4.59500, 36.0
4.60000, 33.0
4.60500, 34.0
4.61000, 32.0
4.61500, 30.0
4.62000, 39.0
4.62500, 27.0
4.63000, 37.0
4.63500, 37.0
4.64000, 36.0
4.64500, 28.0
4.65000, 33.0
4.65500, 32.0
4.66000, 26.0
4.66500, 35.0
4.67000, 29.0
4.67500, 29.0
4.68000, 23.0
4.68500, 28.0
4.69000, 31.0
4.69500, 36.0
4.70000, 29.0
4.70500, 34.0
4.71000, 25.0
4.71500, 30.0
4.72000, 26.0
4.72500, 18.0
4.73000, 30.0
4.73500, 36.0
4.74000, 29.0
4.74500, 32.0
4.75000, 40.0
4.75500, 27.0
4.76000, 33.0
4.76500, 20.0
4.77000, 28.0
4.77500, 31.0
4.78000, 26.0
4.78500, 19.0
4.79000, 18.0
4.79500, 21.0
4.80000, 26.0
4.80500, 37.0
4.81000, 28.0
4.81500, 36.0
4.82000, 24.0
4.82500, 22.0
4.83000, 31.0
4.83500, 31.0
4.84000, 31.0
4.84500, 23.0
4.85000, 29.0
4.85500, 24.0
4.86000, 30.0
4.86500, 24.0
4.87000, 34.0
4.87500, 29.0
4.88000, 36.0
4.88500, 38.0
4.89000, 35.0
4.89500, 29.0
4.90000, 27.0
4.90500, 24.0
4.91000, 21.0
4.91500, 33.0
4.92000, 31.0
4.92500, 27.0
4.93000, 33.0
4.93500, 25.0
4.94000, 26.0
4.94500, 23.0
4.95000, 39.0
4.95500, 24.0
4.96000, 29.0
4.96500, 29.0
4.97000, 23.0
4.97500, 27.0
4.98000, 24.0
4.98500, 30.0
4.99000, 25.0
4.99500, 24.0
5.00000, 22.0
5.00500, 23.0
5.01000, 26.0
5.01500, 25.0
5.02000, 26.0
5.02500, 18.0
5.03000, 24.0
5.03500, 31.0
5.04000, 30.0
5.04500, 25.0
5.05000, 28.0
5.05500, 26.0
5.06000, 33.0
5.06500, 27.0
5.07000, 23.0
5.07500, 42.0
5.08000, 20.0
5.08500, 20.0
5.09000, 26.0
5.09500, 27.0
5.10000, 20.0
5.10500, 31.0
5.11000, 29.0
5.11500, 25.0
5.12000, 35.0
5.12500, 28.0
5.13000, 34.0
5.13500, 36.0
5.14000, 22.0
5.14500, 27.0
5.15000, 29.0
5.15500, 23.0
5.16000, 22.0
5.16500, 28.0
5.17000, 22.0
5.17500, 29.0
5.18000, 30.0
5.18500, 24.0
5.19000, 22.0
5.19500, 25.0
5.20000, 20.0
5.20500, 18.0
5.21000, 26.0
5.21500, 26.0
5.22000, 36.0
5.22500, 31.0
5.23000, 24.0
5.23500, 26.0
5.24000, 18.0
5.24500, 31.0
5.25000, 27.0
5.25500, 16.0
5.26000, 20.0
5.26500, 16.0
5.27000, 24.0
5.27500, 26.0
5.28000, 20.0
5.28500, 31.0
5.29000, 25.0
5.29500, 23.0
5.30000, 19.0
5.30500, 27.0
5.31000, 31.0
5.31500, 27.0
5.32000, 34.0
5.32500, 25.0
5.33000, 26.0
5.33500, 22.0
5.34000, 15.0
5.34500, 18.0
5.35000, 17.0
5.35500, 13.0
5.36000, 27.0
5.36500, 21.0
5.37000, 24.0
5.37500, 23.0
5.38000, 27.0
5.38500, 22.0
5.39000, 19.0
5.39500, 23.0
5.40000, 15.0
5.40500, 23.0
5.41000, 21.0
5.41500, 26.0
5.42000, 23.0
5.42500, 21.0
5.43000, 20.0
5.43500, 21.0
5.44000, 26.0
5.44500, 27.0
5.45000, 23.0
5.45500, 20.0
5.46000, 21.0
5.46500, 29.0
5.47000, 21.0
5.47500, 25.0
5.48000, 29.0
5.48500, 23.0
5.49000, 16.0
5.49500, 20.0
5.50000, 21.0
5.50500, 24.0
5.51000, 19.0
5.51500, 22.0
5.52000, 21.0
5.52500, 16.0
5.53000, 18.0
5.53500, 18.0
5.54000, 18.0
5.54500, 30.0
5.55000, 23.0
5.55500, 25.0
5.56000, 26.0
5.56500, 24.0
5.57000, 24.0
5.57500, 23.0
5.58000, 21.0
5.58500, 25.0
5.59000, 16.0
5.59500, 20.0
5.60000, 14.0
5.60500, 22.0
5.61000, 15.0
5.61500, 29.0
5.62000, 25.0
5.62500, 23.0
5.63000, 18.0
5.63500, 19.0
5.64000, 10.0
5.64500, 17.0
5.65000, 26.0
5.65500, 16.0
5.66000, 22.0
5.66500, 9.0
5.67000, 14.0
5.67500, 27.0
5.68000, 19.0
5.68500, 29.0
5.69000, 31.0
5.69500, 24.0
5.70000, 15.0
5.70500, 20.0
5.71000, 22.0
5.71500, 12.0
5.72000, 22.0
5.72500, 12.0
5.73000, 16.0
5.73500, 20.0
5.74000, 29.0
5.74500, 12.0
5.75000, 18.0
5.75500, 20.0
5.76000, 15.0
5.76500, 19.0
5.77000, 21.0
5.77500, 25.0
5.78000, 24.0
5.78500, 17.0
5.79000, 20.0
5.79500, 23.0
5.80000, 13.0
5.80500, 15.0
5.81000, 10.0
5.81500, 12.0
5.82000, 20.0
5.82500, 16.0
5.83000, 14.0
5.83500, 24.0
5.84000, 20.0
5.84500, 20.0
5.85000, 16.0
5.85500, 23.0
5.86000, 23.0
5.86500, 11.0
5.87000, 15.0
5.87500, 17.0
5.88000, 22.0
5.88500, 20.0
5.89000, 25.0
5.89500, 21.0
5.90000, 20.0
5.90500, 35.0
5.91000, 20.0
5.91500, 24.0
5.92000, 12.0
5.92500, 16.0
5.93000, 16.0
5.93500, 25.0
5.94000, 18.0
5.94500, 14.0
5.95000, 15.0
5.95500, 15.0
5.96000, 22.0
5.96500, 17.0
5.97000, 18.0
5.97500, 14.0
5.98000, 17.0
5.98500, 18.0
5.99000, 13.0
5.99500, 13.0
6.00000, 14.0
6.00500, 22.0
6.01000, 15.0
6.01500, 11.0
6.02000, 16.0
6.02500, 21.0
6.03000, 11.0
6.03500, 26.0
6.04000, 16.0
6.04500, 17.0
6.05000, 16.0
6.05500, 17.0
6.06000, 13.0
6.06500, 18.0
6.07000, 18.0
6.07500, 15.0
6.08000, 20.0
6.08500, 16.0
6.09000, 17.0
6.09500, 14.0
6.10000, 11.0
6.10500, 16.0
6.11000, 21.0
6.11500, 14.0
6.12000, 18.0
6.12500, 22.0
6.13000, 15.0
6.13500, 20.0
6.14000, 13.0
6.14500, 14.0
6.15000, 15.0
6.15500, 20.0
6.16000, 19.0
6.16500, 19.0
6.17000, 10.0
6.17500, 16.0
6.18000, 18.0
6.18500, 14.0
6.19000, 23.0
6.19500, 11.0
6.20000, 13.0
6.20500, 11.0
6.21000, 17.0
6.21500, 14.0
6.22000, 17.0
6.22500, 13.0
6.23000, 16.0
6.23500, 15.0
6.24000, 17.0
6.24500, 20.0
6.25000, 16.0
6.25500, 14.0
6.26000, 13.0
6.26500, 17.0
6.27000, 16.0
6.27500, 19.0
6.28000, 16.0
6.28500, 17.0
6.29000, 14.0
6.29500, 10.0
6.30000, 23.0
6.30500, 13.0
6.31000, 15.0
6.31500, 18.0
6.32000, 11.0
6.32500, 8.0
6.33000, 9.0
6.33500, 16.0
6.34000, 11.0
6.34500, 19.0
6.35000, 20.0
6.35500, 18.0
6.36000, 14.0
6.36500, 9.0
6.37000, 17.0
6.37500, 13.0
6.38000, 12.0
6.38500, 8.0
6.39000, 17.0
6.39500, 17.0
6.40000, 12.0
6.40500, 17.0
6.41000, 14.0
6.41500, 12.0
6.42000, 17.0
6.42500, 21.0
6.43000, 15.0
6.43500, 14.0
6.44000, 17.0
6.44500, 14.0
6.45000, 8.0
6.45500, 10.0
6.46000, 11.0
6.46500, 9.0
6.47000, 5.0
6.47500, 14.0
6.48000, 14.0
6.48500, 16.0
6.49000, 16.0
6.49500, 14.0
6.50000, 11.0
6.50500, 17.0
6.51000, 12.0
6.51500, 17.0
6.52000, 13.0
6.52500, 14.0
6.53000, 8.0
6.53500, 15.0
6.54000, 8.0
6.54500, 10.0
6.55000, 19.0
6.55500, 15.0
6.56000, 15.0
6.56500, 8.0
6.57000, 14.0
6.57500, 15.0
6.58000, 9.0
6.58500, 17.0
6.59000, 17.0
6.59500, 9.0
6.60000, 12.0
6.60500, 18.0
6.61000, 10.0
6.61500, 13.0
6.62000, 7.0
6.62500, 10.0
6.63000, 8.0
6.63500, 11.0
6.64000, 15.0
6.64500, 15.0
6.65000, 9.0
6.65500, 15.0
6.66000, 11.0
6.66500, 18.0
6.67000, 10.0
6.67500, 13.0
6.68000, 11.0
6.68500, 18.0
6.69000, 19.0
6.69500, 14.0
6.70000, 15.0
6.70500, 9.0
6.71000, 13.0
6.71500, 13.0
6.72000, 9.0
6.72500, 12.0
6.73000, 6.0
6.73500, 11.0
6.74000, 14.0
6.74500, 17.0
6.75000, 16.0
6.75500, 13.0
6.76000, 20.0
6.76500, 10.0
6.77000, 21.0
6.77500, 16.0
6.78000, 13.0
6.78500, 11.0
6.79000, 17.0
6.79500, 8.0
6.80000, 6.0
6.80500, 19.0
6.81000, 17.0
6.81500, 18.0
6.82000, 16.0
6.82500, 14.0
6.83000, 13.0
6.83500, 5.0
6.84000, 11.0
6.84500, 13.0
6.85000, 11.0
6.85500, 8.0
6.86000, 8.0
6.86500, 11.0
6.87000, 19.0
6.87500, 12.0
6.88000, 8.0
6.88500, 9.0
6.89000, 12.0
6.89500, 11.0
6.90000, 15.0
6.90500, 10.0
6.91000, 17.0
6.91500, 10.0
6.92000, 12.0
6.92500, 10.0
6.93000, 7.0
6.93500, 4.0
6.94000, 13.0
6.94500, 7.0
6.95000, 11.0
6.95500, 12.0
6.96000, 10.0
6.96500, 10.0
6.97000, 19.0
6.97500, 6.0
6.98000, 19.0
6.98500, 13.0
6.99000, 15.0
6.99500, 10.0
7.00000, 9.0
7.00500, 14.0
7.01000, 8.0
7.01500, 15.0
7.02000, 14.0
7.02500, 8.0
7.03000, 11.0
7.03500, 8.0
7.04000, 11.0
7.04500, 18.0
7.05000, 12.0
7.05500, 12.0
7.06000, 11.0
7.06500, 11.0
7.07000, 12.0
7.07500, 7.0
7.08000, 12.0
7.08500, 11.0
7.09000, 15.0
7.09500, 9.0
7.10000, 13.0
7.10500, 8.0
7.11000, 12.0
7.11500, 10.0
7.12000, 6.0
7.12500, 9.0
7.13000, 7.0
7.13500, 10.0
7.14000, 10.0
7.14500, 11.0
7.15000, 8.0
7.15500, 5.0
7.16000, 13.0
7.16500, 6.0
7.17000, 7.0
7.17500, 7.0
7.18000, 12.0
7.18500, 2.0
7.19000, 12.0
7.19500, 7.0
7.20000, 14.0
7.20500, 7.0
7.21000, 11.0
7.21500, 5.0
7.22000, 9.0
7.22500, 6.0
7.23000, 15.0
7.23500, 12.0
7.24000, 9.0
7.24500, 9.0
7.25000, 7.0
7.25500, 13.0
7.26000, 13.0
7.26500, 6.0
7.27000, 10.0
7.27500, 12.0
7.28000, 7.0
7.28500, 12.0
7.29000, 11.0
7.29500, 6.0
7.30000, 10.0
7.30500, 8.0
7.31000, 9.0
7.31500, 8.0
7.32000, 9.0
7.32500, 6.0
7.33000, 17.0
7.33500, 8.0
7.34000, 13.0
7.34500, 7.0
7.35000, 7.0
7.35500, 8.0
7.36000, 7.0
7.36500, 5.0
7.37000, 6.0
7.37500, 3.0
7.38000, 6.0
7.38500, 9.0
7.39000, 7.0
7.39500, 9.0
7.40000, 12.0
7.40500, 15.0
7.41000, 9.0
7.41500, 10.0
7.42000, 11.0
7.42500, 12.0
7.43000, 6.0
7.43500, 7.0
7.44000, 10.0
7.44500, 13.0
7.45000, 11.0
7.45500, 8.0
7.46000, 5.0
7.46500, 10.0
7.47000, 13.0
7.47500, 3.0
7.48000, 9.0
7.48500, 7.0
7.49000, 10.0
7.49500, 5.0
7.50000, 6.0
7.50500, 8.0
7.51000, 13.0
7.51500, 5.0
7.52000, 9.0
7.52500, 10.0
7.53000, 9.0
7.53500, 5.0
7.54000, 11.0
7.54500, 8.0
7.55000, 8.0
7.55500, 6.0
7.56000, 7.0
7.56500, 5.0
7.57000, 8.0
7.57500, 8.0
7.58000, 5.0
7.58500, 6.0
7.59000, 11.0
7.59500, 8.0
7.60000, 11.0
7.60500, 6.0
7.61000, 2.0
7.61500, 4.0
7.62000, 7.0
7.62500, 7.0
7.63000, 12.0
7.63500, 7.0
7.64000, 8.0
7.64500, 5.0
7.65000, 4.0
7.65500, 9.0
7.66000, 9.0
7.66500, 5.0
7.67000, 8.0
7.67500, 7.0
7.68000, 7.0
7.68500, 6.0
7.69000, 6.0
7.69500, 5.0
7.70000, 5.0
7.70500, 6.0
7.71000, 8.0
7.71500, 7.0
7.72000, 9.0
7.72500, 10.0
7.73000, 7.0
7.73500, 8.0
7.74000, 6.0
7.74500, 6.0
7.75000, 3.0
7.75500, 5.0
7.76000, 10.0
7.76500, 6.0
7.77000, 5.0
7.77500, 6.0
7.78000, 8.0
7.78500, 12.0
7.79000, 5.0
7.79500, 5.0
7.80000, 9.0
7.80500, 6.0
7.81000, 8.0
7.81500, 8.0
7.82000, 10.0
7.82500, 5.0
7.83000, 3.0
7.83500, 6.0
7.84000, 6.0
7.84500, 2.0
7.85000, 3.0
7.85500, 7.0
7.86000, 2.0
7.86500, 2.0
7.87000, 9.0
7.87500, 1.0
7.88000, 4.0
7.88500, 9.0
7.89000, 12.0
7.89500, 4.0
7.90000, 5.0
7.90500, 4.0
7.91000, 6.0
7.91500, 7.0
7.92000, 1.0
7.92500, 4.0
7.93000, 9.0
7.93500, 6.0
7.94000, 2.0
7.94500, 4.0
7.95000, 5.0
7.95500, 7.0
7.96000, 1.0
7.96500, 6.0
7.97000, 10.0
7.97500, 3.0
7.98000, 4.0
7.98500, 8.0
7.99000, 2.0
7.99500, 2.0
8.00000, 8.0
8.00500, 4.0
8.01000, 10.0
8.01500, 4.0
8.02000, 6.0
8.02500, 7.0
8.03000, 11.0
8.03500, 7.0
8.04000, 2.0
8.04500, 5.0
8.05000, 5.0
8.05500, 7.0
8.06000, 4.0
8.06500, 3.0
8.07000, 6.0
8.07500, 3.0
8.08000, 6.0
8.08500, 5.0
8.09000, 4.0
8.09500, 8.0
8.10000, 6.0
8.10500, 5.0
8.11000, 8.0
8.11500, 3.0
8.12000, 4.0
8.12500, 5.0
8.13000, 2.0
8.13500, 9.0
8.14000, 4.0
8.14500, 4.0
8.15000, 4.0
8.15500, 3.0
8.16000, 3.0
8.16500, 3.0
8.17000, 4.0
8.17500, 3.0
8.18000, 9.0
8.18500, 4.0
8.19000, 4.0
8.19500, 2.0
8.20000, 2.0
8.20500, 2.0
8.21000, 7.0
8.21500, 6.0
8.22000, 3.0
8.22500, 4.0
8.23000, 5.0
8.23500, 2.0
8.24000, 2.0
8.24500, 1.0
8.25000, 5.0
8.25500, 8.0
8.26000, 6.0
8.26500, 3.0
8.27000, 7.0
8.27500, 9.0
8.28000, 7.0
8.28500, 3.0
8.29000, 5.0
8.29500, 5.0
8.30000, 3.0
8.30500, 3.0
8.31000, 10.0
8.31500, 9.0
8.32000, 4.0
8.32500, 4.0
8.33000, 7.0
8.33500, 4.0
8.34000, 4.0
8.34500, 3.0
8.35000, 9.0
8.35500, 6.0
8.36000, 5.0
8.36500, 2.0
8.37000, 5.0
8.37500, 3.0
8.38000, 8.0
8.38500, 3.0
8.39000, 7.0
8.39500, 4.0
8.40000, 7.0
8.40500, 2.0
8.41000, 3.0
8.41500, 4.0
8.42000, 6.0
8.42500, 7.0
8.43000, 6.0
8.43500, 8.0
8.44000, 1.0
8.44500, 0.0
8.45000, 3.0
8.45500, 2.0
8.46000, 1.0
8.46500, 6.0
8.47000, 6.0
8.47500, 8.0
8.48000, 3.0
8.48500, 1.0
8.49000, 6.0
8.49500, 5.0
8.50000, 2.0
8.50500, 3.0
8.51000, 7.0
8.51500, 2.0
8.52000, 3.0
8.52500, 4.0
8.53000, 6.0
8.53500, 5.0
8.54000, 4.0
8.54500, 7.0
8.55000, 0.0
8.55500, 4.0
8.56000, 4.0
8.56500, 2.0
8.57000, 4.0
8.57500, 3.0
8.58000, 2.0
8.58500, 7.0
8.59000, 3.0
8.59500, 10.0
8.60000, 3.0
8.60500, 2.0
8.61000, 6.0
8.61500, 2.0
8.62000, 4.0
8.62500, 3.0
8.63000, 4.0
8.63500, 5.0
8.64000, 2.0
8.64500, 5.0
8.65000, 4.0
8.65500, 4.0
8.66000, 6.0
8.66500, 4.0
8.67000, 4.0
8.67500, 1.0
8.68000, 2.0
8.68500, 1.0
8.69000, 1.0
8.69500, 2.0
8.70000, 4.0
8.70500, 3.0
8.71000, 1.0
8.71500, 1.0
8.72000, 4.0
8.72500, 2.0
8.73000, 0.0
8.73500, 2.0
8.74000, 3.0
8.74500, 3.0
8.75000, 6.0
8.75500, 5.0
8.76000, 0.0
8.76500, 3.0
8.77000, 1.0
8.77500, 1.0
8.78000, 3.0
8.78500, 5.0
8.79000, 6.0
8.79500, 4.0
8.80000, 2.0
8.80500, 3.0
8.81000, 1.0
8.81500, 2.0
8.82000, 5.0
8.82500, 3.0
8.83000, 5.0
8.83500, 2.0
8.84000, 3.0
8.84500, 4.0
8.85000, 7.0
8.85500, 2.0
8.86000, 6.0
8.86500, 4.0
8.87000, 7.0
8.87500, 3.0
8.88000, 2.0
8.88500, 0.0
8.89000, 1.0
8.89500, 3.0
8.90000, 3.0
8.90500, 3.0
8.91000, 4.0
8.91500, 1.0
8.92000, 8.0
8.92500, 2.0
8.93000, 2.0
8.93500, 2.0
8.94000, 4.0
8.94500, 3.0
8.95000, 4.0
8.95500, 3.0
8.96000, 3.0
8.96500, 0.0
8.97000, 1.0
8.97500, 4.0
8.98000, 1.0
8.98500, 4.0
8.99000, 4.0
8.99500, 4.0
9.00000, 4.0
9.00500, 0.0
9.01000, 1.0
9.01500, 5.0
9.02000, 4.0
9.02500, 5.0
9.03000, 0.0
9.03500, 6.0
9.04000, 3.0
9.04500, 1.0
9.05000, 1.0
9.05500, 1.0
9.06000, 2.0
9.06500, 0.0
9.07000, 6.0
9.07500, 4.0
9.08000, 1.0
9.08500, 1.0
9.09000, 2.0
9.09500, 5.0
9.10000, 3.0
9.10500, 3.0
9.11000, 3.0
9.11500, 0.0
9.12000, 3.0
9.12500, 5.0
9.13000, 2.0
9.13500, 1.0
9.14000, 0.0
9.14500, 2.0
9.15000, 2.0
9.15500, 1.0
9.16000, 1.0
9.16500, 4.0
9.17000, 5.0
9.17500, 1.0
9.18000, 1.0
9.18500, 2.0
9.19000, 2.0
9.19500, 3.0
9.20000, 4.0
9.20500, 5.0
9.21000, 1.0
9.21500, 4.0
9.22000, 2.0
9.22500, 3.0
9.23000, 1.0
9.23500, 3.0
9.24000, 2.0
9.24500, 1.0
9.25000, 3.0
9.25500, 2.0
9.26000, 0.0
9.26500, 0.0
9.27000, 2.0
9.27500, 3.0
9.28000, 0.0
9.28500, 1.0
9.29000, 1.0
9.29500, 4.0
9.30000, 1.0
9.30500, 2.0
9.31000, 2.0
9.31500, 5.0
9.32000, 2.0
9.32500, 1.0
9.33000, 4.0
9.33500, 1.0
9.34000, 0.0
9.34500, 3.0
9.35000, 1.0
9.35500, 0.0
9.36000, 0.0
9.36500, 0.0
9.37000, 3.0
9.37500, 0.0
9.38000, 1.0
9.38500, 1.0
9.39000, 2.0
9.39500, 1.0
9.40000, 3.0
9.40500, 1.0
9.41000, 2.0
9.41500, 3.0
9.42000, 0.0
9.42500, 0.0
9.43000, 3.0
9.43500, 1.0
9.44000, 2.0
9.44500, 2.0
9.45000, 1.0
9.45500, 0.0
9.46000, 2.0
9.46500, 1.0
9.47000, 2.0
9.47500, 0.0
9.48000, 1.0
9.48500, 1.0
9.49000, 0.0
9.49500, 1.0
9.50000, 1.0
9.50500, 0.0
9.51000, 2.0
9.51500, 1.0
9.52000, 1.0
9.52500, 1.0
9.53000, 1.0
9.53500, 1.0
9.54000, 0.0
9.54500, 3.0
9.55000, 1.0
9.55500, 0.0
9.56000, 2.0
9.56500, 2.0
9.57000, 0.0
9.57500, 3.0
9.58000, 2.0
9.58500, 1.0
9.59000, 1.0
9.59500, 2.0
9.60000, 0.0
9.60500, 3.0
9.61000, 0.0
9.61500, 1.0
9.62000, 0.0
9.62500, 1.0
9.63000, 1.0
9.63500, 1.0
9.64000, 0.0
9.64500, 0.0
9.65000, 1.0
9.65500, 1.0
9.66000, 1.0
9.66500, 1.0
9.67000, 0.0
9.67500, 1.0
9.68000, 0.0
9.68500, 1.0
9.69000, 3.0
9.69500, 0.0
9.70000, 0.0
9.70500, 3.0
9.71000, 2.0
9.71500, 1.0
9.72000, 0.0
9.72500, 1.0
9.73000, 1.0
9.73500, 0.0
9.74000, 1.0
9.74500, 0.0
9.75000, 2.0
9.75500, 0.0
9.76000, 1.0
9.76500, 0.0
9.77000, 0.0
9.77500, 2.0
9.78000, 0.0
9.78500, 1.0
9.79000, 0.0
9.79500, 3.0
9.80000, 0.0
9.80500, 0.0
9.81000, 2.0
9.81500, 0.0
9.82000, 1.0
9.82500, 2.0
9.83000, 2.0
9.83500, 0.0
9.84000, 0.0
9.84500, 2.0
9.85000, 1.0
9.85500, 1.0
9.86000, 0.0
9.86500, 0.0
9.87000, 0.0
9.87500, 1.0
9.88000, 3.0
9.88500, 4.0
9.89000, 2.0
9.89500, 0.0
9.90000, 2.0
9.90500, 1.0
9.91000, 0.0
9.91500, 0.0
9.92000, 1.0
9.92500, 1.0
9.93000, 1.0
9.93500, 1.0
9.94000, 0.0
9.94500, 0.0
9.95000, 1.0
9.95500, 2.0
9.96000, 1.0
9.96500, 0.0
9.97000, 0.0
9.97500, 1.0
9.98000, 0.0
9.98500, 0.0
9.99000, 1.0
9.99500, 0.0
10.00000, 0.0
10.00500, 0.0
10.01000, 0.0
10.01500, 0.0
10.02000, 0.0
10.02500, 0.0
10.03000, 0.0
10.03500, 0.0
10.04000, 2.0
10.04500, 0.0
10.05000, 0.0
10.05500, 0.0
10.06000, 0.0
10.06500, 0.0
10.07000, 0.0
10.07500, 0.0
10.08000, 0.0
10.08500, 0.0
10.09000, 0.0
10.09500, 0.0
10.10000, 0.0
10.10500, 0.0
10.11000, 0.0
10.11500, 0.0
10.12000, 0.0
10.12500, 0.0
10.13000, 0.0
10.13500, 0.0
#ENDOFDATA   : 
