#FORMAT      : EMSA/MAS Spectral Data File
#VERSION     : 1.0
#TITLE       : 20250425_10K_H12_3
#DATE        : 24-APR-2025
#TIME        : 09:36
#OWNER       : 
#NPOINTS     : 2048.0
#NCOLUMNS    : 1.0
#XUNITS      : keV
#YUNITS      : counts
#DATATYPE    : XY
#XPERCHAN    : 0.005
#OFFSET      : -0.1
#SIGNALTYPE  : EDS
#CHOFFSET    : 20.0
#LIVETIME    : 60.0
#REALTIME    : 61.446090698
#BEAMKV      : 10.0
#MAGCAM      : 4000.0
#XTILTSTGE   : 0.0
#AZIMANGLE   : 0.0
#ELEVANGLE   : 29.0
#XPOSITION mm: 0.7570
#YPOSITION mm: 0.1853
#ZPOSITION mm: 13.4437
##OXINSTPT   : 2
##OXINSTSTROB: 67.55
##OXINSTELEMS: 42,16,14,8
##OXINSTLABEL: 42, 2.293, Mo
##OXINSTLABEL: 42, 2.395, Mo
##OXINSTLABEL: 42, 2.120, Mo
##OXINSTLABEL: 42, 2.831, Mo
##OXINSTLABEL: 42, 2.016, Mo
##OXINSTLABEL: 42, 0.193, Mo
##OXINSTLABEL: 16, 2.308, S
##OXINSTLABEL: 16, 2.464, S
##OXINSTLABEL: 14, 1.740, Si
##OXINSTLABEL: 8, 0.525, O
#SPECTRUM    : Spectral Data Starts Here
-0.10000, 0.0
-0.09500, 0.0
-0.09000, 1.0
-0.08500, 1.0
-0.08000, 1.0
-0.07500, 0.0
-0.07000, 2.0
-0.06500, 3.0
-0.06000, 4.0
-0.05500, 5.0
-0.05000, 12.0
-0.04500, 26.0
-0.04000, 36.0
-0.03500, 43.0
-0.03000, 73.0
-0.02500, 108.0
-0.02000, 145.0
-0.01500, 190.0
-0.01000, 242.0
-0.00500, 298.0
0.00000, 387.0
0.00500, 476.0
0.01000, 591.0
0.01500, 651.0
0.02000, 785.0
0.02500, 854.0
0.03000, 968.0
0.03500, 1006.0
0.04000, 1027.0
0.04500, 1096.0
0.05000, 1111.0
0.05500, 1082.0
0.06000, 1035.0
0.06500, 943.0
0.07000, 922.0
0.07500, 831.0
0.08000, 711.0
0.08500, 584.0
0.09000, 501.0
0.09500, 440.0
0.10000, 390.0
0.10500, 332.0
0.11000, 303.0
0.11500, 289.0
0.12000, 267.0
0.12500, 289.0
0.13000, 301.0
0.13500, 327.0
0.14000, 347.0
0.14500, 386.0
0.15000, 394.0
0.15500, 384.0
0.16000, 398.0
0.16500, 429.0
0.17000, 383.0
0.17500, 386.0
0.18000, 380.0
0.18500, 364.0
0.19000, 349.0
0.19500, 330.0
0.20000, 286.0
0.20500, 288.0
0.21000, 300.0
0.21500, 276.0
0.22000, 284.0
0.22500, 301.0
0.23000, 292.0
0.23500, 330.0
0.24000, 346.0
0.24500, 351.0
0.25000, 382.0
0.25500, 406.0
0.26000, 419.0
0.26500, 426.0
0.27000, 465.0
0.27500, 460.0
0.28000, 445.0
0.28500, 425.0
0.29000, 400.0
0.29500, 364.0
0.30000, 339.0
0.30500, 290.0
0.31000, 278.0
0.31500, 236.0
0.32000, 211.0
0.32500, 165.0
0.33000, 136.0
0.33500, 133.0
0.34000, 116.0
0.34500, 102.0
0.35000, 104.0
0.35500, 85.0
0.36000, 87.0
0.36500, 80.0
0.37000, 76.0
0.37500, 81.0
0.38000, 79.0
0.38500, 78.0
0.39000, 100.0
0.39500, 99.0
0.40000, 97.0
0.40500, 106.0
0.41000, 104.0
0.41500, 105.0
0.42000, 118.0
0.42500, 114.0
0.43000, 133.0
0.43500, 138.0
0.44000, 165.0
0.44500, 182.0
0.45000, 218.0
0.45500, 264.0
0.46000, 306.0
0.46500, 375.0
0.47000, 464.0
0.47500, 536.0
0.48000, 690.0
0.48500, 773.0
0.49000, 870.0
0.49500, 1007.0
0.50000, 1086.0
0.50500, 1181.0
0.51000, 1278.0
0.51500, 1297.0
0.52000, 1345.0
0.52500, 1387.0
0.53000, 1307.0
0.53500, 1277.0
0.54000, 1218.0
0.54500, 1094.0
0.55000, 1006.0
0.55500, 850.0
0.56000, 780.0
0.56500, 672.0
0.57000, 581.0
0.57500, 462.0
0.58000, 403.0
0.58500, 314.0
0.59000, 266.0
0.59500, 231.0
0.60000, 205.0
0.60500, 165.0
0.61000, 145.0
0.61500, 162.0
0.62000, 164.0
0.62500, 134.0
0.63000, 120.0
0.63500, 118.0
0.64000, 134.0
0.64500, 124.0
0.65000, 118.0
0.65500, 144.0
0.66000, 130.0
0.66500, 119.0
0.67000, 129.0
0.67500, 125.0
0.68000, 134.0
0.68500, 157.0
0.69000, 147.0
0.69500, 133.0
0.70000, 134.0
0.70500, 129.0
0.71000, 139.0
0.71500, 132.0
0.72000, 139.0
0.72500, 140.0
0.73000, 165.0
0.73500, 154.0
0.74000, 138.0
0.74500, 145.0
0.75000, 172.0
0.75500, 160.0
0.76000, 159.0
0.76500, 155.0
0.77000, 148.0
0.77500, 169.0
0.78000, 159.0
0.78500, 157.0
0.79000, 162.0
0.79500, 161.0
0.80000, 182.0
0.80500, 175.0
0.81000, 173.0
0.81500, 176.0
0.82000, 186.0
0.82500, 190.0
0.83000, 174.0
0.83500, 186.0
0.84000, 175.0
0.84500, 173.0
0.85000, 186.0
0.85500, 178.0
0.86000, 165.0
0.86500, 178.0
0.87000, 183.0
0.87500, 178.0
0.88000, 195.0
0.88500, 191.0
0.89000, 182.0
0.89500, 190.0
0.90000, 184.0
0.90500, 188.0
0.91000, 201.0
0.91500, 204.0
0.92000, 192.0
0.92500, 192.0
0.93000, 195.0
0.93500, 193.0
0.94000, 178.0
0.94500, 195.0
0.95000, 199.0
0.95500, 180.0
0.96000, 192.0
0.96500, 199.0
0.97000, 191.0
0.97500, 183.0
0.98000, 196.0
0.98500, 189.0
0.99000, 210.0
0.99500, 193.0
1.00000, 229.0
1.00500, 218.0
1.01000, 180.0
1.01500, 203.0
1.02000, 217.0
1.02500, 202.0
1.03000, 216.0
1.03500, 195.0
1.04000, 199.0
1.04500, 191.0
1.05000, 210.0
1.05500, 196.0
1.06000, 199.0
1.06500, 203.0
1.07000, 202.0
1.07500, 211.0
1.08000, 192.0
1.08500, 191.0
1.09000, 203.0
1.09500, 208.0
1.10000, 191.0
1.10500, 198.0
1.11000, 193.0
1.11500, 193.0
1.12000, 191.0
1.12500, 195.0
1.13000, 190.0
1.13500, 187.0
1.14000, 189.0
1.14500, 198.0
1.15000, 212.0
1.15500, 206.0
1.16000, 195.0
1.16500, 200.0
1.17000, 204.0
1.17500, 201.0
1.18000, 217.0
1.18500, 202.0
1.19000, 192.0
1.19500, 198.0
1.20000, 209.0
1.20500, 210.0
1.21000, 193.0
1.21500, 194.0
1.22000, 172.0
1.22500, 191.0
1.23000, 212.0
1.23500, 213.0
1.24000, 199.0
1.24500, 197.0
1.25000, 172.0
1.25500, 218.0
1.26000, 200.0
1.26500, 225.0
1.27000, 200.0
1.27500, 197.0
1.28000, 222.0
1.28500, 199.0
1.29000, 202.0
1.29500, 209.0
1.30000, 208.0
1.30500, 213.0
1.31000, 174.0
1.31500, 222.0
1.32000, 227.0
1.32500, 197.0
1.33000, 199.0
1.33500, 198.0
1.34000, 206.0
1.34500, 199.0
1.35000, 211.0
1.35500, 215.0
1.36000, 197.0
1.36500, 190.0
1.37000, 207.0
1.37500, 201.0
1.38000, 184.0
1.38500, 175.0
1.39000, 194.0
1.39500, 197.0
1.40000, 196.0
1.40500, 204.0
1.41000, 196.0
1.41500, 210.0
1.42000, 203.0
1.42500, 203.0
1.43000, 222.0
1.43500, 210.0
1.44000, 208.0
1.44500, 207.0
1.45000, 210.0
1.45500, 197.0
1.46000, 202.0
1.46500, 217.0
1.47000, 208.0
1.47500, 201.0
1.48000, 192.0
1.48500, 201.0
1.49000, 223.0
1.49500, 198.0
1.50000, 195.0
1.50500, 225.0
1.51000, 209.0
1.51500, 229.0
1.52000, 205.0
1.52500, 207.0
1.53000, 216.0
1.53500, 204.0
1.54000, 216.0
1.54500, 214.0
1.55000, 204.0
1.55500, 224.0
1.56000, 233.0
1.56500, 216.0
1.57000, 229.0
1.57500, 206.0
1.58000, 187.0
1.58500, 196.0
1.59000, 203.0
1.59500, 210.0
1.60000, 220.0
1.60500, 218.0
1.61000, 240.0
1.61500, 269.0
1.62000, 286.0
1.62500, 292.0
1.63000, 347.0
1.63500, 375.0
1.64000, 445.0
1.64500, 578.0
1.65000, 740.0
1.65500, 875.0
1.66000, 1078.0
1.66500, 1393.0
1.67000, 1729.0
1.67500, 2121.0
1.68000, 2552.0
1.68500, 3030.0
1.69000, 3587.0
1.69500, 4148.0
1.70000, 4698.0
1.70500, 5272.0
1.71000, 5909.0
1.71500, 6541.0
1.72000, 7056.0
1.72500, 7466.0
1.73000, 7870.0
1.73500, 7979.0
1.74000, 8281.0
1.74500, 8345.0
1.75000, 8209.0
1.75500, 7824.0
1.76000, 7547.0
1.76500, 7084.0
1.77000, 6676.0
1.77500, 6044.0
1.78000, 5332.0
1.78500, 4820.0
1.79000, 4325.0
1.79500, 3711.0
1.80000, 3299.0
1.80500, 2831.0
1.81000, 2371.0
1.81500, 1988.0
1.82000, 1695.0
1.82500, 1429.0
1.83000, 1226.0
1.83500, 1054.0
1.84000, 843.0
1.84500, 721.0
1.85000, 674.0
1.85500, 576.0
1.86000, 505.0
1.86500, 432.0
1.87000, 394.0
1.87500, 372.0
1.88000, 326.0
1.88500, 307.0
1.89000, 267.0
1.89500, 247.0
1.90000, 226.0
1.90500, 222.0
1.91000, 202.0
1.91500, 166.0
1.92000, 150.0
1.92500, 165.0
1.93000, 133.0
1.93500, 162.0
1.94000, 136.0
1.94500, 141.0
1.95000, 154.0
1.95500, 123.0
1.96000, 125.0
1.96500, 128.0
1.97000, 138.0
1.97500, 136.0
1.98000, 135.0
1.98500, 144.0
1.99000, 144.0
1.99500, 168.0
2.00000, 152.0
2.00500, 147.0
2.01000, 151.0
2.01500, 143.0
2.02000, 166.0
2.02500, 155.0
2.03000, 154.0
2.03500, 161.0
2.04000, 143.0
2.04500, 143.0
2.05000, 143.0
2.05500, 164.0
2.06000, 153.0
2.06500, 135.0
2.07000, 132.0
2.07500, 140.0
2.08000, 150.0
2.08500, 133.0
2.09000, 136.0
2.09500, 136.0
2.10000, 123.0
2.10500, 113.0
2.11000, 134.0
2.11500, 145.0
2.12000, 142.0
2.12500, 130.0
2.13000, 128.0
2.13500, 141.0
2.14000, 112.0
2.14500, 118.0
2.15000, 133.0
2.15500, 125.0
2.16000, 134.0
2.16500, 162.0
2.17000, 133.0
2.17500, 135.0
2.18000, 149.0
2.18500, 178.0
2.19000, 207.0
2.19500, 205.0
2.20000, 229.0
2.20500, 291.0
2.21000, 337.0
2.21500, 384.0
2.22000, 442.0
2.22500, 545.0
2.23000, 672.0
2.23500, 748.0
2.24000, 863.0
2.24500, 978.0
2.25000, 1144.0
2.25500, 1323.0
2.26000, 1442.0
2.26500, 1585.0
2.27000, 1779.0
2.27500, 1933.0
2.28000, 2091.0
2.28500, 2177.0
2.29000, 2308.0
2.29500, 2384.0
2.30000, 2432.0
2.30500, 2442.0
2.31000, 2477.0
2.31500, 2406.0
2.32000, 2314.0
2.32500, 2257.0
2.33000, 2253.0
2.33500, 2058.0
2.34000, 1925.0
2.34500, 1840.0
2.35000, 1704.0
2.35500, 1605.0
2.36000, 1474.0
2.36500, 1299.0
2.37000, 1193.0
2.37500, 1085.0
2.38000, 987.0
2.38500, 954.0
2.39000, 874.0
2.39500, 797.0
2.40000, 711.0
2.40500, 700.0
2.41000, 681.0
2.41500, 621.0
2.42000, 570.0
2.42500, 541.0
2.43000, 514.0
2.43500, 497.0
2.44000, 480.0
2.44500, 432.0
2.45000, 438.0
2.45500, 422.0
2.46000, 398.0
2.46500, 370.0
2.47000, 361.0
2.47500, 358.0
2.48000, 344.0
2.48500, 329.0
2.49000, 341.0
2.49500, 288.0
2.50000, 269.0
2.50500, 235.0
2.51000, 242.0
2.51500, 236.0
2.52000, 225.0
2.52500, 191.0
2.53000, 173.0
2.53500, 176.0
2.54000, 162.0
2.54500, 166.0
2.55000, 143.0
2.55500, 157.0
2.56000, 153.0
2.56500, 132.0
2.57000, 123.0
2.57500, 120.0
2.58000, 122.0
2.58500, 102.0
2.59000, 98.0
2.59500, 103.0
2.60000, 108.0
2.60500, 99.0
2.61000, 100.0
2.61500, 107.0
2.62000, 95.0
2.62500, 95.0
2.63000, 95.0
2.63500, 97.0
2.64000, 89.0
2.64500, 73.0
2.65000, 85.0
2.65500, 85.0
2.66000, 76.0
2.66500, 98.0
2.67000, 90.0
2.67500, 99.0
2.68000, 96.0
2.68500, 84.0
2.69000, 69.0
2.69500, 66.0
2.70000, 90.0
2.70500, 81.0
2.71000, 81.0
2.71500, 72.0
2.72000, 71.0
2.72500, 76.0
2.73000, 77.0
2.73500, 68.0
2.74000, 69.0
2.74500, 83.0
2.75000, 83.0
2.75500, 75.0
2.76000, 76.0
2.76500, 70.0
2.77000, 77.0
2.77500, 78.0
2.78000, 71.0
2.78500, 78.0
2.79000, 78.0
2.79500, 91.0
2.80000, 84.0
2.80500, 74.0
2.81000, 80.0
2.81500, 86.0
2.82000, 81.0
2.82500, 77.0
2.83000, 80.0
2.83500, 78.0
2.84000, 71.0
2.84500, 86.0
2.85000, 85.0
2.85500, 81.0
2.86000, 95.0
2.86500, 82.0
2.87000, 79.0
2.87500, 88.0
2.88000, 76.0
2.88500, 91.0
2.89000, 71.0
2.89500, 84.0
2.90000, 71.0
2.90500, 75.0
2.91000, 70.0
2.91500, 76.0
2.92000, 74.0
2.92500, 76.0
2.93000, 55.0
2.93500, 64.0
2.94000, 53.0
2.94500, 65.0
2.95000, 64.0
2.95500, 72.0
2.96000, 65.0
2.96500, 64.0
2.97000, 57.0
2.97500, 70.0
2.98000, 67.0
2.98500, 57.0
2.99000, 66.0
2.99500, 59.0
3.00000, 49.0
3.00500, 67.0
3.01000, 76.0
3.01500, 69.0
3.02000, 68.0
3.02500, 55.0
3.03000, 74.0
3.03500, 53.0
3.04000, 52.0
3.04500, 59.0
3.05000, 67.0
3.05500, 69.0
3.06000, 54.0
3.06500, 75.0
3.07000, 64.0
3.07500, 63.0
3.08000, 60.0
3.08500, 72.0
3.09000, 57.0
3.09500, 67.0
3.10000, 78.0
3.10500, 63.0
3.11000, 63.0
3.11500, 73.0
3.12000, 78.0
3.12500, 72.0
3.13000, 64.0
3.13500, 66.0
3.14000, 58.0
3.14500, 56.0
3.15000, 68.0
3.15500, 61.0
3.16000, 68.0
3.16500, 57.0
3.17000, 56.0
3.17500, 65.0
3.18000, 60.0
3.18500, 62.0
3.19000, 73.0
3.19500, 74.0
3.20000, 70.0
3.20500, 64.0
3.21000, 56.0
3.21500, 58.0
3.22000, 66.0
3.22500, 70.0
3.23000, 62.0
3.23500, 55.0
3.24000, 71.0
3.24500, 59.0
3.25000, 50.0
3.25500, 65.0
3.26000, 66.0
3.26500, 68.0
3.27000, 56.0
3.27500, 68.0
3.28000, 75.0
3.28500, 60.0
3.29000, 61.0
3.29500, 48.0
3.30000, 59.0
3.30500, 45.0
3.31000, 50.0
3.31500, 50.0
3.32000, 60.0
3.32500, 63.0
3.33000, 59.0
3.33500, 62.0
3.34000, 58.0
3.34500, 56.0
3.35000, 64.0
3.35500, 75.0
3.36000, 71.0
3.36500, 70.0
3.37000, 47.0
3.37500, 54.0
3.38000, 71.0
3.38500, 60.0
3.39000, 54.0
3.39500, 68.0
3.40000, 67.0
3.40500, 59.0
3.41000, 62.0
3.41500, 66.0
3.42000, 64.0
3.42500, 57.0
3.43000, 66.0
3.43500, 61.0
3.44000, 54.0
3.44500, 61.0
3.45000, 71.0
3.45500, 60.0
3.46000, 63.0
3.46500, 66.0
3.47000, 63.0
3.47500, 78.0
3.48000, 82.0
3.48500, 79.0
3.49000, 76.0
3.49500, 60.0
3.50000, 59.0
3.50500, 61.0
3.51000, 60.0
3.51500, 62.0
3.52000, 62.0
3.52500, 59.0
3.53000, 64.0
3.53500, 48.0
3.54000, 69.0
3.54500, 57.0
3.55000, 58.0
3.55500, 52.0
3.56000, 39.0
3.56500, 49.0
3.57000, 67.0
3.57500, 49.0
3.58000, 55.0
3.58500, 53.0
3.59000, 65.0
3.59500, 57.0
3.60000, 50.0
3.60500, 50.0
3.61000, 57.0
3.61500, 46.0
3.62000, 59.0
3.62500, 60.0
3.63000, 61.0
3.63500, 65.0
3.64000, 58.0
3.64500, 57.0
3.65000, 54.0
3.65500, 57.0
3.66000, 44.0
3.66500, 53.0
3.67000, 64.0
3.67500, 52.0
3.68000, 56.0
3.68500, 56.0
3.69000, 59.0
3.69500, 48.0
3.70000, 26.0
3.70500, 51.0
3.71000, 63.0
3.71500, 53.0
3.72000, 55.0
3.72500, 59.0
3.73000, 57.0
3.73500, 51.0
3.74000, 55.0
3.74500, 51.0
3.75000, 51.0
3.75500, 50.0
3.76000, 52.0
3.76500, 45.0
3.77000, 48.0
3.77500, 57.0
3.78000, 54.0
3.78500, 42.0
3.79000, 40.0
3.79500, 57.0
3.80000, 53.0
3.80500, 40.0
3.81000, 48.0
3.81500, 61.0
3.82000, 63.0
3.82500, 57.0
3.83000, 57.0
3.83500, 47.0
3.84000, 50.0
3.84500, 45.0
3.85000, 43.0
3.85500, 45.0
3.86000, 55.0
3.86500, 44.0
3.87000, 52.0
3.87500, 50.0
3.88000, 53.0
3.88500, 53.0
3.89000, 57.0
3.89500, 54.0
3.90000, 41.0
3.90500, 39.0
3.91000, 49.0
3.91500, 52.0
3.92000, 49.0
3.92500, 57.0
3.93000, 52.0
3.93500, 43.0
3.94000, 49.0
3.94500, 47.0
3.95000, 55.0
3.95500, 40.0
3.96000, 53.0
3.96500, 44.0
3.97000, 50.0
3.97500, 47.0
3.98000, 52.0
3.98500, 44.0
3.99000, 41.0
3.99500, 48.0
4.00000, 46.0
4.00500, 45.0
4.01000, 49.0
4.01500, 57.0
4.02000, 39.0
4.02500, 48.0
4.03000, 45.0
4.03500, 47.0
4.04000, 54.0
4.04500, 52.0
4.05000, 48.0
4.05500, 53.0
4.06000, 39.0
4.06500, 55.0
4.07000, 47.0
4.07500, 48.0
4.08000, 42.0
4.08500, 58.0
4.09000, 47.0
4.09500, 41.0
4.10000, 37.0
4.10500, 40.0
4.11000, 65.0
4.11500, 55.0
4.12000, 49.0
4.12500, 57.0
4.13000, 48.0
4.13500, 52.0
4.14000, 52.0
4.14500, 48.0
4.15000, 44.0
4.15500, 40.0
4.16000, 43.0
4.16500, 50.0
4.17000, 44.0
4.17500, 41.0
4.18000, 45.0
4.18500, 37.0
4.19000, 40.0
4.19500, 44.0
4.20000, 39.0
4.20500, 61.0
4.21000, 49.0
4.21500, 47.0
4.22000, 55.0
4.22500, 47.0
4.23000, 50.0
4.23500, 43.0
4.24000, 42.0
4.24500, 52.0
4.25000, 35.0
4.25500, 37.0
4.26000, 43.0
4.26500, 44.0
4.27000, 32.0
4.27500, 53.0
4.28000, 38.0
4.28500, 38.0
4.29000, 41.0
4.29500, 39.0
4.30000, 36.0
4.30500, 49.0
4.31000, 45.0
4.31500, 48.0
4.32000, 46.0
4.32500, 45.0
4.33000, 43.0
4.33500, 44.0
4.34000, 44.0
4.34500, 46.0
4.35000, 33.0
4.35500, 36.0
4.36000, 34.0
4.36500, 37.0
4.37000, 35.0
4.37500, 45.0
4.38000, 32.0
4.38500, 36.0
4.39000, 36.0
4.39500, 40.0
4.40000, 41.0
4.40500, 43.0
4.41000, 45.0
4.41500, 34.0
4.42000, 35.0
4.42500, 40.0
4.43000, 42.0
4.43500, 43.0
4.44000, 43.0
4.44500, 40.0
4.45000, 38.0
4.45500, 37.0
4.46000, 39.0
4.46500, 34.0
4.47000, 42.0
4.47500, 40.0
4.48000, 30.0
4.48500, 38.0
4.49000, 42.0
4.49500, 43.0
4.50000, 37.0
4.50500, 41.0
4.51000, 43.0
4.51500, 40.0
4.52000, 37.0
4.52500, 50.0
4.53000, 47.0
4.53500, 41.0
4.54000, 48.0
4.54500, 33.0
4.55000, 44.0
4.55500, 30.0
4.56000, 37.0
4.56500, 42.0
4.57000, 39.0
4.57500, 29.0
4.58000, 36.0
4.58500, 37.0
4.59000, 36.0
4.59500, 31.0
4.60000, 40.0
4.60500, 48.0
4.61000, 42.0
4.61500, 43.0
4.62000, 40.0
4.62500, 34.0
4.63000, 43.0
4.63500, 39.0
4.64000, 42.0
4.64500, 39.0
4.65000, 45.0
4.65500, 39.0
4.66000, 43.0
4.66500, 42.0
4.67000, 37.0
4.67500, 30.0
4.68000, 34.0
4.68500, 25.0
4.69000, 33.0
4.69500, 39.0
4.70000, 35.0
4.70500, 32.0
4.71000, 29.0
4.71500, 40.0
4.72000, 46.0
4.72500, 35.0
4.73000, 37.0
4.73500, 38.0
4.74000, 39.0
4.74500, 34.0
4.75000, 31.0
4.75500, 27.0
4.76000, 38.0
4.76500, 30.0
4.77000, 33.0
4.77500, 35.0
4.78000, 33.0
4.78500, 38.0
4.79000, 33.0
4.79500, 31.0
4.80000, 34.0
4.80500, 42.0
4.81000, 35.0
4.81500, 24.0
4.82000, 27.0
4.82500, 28.0
4.83000, 33.0
4.83500, 27.0
4.84000, 25.0
4.84500, 31.0
4.85000, 29.0
4.85500, 34.0
4.86000, 26.0
4.86500, 28.0
4.87000, 22.0
4.87500, 42.0
4.88000, 28.0
4.88500, 26.0
4.89000, 27.0
4.89500, 39.0
4.90000, 31.0
4.90500, 33.0
4.91000, 35.0
4.91500, 38.0
4.92000, 33.0
4.92500, 17.0
4.93000, 33.0
4.93500, 34.0
4.94000, 28.0
4.94500, 19.0
4.95000, 40.0
4.95500, 38.0
4.96000, 34.0
4.96500, 28.0
4.97000, 34.0
4.97500, 35.0
4.98000, 41.0
4.98500, 28.0
4.99000, 32.0
4.99500, 47.0
5.00000, 34.0
5.00500, 40.0
5.01000, 29.0
5.01500, 28.0
5.02000, 23.0
5.02500, 28.0
5.03000, 27.0
5.03500, 33.0
5.04000, 23.0
5.04500, 35.0
5.05000, 40.0
5.05500, 33.0
5.06000, 27.0
5.06500, 37.0
5.07000, 39.0
5.07500, 32.0
5.08000, 32.0
5.08500, 42.0
5.09000, 33.0
5.09500, 30.0
5.10000, 26.0
5.10500, 30.0
5.11000, 23.0
5.11500, 34.0
5.12000, 38.0
5.12500, 23.0
5.13000, 23.0
5.13500, 29.0
5.14000, 28.0
5.14500, 34.0
5.15000, 26.0
5.15500, 23.0
5.16000, 35.0
5.16500, 28.0
5.17000, 30.0
5.17500, 23.0
5.18000, 27.0
5.18500, 37.0
5.19000, 38.0
5.19500, 24.0
5.20000, 32.0
5.20500, 38.0
5.21000, 29.0
5.21500, 24.0
5.22000, 28.0
5.22500, 34.0
5.23000, 39.0
5.23500, 23.0
5.24000, 36.0
5.24500, 27.0
5.25000, 19.0
5.25500, 31.0
5.26000, 33.0
5.26500, 25.0
5.27000, 24.0
5.27500, 28.0
5.28000, 35.0
5.28500, 32.0
5.29000, 27.0
5.29500, 33.0
5.30000, 34.0
5.30500, 28.0
5.31000, 18.0
5.31500, 29.0
5.32000, 26.0
5.32500, 20.0
5.33000, 23.0
5.33500, 34.0
5.34000, 24.0
5.34500, 24.0
5.35000, 38.0
5.35500, 36.0
5.36000, 32.0
5.36500, 33.0
5.37000, 26.0
5.37500, 25.0
5.38000, 19.0
5.38500, 27.0
5.39000, 22.0
5.39500, 30.0
5.40000, 20.0
5.40500, 29.0
5.41000, 31.0
5.41500, 29.0
5.42000, 20.0
5.42500, 37.0
5.43000, 28.0
5.43500, 28.0
5.44000, 31.0
5.44500, 31.0
5.45000, 25.0
5.45500, 26.0
5.46000, 23.0
5.46500, 31.0
5.47000, 25.0
5.47500, 26.0
5.48000, 23.0
5.48500, 25.0
5.49000, 24.0
5.49500, 25.0
5.50000, 28.0
5.50500, 21.0
5.51000, 25.0
5.51500, 27.0
5.52000, 26.0
5.52500, 21.0
5.53000, 22.0
5.53500, 27.0
5.54000, 22.0
5.54500, 15.0
5.55000, 23.0
5.55500, 21.0
5.56000, 29.0
5.56500, 28.0
5.57000, 23.0
5.57500, 27.0
5.58000, 34.0
5.58500, 22.0
5.59000, 31.0
5.59500, 22.0
5.60000, 30.0
5.60500, 32.0
5.61000, 28.0
5.61500, 37.0
5.62000, 13.0
5.62500, 25.0
5.63000, 22.0
5.63500, 27.0
5.64000, 24.0
5.64500, 27.0
5.65000, 17.0
5.65500, 19.0
5.66000, 25.0
5.66500, 25.0
5.67000, 33.0
5.67500, 30.0
5.68000, 20.0
5.68500, 28.0
5.69000, 26.0
5.69500, 15.0
5.70000, 21.0
5.70500, 21.0
5.71000, 26.0
5.71500, 22.0
5.72000, 23.0
5.72500, 22.0
5.73000, 23.0
5.73500, 21.0
5.74000, 25.0
5.74500, 29.0
5.75000, 24.0
5.75500, 24.0
5.76000, 24.0
5.76500, 22.0
5.77000, 24.0
5.77500, 14.0
5.78000, 19.0
5.78500, 17.0
5.79000, 30.0
5.79500, 14.0
5.80000, 23.0
5.80500, 18.0
5.81000, 25.0
5.81500, 22.0
5.82000, 25.0
5.82500, 20.0
5.83000, 20.0
5.83500, 23.0
5.84000, 26.0
5.84500, 24.0
5.85000, 24.0
5.85500, 30.0
5.86000, 26.0
5.86500, 17.0
5.87000, 14.0
5.87500, 21.0
5.88000, 17.0
5.88500, 17.0
5.89000, 21.0
5.89500, 20.0
5.90000, 19.0
5.90500, 20.0
5.91000, 36.0
5.91500, 16.0
5.92000, 19.0
5.92500, 17.0
5.93000, 24.0
5.93500, 25.0
5.94000, 33.0
5.94500, 27.0
5.95000, 11.0
5.95500, 24.0
5.96000, 19.0
5.96500, 22.0
5.97000, 21.0
5.97500, 24.0
5.98000, 26.0
5.98500, 26.0
5.99000, 28.0
5.99500, 15.0
6.00000, 20.0
6.00500, 24.0
6.01000, 25.0
6.01500, 21.0
6.02000, 27.0
6.02500, 27.0
6.03000, 19.0
6.03500, 24.0
6.04000, 23.0
6.04500, 15.0
6.05000, 13.0
6.05500, 21.0
6.06000, 23.0
6.06500, 31.0
6.07000, 26.0
6.07500, 25.0
6.08000, 24.0
6.08500, 18.0
6.09000, 17.0
6.09500, 13.0
6.10000, 25.0
6.10500, 23.0
6.11000, 15.0
6.11500, 17.0
6.12000, 24.0
6.12500, 24.0
6.13000, 23.0
6.13500, 18.0
6.14000, 18.0
6.14500, 25.0
6.15000, 26.0
6.15500, 31.0
6.16000, 15.0
6.16500, 29.0
6.17000, 21.0
6.17500, 19.0
6.18000, 19.0
6.18500, 23.0
6.19000, 24.0
6.19500, 16.0
6.20000, 19.0
6.20500, 20.0
6.21000, 18.0
6.21500, 16.0
6.22000, 14.0
6.22500, 18.0
6.23000, 16.0
6.23500, 19.0
6.24000, 20.0
6.24500, 23.0
6.25000, 25.0
6.25500, 17.0
6.26000, 31.0
6.26500, 19.0
6.27000, 18.0
6.27500, 24.0
6.28000, 19.0
6.28500, 21.0
6.29000, 21.0
6.29500, 27.0
6.30000, 29.0
6.30500, 19.0
6.31000, 20.0
6.31500, 22.0
6.32000, 18.0
6.32500, 13.0
6.33000, 21.0
6.33500, 16.0
6.34000, 14.0
6.34500, 20.0
6.35000, 18.0
6.35500, 13.0
6.36000, 16.0
6.36500, 18.0
6.37000, 16.0
6.37500, 24.0
6.38000, 26.0
6.38500, 25.0
6.39000, 16.0
6.39500, 20.0
6.40000, 14.0
6.40500, 16.0
6.41000, 21.0
6.41500, 15.0
6.42000, 15.0
6.42500, 28.0
6.43000, 20.0
6.43500, 24.0
6.44000, 28.0
6.44500, 28.0
6.45000, 9.0
6.45500, 16.0
6.46000, 16.0
6.46500, 13.0
6.47000, 15.0
6.47500, 19.0
6.48000, 19.0
6.48500, 16.0
6.49000, 15.0
6.49500, 15.0
6.50000, 13.0
6.50500, 18.0
6.51000, 17.0
6.51500, 18.0
6.52000, 22.0
6.52500, 23.0
6.53000, 10.0
6.53500, 23.0
6.54000, 13.0
6.54500, 25.0
6.55000, 18.0
6.55500, 12.0
6.56000, 21.0
6.56500, 16.0
6.57000, 21.0
6.57500, 11.0
6.58000, 18.0
6.58500, 19.0
6.59000, 12.0
6.59500, 15.0
6.60000, 18.0
6.60500, 14.0
6.61000, 27.0
6.61500, 20.0
6.62000, 24.0
6.62500, 19.0
6.63000, 18.0
6.63500, 14.0
6.64000, 20.0
6.64500, 17.0
6.65000, 20.0
6.65500, 18.0
6.66000, 15.0
6.66500, 15.0
6.67000, 21.0
6.67500, 23.0
6.68000, 12.0
6.68500, 10.0
6.69000, 22.0
6.69500, 14.0
6.70000, 24.0
6.70500, 18.0
6.71000, 22.0
6.71500, 10.0
6.72000, 22.0
6.72500, 21.0
6.73000, 13.0
6.73500, 17.0
6.74000, 18.0
6.74500, 19.0
6.75000, 14.0
6.75500, 17.0
6.76000, 12.0
6.76500, 13.0
6.77000, 16.0
6.77500, 19.0
6.78000, 12.0
6.78500, 15.0
6.79000, 19.0
6.79500, 15.0
6.80000, 12.0
6.80500, 13.0
6.81000, 15.0
6.81500, 14.0
6.82000, 14.0
6.82500, 20.0
6.83000, 16.0
6.83500, 19.0
6.84000, 21.0
6.84500, 15.0
6.85000, 14.0
6.85500, 14.0
6.86000, 21.0
6.86500, 16.0
6.87000, 13.0
6.87500, 15.0
6.88000, 18.0
6.88500, 23.0
6.89000, 20.0
6.89500, 16.0
6.90000, 23.0
6.90500, 20.0
6.91000, 18.0
6.91500, 11.0
6.92000, 15.0
6.92500, 20.0
6.93000, 12.0
6.93500, 15.0
6.94000, 15.0
6.94500, 13.0
6.95000, 15.0
6.95500, 18.0
6.96000, 18.0
6.96500, 13.0
6.97000, 13.0
6.97500, 15.0
6.98000, 21.0
6.98500, 13.0
6.99000, 11.0
6.99500, 13.0
7.00000, 14.0
7.00500, 6.0
7.01000, 14.0
7.01500, 12.0
7.02000, 9.0
7.02500, 9.0
7.03000, 17.0
7.03500, 19.0
7.04000, 16.0
7.04500, 13.0
7.05000, 16.0
7.05500, 13.0
7.06000, 18.0
7.06500, 15.0
7.07000, 18.0
7.07500, 19.0
7.08000, 11.0
7.08500, 15.0
7.09000, 16.0
7.09500, 14.0
7.10000, 18.0
7.10500, 12.0
7.11000, 15.0
7.11500, 16.0
7.12000, 16.0
7.12500, 17.0
7.13000, 22.0
7.13500, 13.0
7.14000, 11.0
7.14500, 14.0
7.15000, 13.0
7.15500, 13.0
7.16000, 19.0
7.16500, 22.0
7.17000, 12.0
7.17500, 8.0
7.18000, 16.0
7.18500, 8.0
7.19000, 15.0
7.19500, 20.0
7.20000, 12.0
7.20500, 10.0
7.21000, 10.0
7.21500, 12.0
7.22000, 14.0
7.22500, 7.0
7.23000, 18.0
7.23500, 11.0
7.24000, 15.0
7.24500, 7.0
7.25000, 19.0
7.25500, 13.0
7.26000, 9.0
7.26500, 10.0
7.27000, 12.0
7.27500, 10.0
7.28000, 4.0
7.28500, 9.0
7.29000, 12.0
7.29500, 20.0
7.30000, 15.0
7.30500, 9.0
7.31000, 15.0
7.31500, 17.0
7.32000, 15.0
7.32500, 13.0
7.33000, 13.0
7.33500, 17.0
7.34000, 7.0
7.34500, 15.0
7.35000, 13.0
7.35500, 15.0
7.36000, 15.0
7.36500, 11.0
7.37000, 18.0
7.37500, 14.0
7.38000, 10.0
7.38500, 12.0
7.39000, 9.0
7.39500, 19.0
7.40000, 12.0
7.40500, 10.0
7.41000, 14.0
7.41500, 7.0
7.42000, 12.0
7.42500, 15.0
7.43000, 6.0
7.43500, 12.0
7.44000, 15.0
7.44500, 5.0
7.45000, 11.0
7.45500, 16.0
7.46000, 16.0
7.46500, 9.0
7.47000, 7.0
7.47500, 5.0
7.48000, 8.0
7.48500, 14.0
7.49000, 14.0
7.49500, 13.0
7.50000, 12.0
7.50500, 12.0
7.51000, 17.0
7.51500, 7.0
7.52000, 15.0
7.52500, 11.0
7.53000, 10.0
7.53500, 7.0
7.54000, 14.0
7.54500, 14.0
7.55000, 17.0
7.55500, 10.0
7.56000, 7.0
7.56500, 7.0
7.57000, 11.0
7.57500, 9.0
7.58000, 17.0
7.58500, 15.0
7.59000, 9.0
7.59500, 10.0
7.60000, 10.0
7.60500, 5.0
7.61000, 11.0
7.61500, 6.0
7.62000, 8.0
7.62500, 11.0
7.63000, 10.0
7.63500, 7.0
7.64000, 12.0
7.64500, 13.0
7.65000, 18.0
7.65500, 8.0
7.66000, 9.0
7.66500, 5.0
7.67000, 9.0
7.67500, 8.0
7.68000, 12.0
7.68500, 11.0
7.69000, 12.0
7.69500, 14.0
7.70000, 12.0
7.70500, 10.0
7.71000, 15.0
7.71500, 17.0
7.72000, 6.0
7.72500, 11.0
7.73000, 6.0
7.73500, 9.0
7.74000, 18.0
7.74500, 6.0
7.75000, 6.0
7.75500, 11.0
7.76000, 8.0
7.76500, 11.0
7.77000, 13.0
7.77500, 12.0
7.78000, 12.0
7.78500, 15.0
7.79000, 11.0
7.79500, 12.0
7.80000, 12.0
7.80500, 9.0
7.81000, 16.0
7.81500, 10.0
7.82000, 11.0
7.82500, 16.0
7.83000, 15.0
7.83500, 10.0
7.84000, 8.0
7.84500, 11.0
7.85000, 8.0
7.85500, 10.0
7.86000, 6.0
7.86500, 11.0
7.87000, 13.0
7.87500, 16.0
7.88000, 6.0
7.88500, 15.0
7.89000, 10.0
7.89500, 11.0
7.90000, 10.0
7.90500, 15.0
7.91000, 14.0
7.91500, 16.0
7.92000, 10.0
7.92500, 8.0
7.93000, 10.0
7.93500, 5.0
7.94000, 14.0
7.94500, 8.0
7.95000, 6.0
7.95500, 7.0
7.96000, 6.0
7.96500, 11.0
7.97000, 8.0
7.97500, 10.0
7.98000, 9.0
7.98500, 12.0
7.99000, 3.0
7.99500, 7.0
8.00000, 7.0
8.00500, 7.0
8.01000, 11.0
8.01500, 12.0
8.02000, 8.0
8.02500, 17.0
8.03000, 6.0
8.03500, 13.0
8.04000, 3.0
8.04500, 7.0
8.05000, 13.0
8.05500, 13.0
8.06000, 7.0
8.06500, 11.0
8.07000, 14.0
8.07500, 8.0
8.08000, 6.0
8.08500, 19.0
8.09000, 11.0
8.09500, 15.0
8.10000, 12.0
8.10500, 4.0
8.11000, 8.0
8.11500, 9.0
8.12000, 6.0
8.12500, 12.0
8.13000, 14.0
8.13500, 14.0
8.14000, 6.0
8.14500, 4.0
8.15000, 15.0
8.15500, 12.0
8.16000, 10.0
8.16500, 9.0
8.17000, 11.0
8.17500, 12.0
8.18000, 8.0
8.18500, 11.0
8.19000, 7.0
8.19500, 5.0
8.20000, 10.0
8.20500, 7.0
8.21000, 9.0
8.21500, 5.0
8.22000, 13.0
8.22500, 14.0
8.23000, 14.0
8.23500, 11.0
8.24000, 8.0
8.24500, 11.0
8.25000, 9.0
8.25500, 11.0
8.26000, 10.0
8.26500, 9.0
8.27000, 9.0
8.27500, 9.0
8.28000, 7.0
8.28500, 8.0
8.29000, 11.0
8.29500, 6.0
8.30000, 6.0
8.30500, 7.0
8.31000, 9.0
8.31500, 6.0
8.32000, 6.0
8.32500, 9.0
8.33000, 9.0
8.33500, 5.0
8.34000, 7.0
8.34500, 10.0
8.35000, 2.0
8.35500, 7.0
8.36000, 10.0
8.36500, 9.0
8.37000, 6.0
8.37500, 8.0
8.38000, 11.0
8.38500, 4.0
8.39000, 9.0
8.39500, 8.0
8.40000, 4.0
8.40500, 9.0
8.41000, 12.0
8.41500, 5.0
8.42000, 7.0
8.42500, 5.0
8.43000, 6.0
8.43500, 5.0
8.44000, 6.0
8.44500, 3.0
8.45000, 9.0
8.45500, 5.0
8.46000, 4.0
8.46500, 10.0
8.47000, 5.0
8.47500, 6.0
8.48000, 7.0
8.48500, 7.0
8.49000, 10.0
8.49500, 7.0
8.50000, 6.0
8.50500, 9.0
8.51000, 12.0
8.51500, 6.0
8.52000, 8.0
8.52500, 8.0
8.53000, 7.0
8.53500, 4.0
8.54000, 12.0
8.54500, 5.0
8.55000, 13.0
8.55500, 5.0
8.56000, 9.0
8.56500, 11.0
8.57000, 13.0
8.57500, 8.0
8.58000, 10.0
8.58500, 8.0
8.59000, 5.0
8.59500, 4.0
8.60000, 6.0
8.60500, 6.0
8.61000, 5.0
8.61500, 8.0
8.62000, 9.0
8.62500, 8.0
8.63000, 12.0
8.63500, 13.0
8.64000, 9.0
8.64500, 7.0
8.65000, 10.0
8.65500, 7.0
8.66000, 3.0
8.66500, 5.0
8.67000, 9.0
8.67500, 10.0
8.68000, 7.0
8.68500, 10.0
8.69000, 7.0
8.69500, 9.0
8.70000, 7.0
8.70500, 5.0
8.71000, 6.0
8.71500, 4.0
8.72000, 7.0
8.72500, 4.0
8.73000, 8.0
8.73500, 7.0
8.74000, 9.0
8.74500, 10.0
8.75000, 8.0
8.75500, 5.0
8.76000, 11.0
8.76500, 7.0
8.77000, 7.0
8.77500, 4.0
8.78000, 2.0
8.78500, 6.0
8.79000, 10.0
8.79500, 4.0
8.80000, 10.0
8.80500, 9.0
8.81000, 3.0
8.81500, 5.0
8.82000, 5.0
8.82500, 7.0
8.83000, 10.0
8.83500, 8.0
8.84000, 6.0
8.84500, 7.0
8.85000, 10.0
8.85500, 6.0
8.86000, 5.0
8.86500, 12.0
8.87000, 5.0
8.87500, 5.0
8.88000, 4.0
8.88500, 9.0
8.89000, 2.0
8.89500, 4.0
8.90000, 9.0
8.90500, 6.0
8.91000, 7.0
8.91500, 5.0
8.92000, 6.0
8.92500, 2.0
8.93000, 6.0
8.93500, 7.0
8.94000, 8.0
8.94500, 4.0
8.95000, 6.0
8.95500, 5.0
8.96000, 10.0
8.96500, 2.0
8.97000, 4.0
8.97500, 9.0
8.98000, 8.0
8.98500, 5.0
8.99000, 6.0
8.99500, 3.0
9.00000, 4.0
9.00500, 5.0
9.01000, 3.0
9.01500, 5.0
9.02000, 6.0
9.02500, 10.0
9.03000, 4.0
9.03500, 7.0
9.04000, 9.0
9.04500, 8.0
9.05000, 4.0
9.05500, 10.0
9.06000, 10.0
9.06500, 11.0
9.07000, 10.0
9.07500, 3.0
9.08000, 7.0
9.08500, 8.0
9.09000, 7.0
9.09500, 7.0
9.10000, 7.0
9.10500, 8.0
9.11000, 9.0
9.11500, 6.0
9.12000, 3.0
9.12500, 6.0
9.13000, 4.0
9.13500, 5.0
9.14000, 5.0
9.14500, 5.0
9.15000, 13.0
9.15500, 6.0
9.16000, 7.0
9.16500, 6.0
9.17000, 8.0
9.17500, 5.0
9.18000, 5.0
9.18500, 4.0
9.19000, 4.0
9.19500, 1.0
9.20000, 2.0
9.20500, 6.0
9.21000, 1.0
9.21500, 8.0
9.22000, 5.0
9.22500, 3.0
9.23000, 3.0
9.23500, 10.0
9.24000, 4.0
9.24500, 2.0
9.25000, 7.0
9.25500, 4.0
9.26000, 4.0
9.26500, 2.0
9.27000, 1.0
9.27500, 4.0
9.28000, 1.0
9.28500, 4.0
9.29000, 2.0
9.29500, 3.0
9.30000, 7.0
9.30500, 6.0
9.31000, 5.0
9.31500, 3.0
9.32000, 2.0
9.32500, 8.0
9.33000, 8.0
9.33500, 3.0
9.34000, 6.0
9.34500, 4.0
9.35000, 3.0
9.35500, 2.0
9.36000, 3.0
9.36500, 8.0
9.37000, 6.0
9.37500, 5.0
9.38000, 3.0
9.38500, 7.0
9.39000, 5.0
9.39500, 7.0
9.40000, 3.0
9.40500, 2.0
9.41000, 2.0
9.41500, 3.0
9.42000, 9.0
9.42500, 3.0
9.43000, 7.0
9.43500, 2.0
9.44000, 6.0
9.44500, 6.0
9.45000, 5.0
9.45500, 3.0
9.46000, 4.0
9.46500, 5.0
9.47000, 3.0
9.47500, 5.0
9.48000, 2.0
9.48500, 7.0
9.49000, 5.0
9.49500, 3.0
9.50000, 5.0
9.50500, 3.0
9.51000, 2.0
9.51500, 4.0
9.52000, 2.0
9.52500, 4.0
9.53000, 3.0
9.53500, 7.0
9.54000, 3.0
9.54500, 0.0
9.55000, 3.0
9.55500, 5.0
9.56000, 2.0
9.56500, 3.0
9.57000, 2.0
9.57500, 3.0
9.58000, 7.0
9.58500, 3.0
9.59000, 4.0
9.59500, 5.0
9.60000, 5.0
9.60500, 4.0
9.61000, 2.0
9.61500, 1.0
9.62000, 4.0
9.62500, 5.0
9.63000, 2.0
9.63500, 4.0
9.64000, 2.0
9.64500, 3.0
9.65000, 7.0
9.65500, 2.0
9.66000, 1.0
9.66500, 4.0
9.67000, 1.0
9.67500, 4.0
9.68000, 2.0
9.68500, 1.0
9.69000, 3.0
9.69500, 5.0
9.70000, 5.0
9.70500, 3.0
9.71000, 3.0
9.71500, 1.0
9.72000, 3.0
9.72500, 4.0
9.73000, 1.0
9.73500, 6.0
9.74000, 2.0
9.74500, 4.0
9.75000, 2.0
9.75500, 0.0
9.76000, 1.0
9.76500, 6.0
9.77000, 4.0
9.77500, 2.0
9.78000, 3.0
9.78500, 3.0
9.79000, 0.0
9.79500, 4.0
9.80000, 3.0
9.80500, 4.0
9.81000, 0.0
9.81500, 3.0
9.82000, 4.0
9.82500, 2.0
9.83000, 2.0
9.83500, 3.0
9.84000, 3.0
9.84500, 3.0
9.85000, 3.0
9.85500, 5.0
9.86000, 5.0
9.86500, 2.0
9.87000, 1.0
9.87500, 2.0
9.88000, 6.0
9.88500, 2.0
9.89000, 2.0
9.89500, 1.0
9.90000, 2.0
9.90500, 2.0
9.91000, 4.0
9.91500, 2.0
9.92000, 6.0
9.92500, 1.0
9.93000, 1.0
9.93500, 1.0
9.94000, 2.0
9.94500, 2.0
9.95000, 1.0
9.95500, 1.0
9.96000, 1.0
9.96500, 3.0
9.97000, 0.0
9.97500, 3.0
9.98000, 3.0
9.98500, 3.0
9.99000, 0.0
9.99500, 1.0
10.00000, 0.0
10.00500, 0.0
10.01000, 1.0
10.01500, 0.0
10.02000, 3.0
10.02500, 2.0
10.03000, 2.0
10.03500, 0.0
10.04000, 2.0
10.04500, 0.0
10.05000, 0.0
10.05500, 0.0
10.06000, 0.0
10.06500, 1.0
10.07000, 0.0
10.07500, 0.0
10.08000, 0.0
10.08500, 0.0
10.09000, 0.0
10.09500, 0.0
10.10000, 0.0
10.10500, 1.0
10.11000, 0.0
10.11500, 1.0
10.12000, 0.0
10.12500, 0.0
10.13000, 0.0
10.13500, 0.0
#ENDOFDATA   : 
