#FORMAT      : EMSA/MAS Spectral Data File
#VERSION     : 1.0
#TITLE       : 20250425_10K_N10_area2_1
#DATE        : 24-APR-2025
#TIME        : 10:07
#OWNER       : 
#NPOINTS     : 2048.0
#NCOLUMNS    : 1.0
#XUNITS      : keV
#YUNITS      : counts
#DATATYPE    : XY
#XPERCHAN    : 0.005
#OFFSET      : -0.1
#SIGNALTYPE  : EDS
#CHOFFSET    : 20.0
#LIVETIME    : 60.003505707
#REALTIME    : 61.772174835
#BEAMKV      : 10.0
#MAGCAM      : 1700.0
#XTILTSTGE   : 0.0
#AZIMANGLE   : 0.0
#ELEVANGLE   : 29.0
#XPOSITION mm: -0.7575
#YPOSITION mm: 0.5895
#ZPOSITION mm: 13.5530
##OXINSTPT   : 2
##OXINSTSTROB: 67.55
#SPECTRUM    : Spectral Data Starts Here
-0.10000, 0.0
-0.09500, 0.0
-0.09000, 0.0
-0.08500, 0.0
-0.08000, 1.0
-0.07500, 0.0
-0.07000, 2.0
-0.06500, 4.0
-0.06000, 2.0
-0.05500, 10.0
-0.05000, 20.0
-0.04500, 14.0
-0.04000, 23.0
-0.03500, 36.0
-0.03000, 76.0
-0.02500, 105.0
-0.02000, 155.0
-0.01500, 178.0
-0.01000, 250.0
-0.00500, 326.0
0.00000, 392.0
0.00500, 483.0
0.01000, 588.0
0.01500, 662.0
0.02000, 748.0
0.02500, 857.0
0.03000, 950.0
0.03500, 1017.0
0.04000, 1059.0
0.04500, 1051.0
0.05000, 1054.0
0.05500, 1046.0
0.06000, 965.0
0.06500, 933.0
0.07000, 856.0
0.07500, 777.0
0.08000, 654.0
0.08500, 540.0
0.09000, 482.0
0.09500, 417.0
0.10000, 346.0
0.10500, 255.0
0.11000, 222.0
0.11500, 173.0
0.12000, 181.0
0.12500, 174.0
0.13000, 145.0
0.13500, 147.0
0.14000, 141.0
0.14500, 187.0
0.15000, 178.0
0.15500, 192.0
0.16000, 209.0
0.16500, 200.0
0.17000, 191.0
0.17500, 214.0
0.18000, 192.0
0.18500, 181.0
0.19000, 186.0
0.19500, 174.0
0.20000, 173.0
0.20500, 181.0
0.21000, 164.0
0.21500, 153.0
0.22000, 149.0
0.22500, 160.0
0.23000, 143.0
0.23500, 145.0
0.24000, 158.0
0.24500, 153.0
0.25000, 148.0
0.25500, 175.0
0.26000, 161.0
0.26500, 172.0
0.27000, 168.0
0.27500, 161.0
0.28000, 163.0
0.28500, 159.0
0.29000, 134.0
0.29500, 127.0
0.30000, 123.0
0.30500, 114.0
0.31000, 111.0
0.31500, 101.0
0.32000, 79.0
0.32500, 92.0
0.33000, 91.0
0.33500, 78.0
0.34000, 67.0
0.34500, 80.0
0.35000, 82.0
0.35500, 79.0
0.36000, 88.0
0.36500, 76.0
0.37000, 78.0
0.37500, 78.0
0.38000, 102.0
0.38500, 98.0
0.39000, 91.0
0.39500, 118.0
0.40000, 124.0
0.40500, 131.0
0.41000, 144.0
0.41500, 152.0
0.42000, 186.0
0.42500, 214.0
0.43000, 254.0
0.43500, 304.0
0.44000, 394.0
0.44500, 503.0
0.45000, 573.0
0.45500, 728.0
0.46000, 946.0
0.46500, 1186.0
0.47000, 1455.0
0.47500, 1773.0
0.48000, 2097.0
0.48500, 2422.0
0.49000, 2902.0
0.49500, 3279.0
0.50000, 3610.0
0.50500, 3943.0
0.51000, 4201.0
0.51500, 4255.0
0.52000, 4427.0
0.52500, 4437.0
0.53000, 4348.0
0.53500, 4084.0
0.54000, 3868.0
0.54500, 3481.0
0.55000, 3190.0
0.55500, 2771.0
0.56000, 2402.0
0.56500, 1990.0
0.57000, 1604.0
0.57500, 1315.0
0.58000, 1078.0
0.58500, 841.0
0.59000, 598.0
0.59500, 462.0
0.60000, 382.0
0.60500, 297.0
0.61000, 235.0
0.61500, 169.0
0.62000, 169.0
0.62500, 129.0
0.63000, 108.0
0.63500, 119.0
0.64000, 131.0
0.64500, 128.0
0.65000, 101.0
0.65500, 123.0
0.66000, 121.0
0.66500, 113.0
0.67000, 111.0
0.67500, 110.0
0.68000, 117.0
0.68500, 129.0
0.69000, 127.0
0.69500, 135.0
0.70000, 138.0
0.70500, 124.0
0.71000, 127.0
0.71500, 124.0
0.72000, 134.0
0.72500, 127.0
0.73000, 129.0
0.73500, 136.0
0.74000, 129.0
0.74500, 137.0
0.75000, 141.0
0.75500, 135.0
0.76000, 138.0
0.76500, 134.0
0.77000, 156.0
0.77500, 165.0
0.78000, 160.0
0.78500, 157.0
0.79000, 155.0
0.79500, 149.0
0.80000, 172.0
0.80500, 164.0
0.81000, 162.0
0.81500, 161.0
0.82000, 173.0
0.82500, 156.0
0.83000, 156.0
0.83500, 156.0
0.84000, 151.0
0.84500, 185.0
0.85000, 193.0
0.85500, 159.0
0.86000, 193.0
0.86500, 187.0
0.87000, 167.0
0.87500, 176.0
0.88000, 177.0
0.88500, 172.0
0.89000, 168.0
0.89500, 158.0
0.90000, 168.0
0.90500, 180.0
0.91000, 160.0
0.91500, 178.0
0.92000, 205.0
0.92500, 181.0
0.93000, 184.0
0.93500, 183.0
0.94000, 190.0
0.94500, 190.0
0.95000, 189.0
0.95500, 206.0
0.96000, 201.0
0.96500, 189.0
0.97000, 181.0
0.97500, 207.0
0.98000, 197.0
0.98500, 192.0
0.99000, 195.0
0.99500, 197.0
1.00000, 193.0
1.00500, 171.0
1.01000, 200.0
1.01500, 188.0
1.02000, 204.0
1.02500, 201.0
1.03000, 183.0
1.03500, 175.0
1.04000, 197.0
1.04500, 209.0
1.05000, 198.0
1.05500, 196.0
1.06000, 187.0
1.06500, 183.0
1.07000, 215.0
1.07500, 201.0
1.08000, 204.0
1.08500, 192.0
1.09000, 199.0
1.09500, 204.0
1.10000, 192.0
1.10500, 200.0
1.11000, 206.0
1.11500, 213.0
1.12000, 205.0
1.12500, 188.0
1.13000, 212.0
1.13500, 205.0
1.14000, 194.0
1.14500, 201.0
1.15000, 190.0
1.15500, 201.0
1.16000, 201.0
1.16500, 200.0
1.17000, 203.0
1.17500, 190.0
1.18000, 168.0
1.18500, 202.0
1.19000, 194.0
1.19500, 195.0
1.20000, 185.0
1.20500, 196.0
1.21000, 201.0
1.21500, 196.0
1.22000, 208.0
1.22500, 209.0
1.23000, 210.0
1.23500, 193.0
1.24000, 190.0
1.24500, 196.0
1.25000, 191.0
1.25500, 179.0
1.26000, 189.0
1.26500, 187.0
1.27000, 201.0
1.27500, 220.0
1.28000, 206.0
1.28500, 184.0
1.29000, 190.0
1.29500, 191.0
1.30000, 201.0
1.30500, 189.0
1.31000, 208.0
1.31500, 200.0
1.32000, 192.0
1.32500, 205.0
1.33000, 168.0
1.33500, 227.0
1.34000, 197.0
1.34500, 195.0
1.35000, 192.0
1.35500, 213.0
1.36000, 216.0
1.36500, 202.0
1.37000, 209.0
1.37500, 195.0
1.38000, 193.0
1.38500, 206.0
1.39000, 195.0
1.39500, 202.0
1.40000, 206.0
1.40500, 194.0
1.41000, 195.0
1.41500, 209.0
1.42000, 218.0
1.42500, 208.0
1.43000, 187.0
1.43500, 210.0
1.44000, 199.0
1.44500, 210.0
1.45000, 207.0
1.45500, 218.0
1.46000, 224.0
1.46500, 246.0
1.47000, 222.0
1.47500, 220.0
1.48000, 209.0
1.48500, 224.0
1.49000, 213.0
1.49500, 221.0
1.50000, 224.0
1.50500, 210.0
1.51000, 209.0
1.51500, 185.0
1.52000, 207.0
1.52500, 217.0
1.53000, 216.0
1.53500, 222.0
1.54000, 228.0
1.54500, 240.0
1.55000, 249.0
1.55500, 238.0
1.56000, 205.0
1.56500, 211.0
1.57000, 228.0
1.57500, 227.0
1.58000, 247.0
1.58500, 249.0
1.59000, 251.0
1.59500, 241.0
1.60000, 239.0
1.60500, 242.0
1.61000, 264.0
1.61500, 280.0
1.62000, 328.0
1.62500, 382.0
1.63000, 443.0
1.63500, 552.0
1.64000, 659.0
1.64500, 809.0
1.65000, 1056.0
1.65500, 1370.0
1.66000, 1641.0
1.66500, 2137.0
1.67000, 2613.0
1.67500, 3236.0
1.68000, 3822.0
1.68500, 4668.0
1.69000, 5579.0
1.69500, 6391.0
1.70000, 7427.0
1.70500, 8441.0
1.71000, 9214.0
1.71500, 10119.0
1.72000, 10851.0
1.72500, 11657.0
1.73000, 12106.0
1.73500, 12640.0
1.74000, 12760.0
1.74500, 12725.0
1.75000, 12463.0
1.75500, 12124.0
1.76000, 11606.0
1.76500, 11009.0
1.77000, 10174.0
1.77500, 9299.0
1.78000, 8545.0
1.78500, 7639.0
1.79000, 6743.0
1.79500, 5805.0
1.80000, 4951.0
1.80500, 4239.0
1.81000, 3540.0
1.81500, 2996.0
1.82000, 2506.0
1.82500, 2074.0
1.83000, 1724.0
1.83500, 1505.0
1.84000, 1296.0
1.84500, 1098.0
1.85000, 919.0
1.85500, 774.0
1.86000, 735.0
1.86500, 634.0
1.87000, 533.0
1.87500, 485.0
1.88000, 393.0
1.88500, 386.0
1.89000, 325.0
1.89500, 280.0
1.90000, 255.0
1.90500, 219.0
1.91000, 203.0
1.91500, 183.0
1.92000, 164.0
1.92500, 153.0
1.93000, 148.0
1.93500, 131.0
1.94000, 134.0
1.94500, 125.0
1.95000, 109.0
1.95500, 102.0
1.96000, 122.0
1.96500, 113.0
1.97000, 97.0
1.97500, 104.0
1.98000, 113.0
1.98500, 105.0
1.99000, 112.0
1.99500, 117.0
2.00000, 113.0
2.00500, 107.0
2.01000, 110.0
2.01500, 131.0
2.02000, 112.0
2.02500, 124.0
2.03000, 111.0
2.03500, 106.0
2.04000, 112.0
2.04500, 98.0
2.05000, 97.0
2.05500, 108.0
2.06000, 114.0
2.06500, 105.0
2.07000, 91.0
2.07500, 99.0
2.08000, 96.0
2.08500, 102.0
2.09000, 93.0
2.09500, 91.0
2.10000, 96.0
2.10500, 95.0
2.11000, 93.0
2.11500, 105.0
2.12000, 105.0
2.12500, 107.0
2.13000, 103.0
2.13500, 85.0
2.14000, 89.0
2.14500, 105.0
2.15000, 103.0
2.15500, 104.0
2.16000, 107.0
2.16500, 121.0
2.17000, 102.0
2.17500, 98.0
2.18000, 103.0
2.18500, 124.0
2.19000, 116.0
2.19500, 125.0
2.20000, 149.0
2.20500, 160.0
2.21000, 171.0
2.21500, 195.0
2.22000, 225.0
2.22500, 240.0
2.23000, 309.0
2.23500, 331.0
2.24000, 381.0
2.24500, 425.0
2.25000, 509.0
2.25500, 504.0
2.26000, 562.0
2.26500, 627.0
2.27000, 676.0
2.27500, 785.0
2.28000, 806.0
2.28500, 885.0
2.29000, 852.0
2.29500, 914.0
2.30000, 920.0
2.30500, 926.0
2.31000, 920.0
2.31500, 909.0
2.32000, 858.0
2.32500, 879.0
2.33000, 843.0
2.33500, 793.0
2.34000, 745.0
2.34500, 719.0
2.35000, 665.0
2.35500, 637.0
2.36000, 547.0
2.36500, 548.0
2.37000, 494.0
2.37500, 473.0
2.38000, 401.0
2.38500, 392.0
2.39000, 354.0
2.39500, 349.0
2.40000, 346.0
2.40500, 315.0
2.41000, 280.0
2.41500, 259.0
2.42000, 256.0
2.42500, 266.0
2.43000, 220.0
2.43500, 246.0
2.44000, 224.0
2.44500, 219.0
2.45000, 211.0
2.45500, 217.0
2.46000, 185.0
2.46500, 182.0
2.47000, 192.0
2.47500, 172.0
2.48000, 181.0
2.48500, 155.0
2.49000, 149.0
2.49500, 142.0
2.50000, 163.0
2.50500, 159.0
2.51000, 140.0
2.51500, 136.0
2.52000, 127.0
2.52500, 134.0
2.53000, 128.0
2.53500, 107.0
2.54000, 100.0
2.54500, 107.0
2.55000, 100.0
2.55500, 91.0
2.56000, 101.0
2.56500, 97.0
2.57000, 86.0
2.57500, 89.0
2.58000, 93.0
2.58500, 95.0
2.59000, 87.0
2.59500, 87.0
2.60000, 86.0
2.60500, 78.0
2.61000, 84.0
2.61500, 85.0
2.62000, 82.0
2.62500, 73.0
2.63000, 80.0
2.63500, 79.0
2.64000, 83.0
2.64500, 82.0
2.65000, 81.0
2.65500, 75.0
2.66000, 77.0
2.66500, 74.0
2.67000, 71.0
2.67500, 82.0
2.68000, 77.0
2.68500, 82.0
2.69000, 83.0
2.69500, 86.0
2.70000, 78.0
2.70500, 73.0
2.71000, 64.0
2.71500, 74.0
2.72000, 74.0
2.72500, 68.0
2.73000, 78.0
2.73500, 71.0
2.74000, 76.0
2.74500, 75.0
2.75000, 75.0
2.75500, 72.0
2.76000, 77.0
2.76500, 58.0
2.77000, 65.0
2.77500, 90.0
2.78000, 75.0
2.78500, 75.0
2.79000, 69.0
2.79500, 82.0
2.80000, 73.0
2.80500, 85.0
2.81000, 77.0
2.81500, 72.0
2.82000, 80.0
2.82500, 77.0
2.83000, 78.0
2.83500, 69.0
2.84000, 75.0
2.84500, 79.0
2.85000, 76.0
2.85500, 72.0
2.86000, 70.0
2.86500, 87.0
2.87000, 82.0
2.87500, 67.0
2.88000, 77.0
2.88500, 74.0
2.89000, 63.0
2.89500, 76.0
2.90000, 63.0
2.90500, 72.0
2.91000, 74.0
2.91500, 70.0
2.92000, 67.0
2.92500, 58.0
2.93000, 73.0
2.93500, 77.0
2.94000, 50.0
2.94500, 68.0
2.95000, 75.0
2.95500, 66.0
2.96000, 67.0
2.96500, 66.0
2.97000, 72.0
2.97500, 76.0
2.98000, 67.0
2.98500, 76.0
2.99000, 67.0
2.99500, 68.0
3.00000, 71.0
3.00500, 68.0
3.01000, 54.0
3.01500, 64.0
3.02000, 73.0
3.02500, 63.0
3.03000, 66.0
3.03500, 72.0
3.04000, 60.0
3.04500, 59.0
3.05000, 63.0
3.05500, 69.0
3.06000, 67.0
3.06500, 71.0
3.07000, 73.0
3.07500, 64.0
3.08000, 61.0
3.08500, 69.0
3.09000, 71.0
3.09500, 61.0
3.10000, 65.0
3.10500, 58.0
3.11000, 52.0
3.11500, 66.0
3.12000, 66.0
3.12500, 63.0
3.13000, 60.0
3.13500, 63.0
3.14000, 74.0
3.14500, 73.0
3.15000, 67.0
3.15500, 50.0
3.16000, 69.0
3.16500, 58.0
3.17000, 66.0
3.17500, 53.0
3.18000, 52.0
3.18500, 62.0
3.19000, 64.0
3.19500, 54.0
3.20000, 55.0
3.20500, 73.0
3.21000, 64.0
3.21500, 62.0
3.22000, 56.0
3.22500, 73.0
3.23000, 68.0
3.23500, 67.0
3.24000, 59.0
3.24500, 69.0
3.25000, 49.0
3.25500, 67.0
3.26000, 57.0
3.26500, 59.0
3.27000, 66.0
3.27500, 70.0
3.28000, 54.0
3.28500, 62.0
3.29000, 60.0
3.29500, 57.0
3.30000, 69.0
3.30500, 54.0
3.31000, 51.0
3.31500, 62.0
3.32000, 57.0
3.32500, 56.0
3.33000, 67.0
3.33500, 59.0
3.34000, 55.0
3.34500, 54.0
3.35000, 57.0
3.35500, 68.0
3.36000, 57.0
3.36500, 58.0
3.37000, 53.0
3.37500, 56.0
3.38000, 62.0
3.38500, 42.0
3.39000, 56.0
3.39500, 69.0
3.40000, 71.0
3.40500, 59.0
3.41000, 60.0
3.41500, 57.0
3.42000, 58.0
3.42500, 68.0
3.43000, 81.0
3.43500, 69.0
3.44000, 75.0
3.44500, 64.0
3.45000, 64.0
3.45500, 75.0
3.46000, 63.0
3.46500, 75.0
3.47000, 67.0
3.47500, 76.0
3.48000, 72.0
3.48500, 75.0
3.49000, 67.0
3.49500, 65.0
3.50000, 74.0
3.50500, 63.0
3.51000, 75.0
3.51500, 66.0
3.52000, 64.0
3.52500, 65.0
3.53000, 66.0
3.53500, 66.0
3.54000, 71.0
3.54500, 78.0
3.55000, 53.0
3.55500, 50.0
3.56000, 51.0
3.56500, 64.0
3.57000, 49.0
3.57500, 57.0
3.58000, 59.0
3.58500, 51.0
3.59000, 49.0
3.59500, 64.0
3.60000, 63.0
3.60500, 56.0
3.61000, 46.0
3.61500, 49.0
3.62000, 62.0
3.62500, 60.0
3.63000, 58.0
3.63500, 69.0
3.64000, 66.0
3.64500, 49.0
3.65000, 60.0
3.65500, 35.0
3.66000, 49.0
3.66500, 62.0
3.67000, 53.0
3.67500, 48.0
3.68000, 48.0
3.68500, 54.0
3.69000, 53.0
3.69500, 51.0
3.70000, 45.0
3.70500, 50.0
3.71000, 57.0
3.71500, 55.0
3.72000, 51.0
3.72500, 55.0
3.73000, 58.0
3.73500, 66.0
3.74000, 55.0
3.74500, 41.0
3.75000, 57.0
3.75500, 64.0
3.76000, 53.0
3.76500, 51.0
3.77000, 47.0
3.77500, 62.0
3.78000, 48.0
3.78500, 46.0
3.79000, 55.0
3.79500, 34.0
3.80000, 49.0
3.80500, 44.0
3.81000, 52.0
3.81500, 52.0
3.82000, 51.0
3.82500, 54.0
3.83000, 41.0
3.83500, 49.0
3.84000, 45.0
3.84500, 51.0
3.85000, 41.0
3.85500, 36.0
3.86000, 47.0
3.86500, 59.0
3.87000, 50.0
3.87500, 45.0
3.88000, 49.0
3.88500, 38.0
3.89000, 47.0
3.89500, 50.0
3.90000, 50.0
3.90500, 48.0
3.91000, 48.0
3.91500, 52.0
3.92000, 57.0
3.92500, 54.0
3.93000, 54.0
3.93500, 44.0
3.94000, 50.0
3.94500, 46.0
3.95000, 42.0
3.95500, 43.0
3.96000, 56.0
3.96500, 37.0
3.97000, 46.0
3.97500, 41.0
3.98000, 37.0
3.98500, 37.0
3.99000, 41.0
3.99500, 50.0
4.00000, 43.0
4.00500, 50.0
4.01000, 51.0
4.01500, 37.0
4.02000, 44.0
4.02500, 51.0
4.03000, 48.0
4.03500, 55.0
4.04000, 56.0
4.04500, 56.0
4.05000, 52.0
4.05500, 49.0
4.06000, 53.0
4.06500, 50.0
4.07000, 47.0
4.07500, 53.0
4.08000, 57.0
4.08500, 44.0
4.09000, 49.0
4.09500, 46.0
4.10000, 38.0
4.10500, 48.0
4.11000, 51.0
4.11500, 34.0
4.12000, 36.0
4.12500, 52.0
4.13000, 48.0
4.13500, 44.0
4.14000, 52.0
4.14500, 39.0
4.15000, 40.0
4.15500, 48.0
4.16000, 47.0
4.16500, 49.0
4.17000, 44.0
4.17500, 43.0
4.18000, 44.0
4.18500, 46.0
4.19000, 41.0
4.19500, 35.0
4.20000, 38.0
4.20500, 38.0
4.21000, 52.0
4.21500, 37.0
4.22000, 43.0
4.22500, 30.0
4.23000, 52.0
4.23500, 52.0
4.24000, 38.0
4.24500, 42.0
4.25000, 43.0
4.25500, 41.0
4.26000, 46.0
4.26500, 46.0
4.27000, 56.0
4.27500, 42.0
4.28000, 34.0
4.28500, 43.0
4.29000, 32.0
4.29500, 46.0
4.30000, 43.0
4.30500, 36.0
4.31000, 22.0
4.31500, 43.0
4.32000, 42.0
4.32500, 35.0
4.33000, 47.0
4.33500, 35.0
4.34000, 37.0
4.34500, 36.0
4.35000, 32.0
4.35500, 40.0
4.36000, 35.0
4.36500, 46.0
4.37000, 44.0
4.37500, 30.0
4.38000, 37.0
4.38500, 46.0
4.39000, 35.0
4.39500, 43.0
4.40000, 41.0
4.40500, 49.0
4.41000, 41.0
4.41500, 40.0
4.42000, 43.0
4.42500, 39.0
4.43000, 34.0
4.43500, 32.0
4.44000, 30.0
4.44500, 38.0
4.45000, 34.0
4.45500, 44.0
4.46000, 33.0
4.46500, 37.0
4.47000, 35.0
4.47500, 28.0
4.48000, 27.0
4.48500, 38.0
4.49000, 39.0
4.49500, 27.0
4.50000, 32.0
4.50500, 30.0
4.51000, 45.0
4.51500, 38.0
4.52000, 33.0
4.52500, 45.0
4.53000, 47.0
4.53500, 29.0
4.54000, 32.0
4.54500, 38.0
4.55000, 34.0
4.55500, 30.0
4.56000, 36.0
4.56500, 33.0
4.57000, 29.0
4.57500, 41.0
4.58000, 31.0
4.58500, 34.0
4.59000, 35.0
4.59500, 32.0
4.60000, 27.0
4.60500, 29.0
4.61000, 32.0
4.61500, 42.0
4.62000, 30.0
4.62500, 35.0
4.63000, 36.0
4.63500, 38.0
4.64000, 32.0
4.64500, 48.0
4.65000, 36.0
4.65500, 47.0
4.66000, 31.0
4.66500, 36.0
4.67000, 32.0
4.67500, 44.0
4.68000, 33.0
4.68500, 35.0
4.69000, 37.0
4.69500, 32.0
4.70000, 35.0
4.70500, 39.0
4.71000, 36.0
4.71500, 40.0
4.72000, 25.0
4.72500, 30.0
4.73000, 37.0
4.73500, 25.0
4.74000, 35.0
4.74500, 30.0
4.75000, 34.0
4.75500, 30.0
4.76000, 23.0
4.76500, 24.0
4.77000, 26.0
4.77500, 26.0
4.78000, 25.0
4.78500, 31.0
4.79000, 38.0
4.79500, 37.0
4.80000, 41.0
4.80500, 34.0
4.81000, 32.0
4.81500, 28.0
4.82000, 34.0
4.82500, 38.0
4.83000, 40.0
4.83500, 33.0
4.84000, 29.0
4.84500, 25.0
4.85000, 24.0
4.85500, 37.0
4.86000, 30.0
4.86500, 29.0
4.87000, 30.0
4.87500, 27.0
4.88000, 38.0
4.88500, 38.0
4.89000, 35.0
4.89500, 38.0
4.90000, 30.0
4.90500, 31.0
4.91000, 26.0
4.91500, 25.0
4.92000, 29.0
4.92500, 34.0
4.93000, 33.0
4.93500, 29.0
4.94000, 35.0
4.94500, 37.0
4.95000, 36.0
4.95500, 39.0
4.96000, 32.0
4.96500, 39.0
4.97000, 23.0
4.97500, 30.0
4.98000, 38.0
4.98500, 29.0
4.99000, 30.0
4.99500, 27.0
5.00000, 25.0
5.00500, 32.0
5.01000, 29.0
5.01500, 32.0
5.02000, 25.0
5.02500, 30.0
5.03000, 30.0
5.03500, 24.0
5.04000, 25.0
5.04500, 27.0
5.05000, 34.0
5.05500, 37.0
5.06000, 26.0
5.06500, 32.0
5.07000, 27.0
5.07500, 22.0
5.08000, 22.0
5.08500, 29.0
5.09000, 31.0
5.09500, 33.0
5.10000, 33.0
5.10500, 26.0
5.11000, 33.0
5.11500, 25.0
5.12000, 36.0
5.12500, 31.0
5.13000, 26.0
5.13500, 33.0
5.14000, 35.0
5.14500, 37.0
5.15000, 32.0
5.15500, 35.0
5.16000, 25.0
5.16500, 25.0
5.17000, 15.0
5.17500, 28.0
5.18000, 22.0
5.18500, 30.0
5.19000, 28.0
5.19500, 23.0
5.20000, 29.0
5.20500, 23.0
5.21000, 25.0
5.21500, 32.0
5.22000, 24.0
5.22500, 28.0
5.23000, 14.0
5.23500, 23.0
5.24000, 22.0
5.24500, 24.0
5.25000, 23.0
5.25500, 33.0
5.26000, 35.0
5.26500, 21.0
5.27000, 32.0
5.27500, 25.0
5.28000, 25.0
5.28500, 19.0
5.29000, 25.0
5.29500, 32.0
5.30000, 21.0
5.30500, 18.0
5.31000, 31.0
5.31500, 33.0
5.32000, 23.0
5.32500, 20.0
5.33000, 14.0
5.33500, 27.0
5.34000, 24.0
5.34500, 31.0
5.35000, 24.0
5.35500, 21.0
5.36000, 31.0
5.36500, 28.0
5.37000, 15.0
5.37500, 21.0
5.38000, 30.0
5.38500, 29.0
5.39000, 27.0
5.39500, 27.0
5.40000, 25.0
5.40500, 26.0
5.41000, 27.0
5.41500, 21.0
5.42000, 25.0
5.42500, 24.0
5.43000, 26.0
5.43500, 25.0
5.44000, 25.0
5.44500, 33.0
5.45000, 26.0
5.45500, 24.0
5.46000, 27.0
5.46500, 37.0
5.47000, 21.0
5.47500, 26.0
5.48000, 20.0
5.48500, 27.0
5.49000, 23.0
5.49500, 32.0
5.50000, 25.0
5.50500, 18.0
5.51000, 23.0
5.51500, 22.0
5.52000, 26.0
5.52500, 27.0
5.53000, 27.0
5.53500, 18.0
5.54000, 24.0
5.54500, 27.0
5.55000, 28.0
5.55500, 26.0
5.56000, 24.0
5.56500, 18.0
5.57000, 19.0
5.57500, 25.0
5.58000, 36.0
5.58500, 27.0
5.59000, 32.0
5.59500, 30.0
5.60000, 20.0
5.60500, 24.0
5.61000, 30.0
5.61500, 24.0
5.62000, 17.0
5.62500, 21.0
5.63000, 20.0
5.63500, 18.0
5.64000, 13.0
5.64500, 23.0
5.65000, 33.0
5.65500, 23.0
5.66000, 17.0
5.66500, 25.0
5.67000, 22.0
5.67500, 25.0
5.68000, 28.0
5.68500, 22.0
5.69000, 22.0
5.69500, 22.0
5.70000, 19.0
5.70500, 23.0
5.71000, 19.0
5.71500, 23.0
5.72000, 17.0
5.72500, 25.0
5.73000, 19.0
5.73500, 22.0
5.74000, 25.0
5.74500, 25.0
5.75000, 19.0
5.75500, 25.0
5.76000, 14.0
5.76500, 20.0
5.77000, 25.0
5.77500, 23.0
5.78000, 26.0
5.78500, 17.0
5.79000, 23.0
5.79500, 15.0
5.80000, 19.0
5.80500, 25.0
5.81000, 19.0
5.81500, 18.0
5.82000, 23.0
5.82500, 12.0
5.83000, 24.0
5.83500, 28.0
5.84000, 14.0
5.84500, 23.0
5.85000, 25.0
5.85500, 23.0
5.86000, 26.0
5.86500, 21.0
5.87000, 10.0
5.87500, 22.0
5.88000, 25.0
5.88500, 21.0
5.89000, 20.0
5.89500, 20.0
5.90000, 18.0
5.90500, 13.0
5.91000, 26.0
5.91500, 16.0
5.92000, 20.0
5.92500, 17.0
5.93000, 24.0
5.93500, 16.0
5.94000, 27.0
5.94500, 24.0
5.95000, 25.0
5.95500, 27.0
5.96000, 30.0
5.96500, 20.0
5.97000, 22.0
5.97500, 25.0
5.98000, 22.0
5.98500, 19.0
5.99000, 15.0
5.99500, 15.0
6.00000, 15.0
6.00500, 11.0
6.01000, 19.0
6.01500, 20.0
6.02000, 14.0
6.02500, 32.0
6.03000, 29.0
6.03500, 18.0
6.04000, 16.0
6.04500, 25.0
6.05000, 18.0
6.05500, 27.0
6.06000, 17.0
6.06500, 19.0
6.07000, 14.0
6.07500, 23.0
6.08000, 23.0
6.08500, 22.0
6.09000, 22.0
6.09500, 10.0
6.10000, 25.0
6.10500, 26.0
6.11000, 27.0
6.11500, 18.0
6.12000, 23.0
6.12500, 20.0
6.13000, 15.0
6.13500, 20.0
6.14000, 16.0
6.14500, 28.0
6.15000, 18.0
6.15500, 21.0
6.16000, 19.0
6.16500, 20.0
6.17000, 20.0
6.17500, 23.0
6.18000, 16.0
6.18500, 19.0
6.19000, 12.0
6.19500, 17.0
6.20000, 20.0
6.20500, 16.0
6.21000, 21.0
6.21500, 15.0
6.22000, 16.0
6.22500, 13.0
6.23000, 16.0
6.23500, 18.0
6.24000, 24.0
6.24500, 19.0
6.25000, 13.0
6.25500, 16.0
6.26000, 12.0
6.26500, 13.0
6.27000, 18.0
6.27500, 18.0
6.28000, 26.0
6.28500, 30.0
6.29000, 25.0
6.29500, 28.0
6.30000, 15.0
6.30500, 17.0
6.31000, 19.0
6.31500, 24.0
6.32000, 15.0
6.32500, 22.0
6.33000, 17.0
6.33500, 14.0
6.34000, 23.0
6.34500, 22.0
6.35000, 15.0
6.35500, 19.0
6.36000, 22.0
6.36500, 19.0
6.37000, 21.0
6.37500, 23.0
6.38000, 18.0
6.38500, 19.0
6.39000, 17.0
6.39500, 14.0
6.40000, 17.0
6.40500, 18.0
6.41000, 16.0
6.41500, 19.0
6.42000, 18.0
6.42500, 16.0
6.43000, 18.0
6.43500, 12.0
6.44000, 22.0
6.44500, 22.0
6.45000, 15.0
6.45500, 15.0
6.46000, 10.0
6.46500, 19.0
6.47000, 7.0
6.47500, 13.0
6.48000, 10.0
6.48500, 22.0
6.49000, 9.0
6.49500, 21.0
6.50000, 15.0
6.50500, 17.0
6.51000, 18.0
6.51500, 18.0
6.52000, 21.0
6.52500, 19.0
6.53000, 20.0
6.53500, 19.0
6.54000, 21.0
6.54500, 23.0
6.55000, 12.0
6.55500, 14.0
6.56000, 17.0
6.56500, 25.0
6.57000, 20.0
6.57500, 19.0
6.58000, 19.0
6.58500, 14.0
6.59000, 5.0
6.59500, 22.0
6.60000, 17.0
6.60500, 14.0
6.61000, 11.0
6.61500, 9.0
6.62000, 22.0
6.62500, 8.0
6.63000, 15.0
6.63500, 26.0
6.64000, 23.0
6.64500, 14.0
6.65000, 14.0
6.65500, 18.0
6.66000, 12.0
6.66500, 23.0
6.67000, 14.0
6.67500, 17.0
6.68000, 19.0
6.68500, 8.0
6.69000, 17.0
6.69500, 14.0
6.70000, 16.0
6.70500, 19.0
6.71000, 13.0
6.71500, 19.0
6.72000, 12.0
6.72500, 23.0
6.73000, 11.0
6.73500, 25.0
6.74000, 15.0
6.74500, 17.0
6.75000, 11.0
6.75500, 13.0
6.76000, 18.0
6.76500, 10.0
6.77000, 23.0
6.77500, 11.0
6.78000, 13.0
6.78500, 14.0
6.79000, 15.0
6.79500, 17.0
6.80000, 20.0
6.80500, 13.0
6.81000, 8.0
6.81500, 15.0
6.82000, 17.0
6.82500, 9.0
6.83000, 9.0
6.83500, 5.0
6.84000, 12.0
6.84500, 16.0
6.85000, 11.0
6.85500, 15.0
6.86000, 20.0
6.86500, 9.0
6.87000, 20.0
6.87500, 11.0
6.88000, 13.0
6.88500, 16.0
6.89000, 13.0
6.89500, 12.0
6.90000, 16.0
6.90500, 9.0
6.91000, 15.0
6.91500, 17.0
6.92000, 11.0
6.92500, 13.0
6.93000, 14.0
6.93500, 14.0
6.94000, 19.0
6.94500, 12.0
6.95000, 14.0
6.95500, 11.0
6.96000, 12.0
6.96500, 12.0
6.97000, 8.0
6.97500, 8.0
6.98000, 15.0
6.98500, 13.0
6.99000, 14.0
6.99500, 5.0
7.00000, 17.0
7.00500, 17.0
7.01000, 17.0
7.01500, 15.0
7.02000, 24.0
7.02500, 17.0
7.03000, 14.0
7.03500, 8.0
7.04000, 13.0
7.04500, 16.0
7.05000, 20.0
7.05500, 14.0
7.06000, 9.0
7.06500, 14.0
7.07000, 11.0
7.07500, 13.0
7.08000, 5.0
7.08500, 14.0
7.09000, 13.0
7.09500, 14.0
7.10000, 14.0
7.10500, 16.0
7.11000, 8.0
7.11500, 10.0
7.12000, 9.0
7.12500, 12.0
7.13000, 13.0
7.13500, 8.0
7.14000, 13.0
7.14500, 9.0
7.15000, 13.0
7.15500, 14.0
7.16000, 12.0
7.16500, 12.0
7.17000, 13.0
7.17500, 12.0
7.18000, 10.0
7.18500, 10.0
7.19000, 14.0
7.19500, 17.0
7.20000, 14.0
7.20500, 13.0
7.21000, 9.0
7.21500, 14.0
7.22000, 7.0
7.22500, 11.0
7.23000, 11.0
7.23500, 16.0
7.24000, 13.0
7.24500, 7.0
7.25000, 7.0
7.25500, 13.0
7.26000, 10.0
7.26500, 12.0
7.27000, 15.0
7.27500, 6.0
7.28000, 8.0
7.28500, 11.0
7.29000, 18.0
7.29500, 11.0
7.30000, 8.0
7.30500, 6.0
7.31000, 12.0
7.31500, 12.0
7.32000, 12.0
7.32500, 6.0
7.33000, 12.0
7.33500, 8.0
7.34000, 13.0
7.34500, 7.0
7.35000, 17.0
7.35500, 6.0
7.36000, 8.0
7.36500, 17.0
7.37000, 12.0
7.37500, 6.0
7.38000, 9.0
7.38500, 5.0
7.39000, 10.0
7.39500, 14.0
7.40000, 14.0
7.40500, 10.0
7.41000, 12.0
7.41500, 10.0
7.42000, 11.0
7.42500, 11.0
7.43000, 11.0
7.43500, 10.0
7.44000, 8.0
7.44500, 9.0
7.45000, 12.0
7.45500, 9.0
7.46000, 11.0
7.46500, 12.0
7.47000, 10.0
7.47500, 9.0
7.48000, 12.0
7.48500, 7.0
7.49000, 12.0
7.49500, 11.0
7.50000, 9.0
7.50500, 7.0
7.51000, 5.0
7.51500, 7.0
7.52000, 8.0
7.52500, 10.0
7.53000, 7.0
7.53500, 8.0
7.54000, 9.0
7.54500, 5.0
7.55000, 13.0
7.55500, 10.0
7.56000, 9.0
7.56500, 9.0
7.57000, 10.0
7.57500, 11.0
7.58000, 14.0
7.58500, 10.0
7.59000, 11.0
7.59500, 9.0
7.60000, 8.0
7.60500, 13.0
7.61000, 12.0
7.61500, 8.0
7.62000, 6.0
7.62500, 14.0
7.63000, 8.0
7.63500, 8.0
7.64000, 9.0
7.64500, 7.0
7.65000, 6.0
7.65500, 6.0
7.66000, 9.0
7.66500, 10.0
7.67000, 6.0
7.67500, 5.0
7.68000, 9.0
7.68500, 7.0
7.69000, 10.0
7.69500, 8.0
7.70000, 7.0
7.70500, 8.0
7.71000, 6.0
7.71500, 15.0
7.72000, 6.0
7.72500, 8.0
7.73000, 11.0
7.73500, 15.0
7.74000, 11.0
7.74500, 8.0
7.75000, 8.0
7.75500, 14.0
7.76000, 5.0
7.76500, 5.0
7.77000, 8.0
7.77500, 11.0
7.78000, 7.0
7.78500, 5.0
7.79000, 8.0
7.79500, 11.0
7.80000, 5.0
7.80500, 4.0
7.81000, 17.0
7.81500, 5.0
7.82000, 9.0
7.82500, 8.0
7.83000, 6.0
7.83500, 15.0
7.84000, 7.0
7.84500, 7.0
7.85000, 6.0
7.85500, 7.0
7.86000, 12.0
7.86500, 4.0
7.87000, 9.0
7.87500, 10.0
7.88000, 8.0
7.88500, 9.0
7.89000, 7.0
7.89500, 8.0
7.90000, 8.0
7.90500, 5.0
7.91000, 8.0
7.91500, 18.0
7.92000, 6.0
7.92500, 7.0
7.93000, 8.0
7.93500, 6.0
7.94000, 14.0
7.94500, 4.0
7.95000, 8.0
7.95500, 9.0
7.96000, 11.0
7.96500, 9.0
7.97000, 7.0
7.97500, 7.0
7.98000, 7.0
7.98500, 3.0
7.99000, 7.0
7.99500, 6.0
8.00000, 10.0
8.00500, 12.0
8.01000, 14.0
8.01500, 9.0
8.02000, 4.0
8.02500, 13.0
8.03000, 5.0
8.03500, 8.0
8.04000, 5.0
8.04500, 3.0
8.05000, 9.0
8.05500, 5.0
8.06000, 6.0
8.06500, 9.0
8.07000, 5.0
8.07500, 9.0
8.08000, 3.0
8.08500, 7.0
8.09000, 5.0
8.09500, 8.0
8.10000, 5.0
8.10500, 11.0
8.11000, 9.0
8.11500, 4.0
8.12000, 9.0
8.12500, 4.0
8.13000, 7.0
8.13500, 9.0
8.14000, 11.0
8.14500, 2.0
8.15000, 5.0
8.15500, 6.0
8.16000, 5.0
8.16500, 10.0
8.17000, 8.0
8.17500, 5.0
8.18000, 4.0
8.18500, 15.0
8.19000, 11.0
8.19500, 7.0
8.20000, 5.0
8.20500, 10.0
8.21000, 6.0
8.21500, 6.0
8.22000, 5.0
8.22500, 6.0
8.23000, 9.0
8.23500, 6.0
8.24000, 8.0
8.24500, 5.0
8.25000, 6.0
8.25500, 6.0
8.26000, 9.0
8.26500, 7.0
8.27000, 3.0
8.27500, 6.0
8.28000, 7.0
8.28500, 11.0
8.29000, 8.0
8.29500, 5.0
8.30000, 4.0
8.30500, 8.0
8.31000, 4.0
8.31500, 7.0
8.32000, 9.0
8.32500, 3.0
8.33000, 2.0
8.33500, 7.0
8.34000, 7.0
8.34500, 5.0
8.35000, 5.0
8.35500, 7.0
8.36000, 6.0
8.36500, 8.0
8.37000, 7.0
8.37500, 6.0
8.38000, 4.0
8.38500, 8.0
8.39000, 9.0
8.39500, 7.0
8.40000, 5.0
8.40500, 3.0
8.41000, 7.0
8.41500, 7.0
8.42000, 5.0
8.42500, 10.0
8.43000, 7.0
8.43500, 6.0
8.44000, 8.0
8.44500, 9.0
8.45000, 7.0
8.45500, 6.0
8.46000, 7.0
8.46500, 5.0
8.47000, 9.0
8.47500, 8.0
8.48000, 8.0
8.48500, 5.0
8.49000, 4.0
8.49500, 6.0
8.50000, 8.0
8.50500, 4.0
8.51000, 7.0
8.51500, 4.0
8.52000, 7.0
8.52500, 11.0
8.53000, 8.0
8.53500, 1.0
8.54000, 3.0
8.54500, 8.0
8.55000, 6.0
8.55500, 7.0
8.56000, 3.0
8.56500, 4.0
8.57000, 6.0
8.57500, 7.0
8.58000, 7.0
8.58500, 4.0
8.59000, 9.0
8.59500, 6.0
8.60000, 5.0
8.60500, 3.0
8.61000, 3.0
8.61500, 2.0
8.62000, 2.0
8.62500, 5.0
8.63000, 7.0
8.63500, 7.0
8.64000, 5.0
8.64500, 8.0
8.65000, 5.0
8.65500, 6.0
8.66000, 6.0
8.66500, 1.0
8.67000, 3.0
8.67500, 6.0
8.68000, 2.0
8.68500, 10.0
8.69000, 3.0
8.69500, 5.0
8.70000, 4.0
8.70500, 7.0
8.71000, 1.0
8.71500, 5.0
8.72000, 5.0
8.72500, 8.0
8.73000, 7.0
8.73500, 7.0
8.74000, 5.0
8.74500, 2.0
8.75000, 4.0
8.75500, 4.0
8.76000, 4.0
8.76500, 5.0
8.77000, 3.0
8.77500, 4.0
8.78000, 5.0
8.78500, 5.0
8.79000, 5.0
8.79500, 4.0
8.80000, 4.0
8.80500, 5.0
8.81000, 1.0
8.81500, 7.0
8.82000, 7.0
8.82500, 3.0
8.83000, 2.0
8.83500, 8.0
8.84000, 5.0
8.84500, 5.0
8.85000, 4.0
8.85500, 2.0
8.86000, 6.0
8.86500, 6.0
8.87000, 7.0
8.87500, 9.0
8.88000, 4.0
8.88500, 4.0
8.89000, 6.0
8.89500, 4.0
8.90000, 2.0
8.90500, 3.0
8.91000, 5.0
8.91500, 3.0
8.92000, 2.0
8.92500, 6.0
8.93000, 5.0
8.93500, 3.0
8.94000, 5.0
8.94500, 0.0
8.95000, 4.0
8.95500, 6.0
8.96000, 1.0
8.96500, 2.0
8.97000, 4.0
8.97500, 3.0
8.98000, 2.0
8.98500, 4.0
8.99000, 1.0
8.99500, 5.0
9.00000, 4.0
9.00500, 4.0
9.01000, 2.0
9.01500, 3.0
9.02000, 5.0
9.02500, 3.0
9.03000, 5.0
9.03500, 6.0
9.04000, 5.0
9.04500, 5.0
9.05000, 4.0
9.05500, 4.0
9.06000, 4.0
9.06500, 6.0
9.07000, 8.0
9.07500, 5.0
9.08000, 4.0
9.08500, 2.0
9.09000, 4.0
9.09500, 0.0
9.10000, 4.0
9.10500, 6.0
9.11000, 4.0
9.11500, 3.0
9.12000, 2.0
9.12500, 6.0
9.13000, 3.0
9.13500, 6.0
9.14000, 3.0
9.14500, 2.0
9.15000, 2.0
9.15500, 5.0
9.16000, 8.0
9.16500, 6.0
9.17000, 6.0
9.17500, 0.0
9.18000, 5.0
9.18500, 2.0
9.19000, 6.0
9.19500, 4.0
9.20000, 1.0
9.20500, 5.0
9.21000, 1.0
9.21500, 4.0
9.22000, 4.0
9.22500, 4.0
9.23000, 4.0
9.23500, 4.0
9.24000, 4.0
9.24500, 4.0
9.25000, 2.0
9.25500, 4.0
9.26000, 4.0
9.26500, 6.0
9.27000, 5.0
9.27500, 4.0
9.28000, 6.0
9.28500, 0.0
9.29000, 4.0
9.29500, 4.0
9.30000, 4.0
9.30500, 1.0
9.31000, 2.0
9.31500, 0.0
9.32000, 5.0
9.32500, 10.0
9.33000, 4.0
9.33500, 4.0
9.34000, 5.0
9.34500, 5.0
9.35000, 2.0
9.35500, 2.0
9.36000, 3.0
9.36500, 2.0
9.37000, 2.0
9.37500, 4.0
9.38000, 4.0
9.38500, 2.0
9.39000, 3.0
9.39500, 3.0
9.40000, 4.0
9.40500, 3.0
9.41000, 5.0
9.41500, 3.0
9.42000, 3.0
9.42500, 4.0
9.43000, 2.0
9.43500, 3.0
9.44000, 1.0
9.44500, 5.0
9.45000, 0.0
9.45500, 0.0
9.46000, 2.0
9.46500, 3.0
9.47000, 4.0
9.47500, 0.0
9.48000, 1.0
9.48500, 3.0
9.49000, 7.0
9.49500, 3.0
9.50000, 2.0
9.50500, 3.0
9.51000, 2.0
9.51500, 3.0
9.52000, 4.0
9.52500, 3.0
9.53000, 5.0
9.53500, 5.0
9.54000, 3.0
9.54500, 4.0
9.55000, 4.0
9.55500, 2.0
9.56000, 1.0
9.56500, 1.0
9.57000, 0.0
9.57500, 2.0
9.58000, 3.0
9.58500, 2.0
9.59000, 3.0
9.59500, 2.0
9.60000, 0.0
9.60500, 2.0
9.61000, 3.0
9.61500, 1.0
9.62000, 0.0
9.62500, 3.0
9.63000, 4.0
9.63500, 1.0
9.64000, 3.0
9.64500, 4.0
9.65000, 3.0
9.65500, 4.0
9.66000, 4.0
9.66500, 4.0
9.67000, 1.0
9.67500, 3.0
9.68000, 2.0
9.68500, 3.0
9.69000, 5.0
9.69500, 3.0
9.70000, 1.0
9.70500, 4.0
9.71000, 0.0
9.71500, 0.0
9.72000, 1.0
9.72500, 4.0
9.73000, 2.0
9.73500, 2.0
9.74000, 3.0
9.74500, 3.0
9.75000, 5.0
9.75500, 1.0
9.76000, 4.0
9.76500, 4.0
9.77000, 4.0
9.77500, 3.0
9.78000, 3.0
9.78500, 0.0
9.79000, 1.0
9.79500, 3.0
9.80000, 2.0
9.80500, 2.0
9.81000, 3.0
9.81500, 5.0
9.82000, 1.0
9.82500, 2.0
9.83000, 1.0
9.83500, 2.0
9.84000, 6.0
9.84500, 3.0
9.85000, 2.0
9.85500, 0.0
9.86000, 2.0
9.86500, 2.0
9.87000, 2.0
9.87500, 0.0
9.88000, 2.0
9.88500, 0.0
9.89000, 2.0
9.89500, 2.0
9.90000, 3.0
9.90500, 0.0
9.91000, 1.0
9.91500, 4.0
9.92000, 1.0
9.92500, 0.0
9.93000, 1.0
9.93500, 1.0
9.94000, 0.0
9.94500, 3.0
9.95000, 1.0
9.95500, 1.0
9.96000, 1.0
9.96500, 1.0
9.97000, 0.0
9.97500, 2.0
9.98000, 1.0
9.98500, 2.0
9.99000, 1.0
9.99500, 1.0
10.00000, 0.0
10.00500, 1.0
10.01000, 1.0
10.01500, 1.0
10.02000, 0.0
10.02500, 0.0
10.03000, 0.0
10.03500, 0.0
10.04000, 0.0
10.04500, 1.0
10.05000, 0.0
10.05500, 1.0
10.06000, 0.0
10.06500, 0.0
10.07000, 0.0
10.07500, 0.0
10.08000, 0.0
10.08500, 0.0
10.09000, 0.0
10.09500, 0.0
10.10000, 0.0
10.10500, 0.0
10.11000, 0.0
10.11500, 0.0
10.12000, 0.0
10.12500, 0.0
10.13000, 0.0
10.13500, 0.0
#ENDOFDATA   : 
