#FORMAT      : EMSA/MAS Spectral Data File
#VERSION     : 1.0
#TITLE       : 20250425_10K_D2_2
#DATE        : 24-APR-2025
#TIME        : 10:28
#OWNER       : 
#NPOINTS     : 2048.0
#NCOLUMNS    : 1.0
#XUNITS      : keV
#YUNITS      : counts
#DATATYPE    : XY
#XPERCHAN    : 0.005
#OFFSET      : -0.1
#SIGNALTYPE  : EDS
#CHOFFSET    : 20.0
#LIVETIME    : 60.006309509
#REALTIME    : 61.883865356
#BEAMKV      : 10.0
#MAGCAM      : 1800.0
#XTILTSTGE   : 0.0
#AZIMANGLE   : 0.0
#ELEVANGLE   : 29.0
#XPOSITION mm: 2.4460
#YPOSITION mm: 0.1345
#ZPOSITION mm: 13.5200
##OXINSTPT   : 2
##OXINSTSTROB: 67.59
#SPECTRUM    : Spectral Data Starts Here
-0.10000, 0.0
-0.09500, 1.0
-0.09000, 1.0
-0.08500, 0.0
-0.08000, 0.0
-0.07500, 2.0
-0.07000, 4.0
-0.06500, 2.0
-0.06000, 0.0
-0.05500, 5.0
-0.05000, 12.0
-0.04500, 21.0
-0.04000, 27.0
-0.03500, 39.0
-0.03000, 68.0
-0.02500, 108.0
-0.02000, 145.0
-0.01500, 167.0
-0.01000, 234.0
-0.00500, 303.0
0.00000, 366.0
0.00500, 466.0
0.01000, 581.0
0.01500, 672.0
0.02000, 782.0
0.02500, 862.0
0.03000, 1010.0
0.03500, 1064.0
0.04000, 1037.0
0.04500, 1097.0
0.05000, 1059.0
0.05500, 1053.0
0.06000, 1006.0
0.06500, 922.0
0.07000, 841.0
0.07500, 744.0
0.08000, 658.0
0.08500, 532.0
0.09000, 454.0
0.09500, 376.0
0.10000, 284.0
0.10500, 208.0
0.11000, 181.0
0.11500, 149.0
0.12000, 114.0
0.12500, 93.0
0.13000, 63.0
0.13500, 67.0
0.14000, 73.0
0.14500, 56.0
0.15000, 45.0
0.15500, 56.0
0.16000, 55.0
0.16500, 48.0
0.17000, 48.0
0.17500, 50.0
0.18000, 41.0
0.18500, 49.0
0.19000, 53.0
0.19500, 58.0
0.20000, 64.0
0.20500, 51.0
0.21000, 65.0
0.21500, 82.0
0.22000, 74.0
0.22500, 72.0
0.23000, 103.0
0.23500, 89.0
0.24000, 89.0
0.24500, 124.0
0.25000, 123.0
0.25500, 105.0
0.26000, 123.0
0.26500, 127.0
0.27000, 129.0
0.27500, 136.0
0.28000, 125.0
0.28500, 128.0
0.29000, 122.0
0.29500, 110.0
0.30000, 98.0
0.30500, 99.0
0.31000, 95.0
0.31500, 89.0
0.32000, 82.0
0.32500, 84.0
0.33000, 90.0
0.33500, 77.0
0.34000, 83.0
0.34500, 70.0
0.35000, 89.0
0.35500, 88.0
0.36000, 94.0
0.36500, 88.0
0.37000, 96.0
0.37500, 97.0
0.38000, 120.0
0.38500, 123.0
0.39000, 137.0
0.39500, 137.0
0.40000, 159.0
0.40500, 146.0
0.41000, 168.0
0.41500, 208.0
0.42000, 235.0
0.42500, 283.0
0.43000, 334.0
0.43500, 385.0
0.44000, 538.0
0.44500, 680.0
0.45000, 818.0
0.45500, 1040.0
0.46000, 1324.0
0.46500, 1636.0
0.47000, 2055.0
0.47500, 2573.0
0.48000, 3032.0
0.48500, 3692.0
0.49000, 4102.0
0.49500, 4606.0
0.50000, 5130.0
0.50500, 5531.0
0.51000, 6031.0
0.51500, 6197.0
0.52000, 6355.0
0.52500, 6354.0
0.53000, 6173.0
0.53500, 5733.0
0.54000, 5404.0
0.54500, 5030.0
0.55000, 4461.0
0.55500, 3839.0
0.56000, 3258.0
0.56500, 2692.0
0.57000, 2225.0
0.57500, 1854.0
0.58000, 1422.0
0.58500, 1154.0
0.59000, 831.0
0.59500, 661.0
0.60000, 464.0
0.60500, 352.0
0.61000, 257.0
0.61500, 190.0
0.62000, 179.0
0.62500, 151.0
0.63000, 124.0
0.63500, 100.0
0.64000, 95.0
0.64500, 85.0
0.65000, 84.0
0.65500, 90.0
0.66000, 101.0
0.66500, 102.0
0.67000, 93.0
0.67500, 92.0
0.68000, 98.0
0.68500, 101.0
0.69000, 104.0
0.69500, 123.0
0.70000, 125.0
0.70500, 117.0
0.71000, 121.0
0.71500, 121.0
0.72000, 129.0
0.72500, 127.0
0.73000, 119.0
0.73500, 126.0
0.74000, 129.0
0.74500, 137.0
0.75000, 131.0
0.75500, 119.0
0.76000, 146.0
0.76500, 136.0
0.77000, 136.0
0.77500, 143.0
0.78000, 146.0
0.78500, 138.0
0.79000, 133.0
0.79500, 154.0
0.80000, 161.0
0.80500, 156.0
0.81000, 151.0
0.81500, 146.0
0.82000, 160.0
0.82500, 164.0
0.83000, 152.0
0.83500, 144.0
0.84000, 141.0
0.84500, 171.0
0.85000, 181.0
0.85500, 163.0
0.86000, 165.0
0.86500, 182.0
0.87000, 191.0
0.87500, 160.0
0.88000, 149.0
0.88500, 191.0
0.89000, 178.0
0.89500, 193.0
0.90000, 175.0
0.90500, 188.0
0.91000, 167.0
0.91500, 163.0
0.92000, 173.0
0.92500, 181.0
0.93000, 191.0
0.93500, 191.0
0.94000, 187.0
0.94500, 173.0
0.95000, 189.0
0.95500, 195.0
0.96000, 171.0
0.96500, 197.0
0.97000, 201.0
0.97500, 176.0
0.98000, 186.0
0.98500, 198.0
0.99000, 173.0
0.99500, 172.0
1.00000, 190.0
1.00500, 192.0
1.01000, 206.0
1.01500, 197.0
1.02000, 185.0
1.02500, 192.0
1.03000, 188.0
1.03500, 191.0
1.04000, 209.0
1.04500, 190.0
1.05000, 182.0
1.05500, 184.0
1.06000, 205.0
1.06500, 184.0
1.07000, 186.0
1.07500, 189.0
1.08000, 198.0
1.08500, 182.0
1.09000, 194.0
1.09500, 213.0
1.10000, 195.0
1.10500, 218.0
1.11000, 179.0
1.11500, 189.0
1.12000, 201.0
1.12500, 210.0
1.13000, 201.0
1.13500, 201.0
1.14000, 181.0
1.14500, 188.0
1.15000, 219.0
1.15500, 203.0
1.16000, 202.0
1.16500, 190.0
1.17000, 212.0
1.17500, 204.0
1.18000, 198.0
1.18500, 210.0
1.19000, 188.0
1.19500, 195.0
1.20000, 196.0
1.20500, 207.0
1.21000, 206.0
1.21500, 187.0
1.22000, 196.0
1.22500, 212.0
1.23000, 197.0
1.23500, 187.0
1.24000, 206.0
1.24500, 183.0
1.25000, 194.0
1.25500, 203.0
1.26000, 188.0
1.26500, 191.0
1.27000, 200.0
1.27500, 206.0
1.28000, 194.0
1.28500, 176.0
1.29000, 200.0
1.29500, 193.0
1.30000, 203.0
1.30500, 193.0
1.31000, 187.0
1.31500, 199.0
1.32000, 203.0
1.32500, 209.0
1.33000, 203.0
1.33500, 194.0
1.34000, 187.0
1.34500, 206.0
1.35000, 209.0
1.35500, 177.0
1.36000, 191.0
1.36500, 190.0
1.37000, 189.0
1.37500, 200.0
1.38000, 198.0
1.38500, 188.0
1.39000, 204.0
1.39500, 201.0
1.40000, 219.0
1.40500, 213.0
1.41000, 197.0
1.41500, 201.0
1.42000, 212.0
1.42500, 208.0
1.43000, 192.0
1.43500, 211.0
1.44000, 214.0
1.44500, 195.0
1.45000, 204.0
1.45500, 209.0
1.46000, 205.0
1.46500, 227.0
1.47000, 213.0
1.47500, 212.0
1.48000, 218.0
1.48500, 221.0
1.49000, 246.0
1.49500, 229.0
1.50000, 229.0
1.50500, 237.0
1.51000, 221.0
1.51500, 240.0
1.52000, 219.0
1.52500, 213.0
1.53000, 213.0
1.53500, 208.0
1.54000, 224.0
1.54500, 233.0
1.55000, 239.0
1.55500, 234.0
1.56000, 239.0
1.56500, 219.0
1.57000, 196.0
1.57500, 240.0
1.58000, 253.0
1.58500, 247.0
1.59000, 260.0
1.59500, 255.0
1.60000, 269.0
1.60500, 258.0
1.61000, 284.0
1.61500, 300.0
1.62000, 370.0
1.62500, 387.0
1.63000, 471.0
1.63500, 616.0
1.64000, 744.0
1.64500, 988.0
1.65000, 1202.0
1.65500, 1559.0
1.66000, 1923.0
1.66500, 2431.0
1.67000, 3060.0
1.67500, 3791.0
1.68000, 4428.0
1.68500, 5465.0
1.69000, 6370.0
1.69500, 7449.0
1.70000, 8569.0
1.70500, 9788.0
1.71000, 10756.0
1.71500, 11822.0
1.72000, 12578.0
1.72500, 13552.0
1.73000, 14249.0
1.73500, 14595.0
1.74000, 14667.0
1.74500, 14668.0
1.75000, 14585.0
1.75500, 14268.0
1.76000, 13634.0
1.76500, 12849.0
1.77000, 11860.0
1.77500, 10715.0
1.78000, 9761.0
1.78500, 8612.0
1.79000, 7651.0
1.79500, 6627.0
1.80000, 5653.0
1.80500, 4862.0
1.81000, 4034.0
1.81500, 3434.0
1.82000, 2972.0
1.82500, 2484.0
1.83000, 2071.0
1.83500, 1725.0
1.84000, 1473.0
1.84500, 1154.0
1.85000, 1000.0
1.85500, 861.0
1.86000, 778.0
1.86500, 713.0
1.87000, 615.0
1.87500, 522.0
1.88000, 440.0
1.88500, 409.0
1.89000, 360.0
1.89500, 306.0
1.90000, 263.0
1.90500, 252.0
1.91000, 215.0
1.91500, 186.0
1.92000, 179.0
1.92500, 155.0
1.93000, 132.0
1.93500, 131.0
1.94000, 116.0
1.94500, 98.0
1.95000, 99.0
1.95500, 102.0
1.96000, 109.0
1.96500, 102.0
1.97000, 94.0
1.97500, 100.0
1.98000, 96.0
1.98500, 74.0
1.99000, 92.0
1.99500, 98.0
2.00000, 96.0
2.00500, 101.0
2.01000, 104.0
2.01500, 83.0
2.02000, 84.0
2.02500, 96.0
2.03000, 94.0
2.03500, 95.0
2.04000, 94.0
2.04500, 87.0
2.05000, 83.0
2.05500, 95.0
2.06000, 87.0
2.06500, 89.0
2.07000, 90.0
2.07500, 91.0
2.08000, 71.0
2.08500, 95.0
2.09000, 89.0
2.09500, 88.0
2.10000, 89.0
2.10500, 83.0
2.11000, 82.0
2.11500, 94.0
2.12000, 93.0
2.12500, 91.0
2.13000, 93.0
2.13500, 66.0
2.14000, 75.0
2.14500, 93.0
2.15000, 89.0
2.15500, 81.0
2.16000, 74.0
2.16500, 90.0
2.17000, 91.0
2.17500, 89.0
2.18000, 86.0
2.18500, 80.0
2.19000, 77.0
2.19500, 93.0
2.20000, 99.0
2.20500, 99.0
2.21000, 97.0
2.21500, 95.0
2.22000, 101.0
2.22500, 93.0
2.23000, 77.0
2.23500, 122.0
2.24000, 112.0
2.24500, 111.0
2.25000, 100.0
2.25500, 113.0
2.26000, 113.0
2.26500, 108.0
2.27000, 112.0
2.27500, 105.0
2.28000, 108.0
2.28500, 108.0
2.29000, 115.0
2.29500, 121.0
2.30000, 112.0
2.30500, 122.0
2.31000, 108.0
2.31500, 128.0
2.32000, 116.0
2.32500, 117.0
2.33000, 91.0
2.33500, 99.0
2.34000, 99.0
2.34500, 106.0
2.35000, 105.0
2.35500, 103.0
2.36000, 93.0
2.36500, 101.0
2.37000, 103.0
2.37500, 97.0
2.38000, 92.0
2.38500, 83.0
2.39000, 93.0
2.39500, 94.0
2.40000, 97.0
2.40500, 85.0
2.41000, 90.0
2.41500, 83.0
2.42000, 94.0
2.42500, 84.0
2.43000, 93.0
2.43500, 87.0
2.44000, 76.0
2.44500, 80.0
2.45000, 86.0
2.45500, 73.0
2.46000, 83.0
2.46500, 72.0
2.47000, 86.0
2.47500, 89.0
2.48000, 75.0
2.48500, 77.0
2.49000, 81.0
2.49500, 69.0
2.50000, 73.0
2.50500, 69.0
2.51000, 78.0
2.51500, 90.0
2.52000, 81.0
2.52500, 83.0
2.53000, 91.0
2.53500, 89.0
2.54000, 71.0
2.54500, 80.0
2.55000, 87.0
2.55500, 81.0
2.56000, 74.0
2.56500, 85.0
2.57000, 84.0
2.57500, 74.0
2.58000, 69.0
2.58500, 76.0
2.59000, 86.0
2.59500, 78.0
2.60000, 84.0
2.60500, 68.0
2.61000, 66.0
2.61500, 66.0
2.62000, 61.0
2.62500, 73.0
2.63000, 83.0
2.63500, 77.0
2.64000, 68.0
2.64500, 66.0
2.65000, 81.0
2.65500, 81.0
2.66000, 85.0
2.66500, 67.0
2.67000, 63.0
2.67500, 79.0
2.68000, 69.0
2.68500, 87.0
2.69000, 72.0
2.69500, 78.0
2.70000, 69.0
2.70500, 83.0
2.71000, 63.0
2.71500, 76.0
2.72000, 89.0
2.72500, 70.0
2.73000, 63.0
2.73500, 82.0
2.74000, 77.0
2.74500, 78.0
2.75000, 69.0
2.75500, 76.0
2.76000, 75.0
2.76500, 54.0
2.77000, 57.0
2.77500, 68.0
2.78000, 60.0
2.78500, 73.0
2.79000, 77.0
2.79500, 76.0
2.80000, 72.0
2.80500, 69.0
2.81000, 78.0
2.81500, 76.0
2.82000, 76.0
2.82500, 80.0
2.83000, 81.0
2.83500, 69.0
2.84000, 75.0
2.84500, 73.0
2.85000, 70.0
2.85500, 84.0
2.86000, 62.0
2.86500, 79.0
2.87000, 86.0
2.87500, 81.0
2.88000, 75.0
2.88500, 71.0
2.89000, 73.0
2.89500, 69.0
2.90000, 67.0
2.90500, 71.0
2.91000, 65.0
2.91500, 80.0
2.92000, 70.0
2.92500, 60.0
2.93000, 56.0
2.93500, 66.0
2.94000, 61.0
2.94500, 59.0
2.95000, 58.0
2.95500, 70.0
2.96000, 62.0
2.96500, 75.0
2.97000, 62.0
2.97500, 85.0
2.98000, 74.0
2.98500, 64.0
2.99000, 65.0
2.99500, 67.0
3.00000, 75.0
3.00500, 71.0
3.01000, 85.0
3.01500, 71.0
3.02000, 62.0
3.02500, 68.0
3.03000, 66.0
3.03500, 58.0
3.04000, 54.0
3.04500, 60.0
3.05000, 59.0
3.05500, 61.0
3.06000, 63.0
3.06500, 65.0
3.07000, 72.0
3.07500, 80.0
3.08000, 60.0
3.08500, 52.0
3.09000, 68.0
3.09500, 61.0
3.10000, 66.0
3.10500, 77.0
3.11000, 64.0
3.11500, 64.0
3.12000, 69.0
3.12500, 58.0
3.13000, 66.0
3.13500, 57.0
3.14000, 65.0
3.14500, 61.0
3.15000, 82.0
3.15500, 66.0
3.16000, 56.0
3.16500, 65.0
3.17000, 58.0
3.17500, 63.0
3.18000, 72.0
3.18500, 66.0
3.19000, 58.0
3.19500, 67.0
3.20000, 61.0
3.20500, 56.0
3.21000, 55.0
3.21500, 55.0
3.22000, 65.0
3.22500, 69.0
3.23000, 54.0
3.23500, 64.0
3.24000, 66.0
3.24500, 66.0
3.25000, 68.0
3.25500, 57.0
3.26000, 57.0
3.26500, 46.0
3.27000, 63.0
3.27500, 53.0
3.28000, 47.0
3.28500, 59.0
3.29000, 50.0
3.29500, 64.0
3.30000, 69.0
3.30500, 75.0
3.31000, 66.0
3.31500, 64.0
3.32000, 53.0
3.32500, 57.0
3.33000, 65.0
3.33500, 63.0
3.34000, 69.0
3.34500, 52.0
3.35000, 65.0
3.35500, 59.0
3.36000, 55.0
3.36500, 41.0
3.37000, 62.0
3.37500, 61.0
3.38000, 51.0
3.38500, 65.0
3.39000, 73.0
3.39500, 65.0
3.40000, 71.0
3.40500, 52.0
3.41000, 69.0
3.41500, 68.0
3.42000, 53.0
3.42500, 61.0
3.43000, 59.0
3.43500, 62.0
3.44000, 69.0
3.44500, 81.0
3.45000, 78.0
3.45500, 74.0
3.46000, 77.0
3.46500, 72.0
3.47000, 83.0
3.47500, 85.0
3.48000, 83.0
3.48500, 75.0
3.49000, 72.0
3.49500, 84.0
3.50000, 70.0
3.50500, 75.0
3.51000, 82.0
3.51500, 84.0
3.52000, 73.0
3.52500, 88.0
3.53000, 73.0
3.53500, 63.0
3.54000, 62.0
3.54500, 57.0
3.55000, 56.0
3.55500, 60.0
3.56000, 49.0
3.56500, 59.0
3.57000, 60.0
3.57500, 69.0
3.58000, 58.0
3.58500, 59.0
3.59000, 49.0
3.59500, 56.0
3.60000, 43.0
3.60500, 59.0
3.61000, 40.0
3.61500, 51.0
3.62000, 52.0
3.62500, 49.0
3.63000, 57.0
3.63500, 55.0
3.64000, 36.0
3.64500, 48.0
3.65000, 60.0
3.65500, 52.0
3.66000, 58.0
3.66500, 42.0
3.67000, 53.0
3.67500, 55.0
3.68000, 38.0
3.68500, 50.0
3.69000, 42.0
3.69500, 60.0
3.70000, 74.0
3.70500, 61.0
3.71000, 43.0
3.71500, 53.0
3.72000, 52.0
3.72500, 54.0
3.73000, 56.0
3.73500, 52.0
3.74000, 39.0
3.74500, 37.0
3.75000, 39.0
3.75500, 45.0
3.76000, 54.0
3.76500, 57.0
3.77000, 37.0
3.77500, 47.0
3.78000, 60.0
3.78500, 49.0
3.79000, 57.0
3.79500, 56.0
3.80000, 37.0
3.80500, 40.0
3.81000, 42.0
3.81500, 54.0
3.82000, 51.0
3.82500, 48.0
3.83000, 44.0
3.83500, 43.0
3.84000, 47.0
3.84500, 52.0
3.85000, 43.0
3.85500, 48.0
3.86000, 49.0
3.86500, 43.0
3.87000, 42.0
3.87500, 53.0
3.88000, 42.0
3.88500, 57.0
3.89000, 48.0
3.89500, 42.0
3.90000, 48.0
3.90500, 58.0
3.91000, 53.0
3.91500, 53.0
3.92000, 39.0
3.92500, 35.0
3.93000, 49.0
3.93500, 40.0
3.94000, 43.0
3.94500, 39.0
3.95000, 46.0
3.95500, 43.0
3.96000, 50.0
3.96500, 47.0
3.97000, 44.0
3.97500, 39.0
3.98000, 41.0
3.98500, 44.0
3.99000, 35.0
3.99500, 43.0
4.00000, 42.0
4.00500, 54.0
4.01000, 51.0
4.01500, 56.0
4.02000, 53.0
4.02500, 40.0
4.03000, 36.0
4.03500, 36.0
4.04000, 52.0
4.04500, 43.0
4.05000, 37.0
4.05500, 67.0
4.06000, 51.0
4.06500, 47.0
4.07000, 34.0
4.07500, 38.0
4.08000, 39.0
4.08500, 48.0
4.09000, 40.0
4.09500, 48.0
4.10000, 38.0
4.10500, 45.0
4.11000, 46.0
4.11500, 43.0
4.12000, 52.0
4.12500, 40.0
4.13000, 47.0
4.13500, 45.0
4.14000, 43.0
4.14500, 42.0
4.15000, 54.0
4.15500, 37.0
4.16000, 46.0
4.16500, 34.0
4.17000, 34.0
4.17500, 38.0
4.18000, 46.0
4.18500, 33.0
4.19000, 40.0
4.19500, 44.0
4.20000, 32.0
4.20500, 39.0
4.21000, 44.0
4.21500, 40.0
4.22000, 40.0
4.22500, 37.0
4.23000, 24.0
4.23500, 41.0
4.24000, 36.0
4.24500, 42.0
4.25000, 37.0
4.25500, 38.0
4.26000, 36.0
4.26500, 48.0
4.27000, 37.0
4.27500, 29.0
4.28000, 32.0
4.28500, 36.0
4.29000, 39.0
4.29500, 47.0
4.30000, 41.0
4.30500, 38.0
4.31000, 33.0
4.31500, 36.0
4.32000, 43.0
4.32500, 28.0
4.33000, 46.0
4.33500, 33.0
4.34000, 40.0
4.34500, 39.0
4.35000, 34.0
4.35500, 37.0
4.36000, 42.0
4.36500, 40.0
4.37000, 40.0
4.37500, 40.0
4.38000, 37.0
4.38500, 34.0
4.39000, 44.0
4.39500, 44.0
4.40000, 38.0
4.40500, 30.0
4.41000, 23.0
4.41500, 33.0
4.42000, 33.0
4.42500, 35.0
4.43000, 39.0
4.43500, 38.0
4.44000, 48.0
4.44500, 52.0
4.45000, 40.0
4.45500, 40.0
4.46000, 48.0
4.46500, 50.0
4.47000, 42.0
4.47500, 32.0
4.48000, 40.0
4.48500, 32.0
4.49000, 37.0
4.49500, 35.0
4.50000, 36.0
4.50500, 33.0
4.51000, 35.0
4.51500, 27.0
4.52000, 35.0
4.52500, 37.0
4.53000, 30.0
4.53500, 27.0
4.54000, 33.0
4.54500, 27.0
4.55000, 32.0
4.55500, 32.0
4.56000, 24.0
4.56500, 30.0
4.57000, 36.0
4.57500, 38.0
4.58000, 27.0
4.58500, 37.0
4.59000, 32.0
4.59500, 26.0
4.60000, 26.0
4.60500, 31.0
4.61000, 38.0
4.61500, 39.0
4.62000, 35.0
4.62500, 37.0
4.63000, 31.0
4.63500, 33.0
4.64000, 41.0
4.64500, 27.0
4.65000, 34.0
4.65500, 41.0
4.66000, 36.0
4.66500, 40.0
4.67000, 43.0
4.67500, 36.0
4.68000, 26.0
4.68500, 28.0
4.69000, 34.0
4.69500, 30.0
4.70000, 30.0
4.70500, 33.0
4.71000, 22.0
4.71500, 38.0
4.72000, 28.0
4.72500, 27.0
4.73000, 31.0
4.73500, 34.0
4.74000, 26.0
4.74500, 35.0
4.75000, 31.0
4.75500, 39.0
4.76000, 34.0
4.76500, 34.0
4.77000, 28.0
4.77500, 34.0
4.78000, 35.0
4.78500, 27.0
4.79000, 29.0
4.79500, 34.0
4.80000, 35.0
4.80500, 29.0
4.81000, 39.0
4.81500, 35.0
4.82000, 27.0
4.82500, 32.0
4.83000, 28.0
4.83500, 32.0
4.84000, 41.0
4.84500, 29.0
4.85000, 27.0
4.85500, 33.0
4.86000, 31.0
4.86500, 20.0
4.87000, 38.0
4.87500, 23.0
4.88000, 28.0
4.88500, 34.0
4.89000, 37.0
4.89500, 32.0
4.90000, 32.0
4.90500, 30.0
4.91000, 36.0
4.91500, 30.0
4.92000, 29.0
4.92500, 21.0
4.93000, 28.0
4.93500, 35.0
4.94000, 29.0
4.94500, 30.0
4.95000, 24.0
4.95500, 21.0
4.96000, 29.0
4.96500, 29.0
4.97000, 27.0
4.97500, 26.0
4.98000, 33.0
4.98500, 23.0
4.99000, 27.0
4.99500, 28.0
5.00000, 29.0
5.00500, 20.0
5.01000, 22.0
5.01500, 32.0
5.02000, 30.0
5.02500, 32.0
5.03000, 26.0
5.03500, 33.0
5.04000, 29.0
5.04500, 23.0
5.05000, 23.0
5.05500, 25.0
5.06000, 27.0
5.06500, 30.0
5.07000, 31.0
5.07500, 25.0
5.08000, 19.0
5.08500, 31.0
5.09000, 26.0
5.09500, 34.0
5.10000, 40.0
5.10500, 25.0
5.11000, 29.0
5.11500, 18.0
5.12000, 26.0
5.12500, 26.0
5.13000, 19.0
5.13500, 36.0
5.14000, 24.0
5.14500, 26.0
5.15000, 37.0
5.15500, 26.0
5.16000, 31.0
5.16500, 29.0
5.17000, 21.0
5.17500, 28.0
5.18000, 34.0
5.18500, 27.0
5.19000, 28.0
5.19500, 29.0
5.20000, 24.0
5.20500, 23.0
5.21000, 27.0
5.21500, 26.0
5.22000, 24.0
5.22500, 24.0
5.23000, 24.0
5.23500, 31.0
5.24000, 19.0
5.24500, 21.0
5.25000, 29.0
5.25500, 26.0
5.26000, 31.0
5.26500, 31.0
5.27000, 31.0
5.27500, 29.0
5.28000, 22.0
5.28500, 26.0
5.29000, 14.0
5.29500, 27.0
5.30000, 22.0
5.30500, 20.0
5.31000, 24.0
5.31500, 16.0
5.32000, 27.0
5.32500, 27.0
5.33000, 18.0
5.33500, 13.0
5.34000, 22.0
5.34500, 24.0
5.35000, 25.0
5.35500, 15.0
5.36000, 31.0
5.36500, 25.0
5.37000, 18.0
5.37500, 19.0
5.38000, 24.0
5.38500, 19.0
5.39000, 27.0
5.39500, 44.0
5.40000, 27.0
5.40500, 24.0
5.41000, 28.0
5.41500, 28.0
5.42000, 19.0
5.42500, 29.0
5.43000, 26.0
5.43500, 20.0
5.44000, 21.0
5.44500, 20.0
5.45000, 21.0
5.45500, 24.0
5.46000, 21.0
5.46500, 24.0
5.47000, 20.0
5.47500, 24.0
5.48000, 24.0
5.48500, 24.0
5.49000, 26.0
5.49500, 23.0
5.50000, 22.0
5.50500, 23.0
5.51000, 22.0
5.51500, 24.0
5.52000, 24.0
5.52500, 22.0
5.53000, 21.0
5.53500, 22.0
5.54000, 22.0
5.54500, 18.0
5.55000, 17.0
5.55500, 28.0
5.56000, 22.0
5.56500, 21.0
5.57000, 26.0
5.57500, 24.0
5.58000, 22.0
5.58500, 15.0
5.59000, 24.0
5.59500, 31.0
5.60000, 21.0
5.60500, 17.0
5.61000, 14.0
5.61500, 20.0
5.62000, 21.0
5.62500, 18.0
5.63000, 20.0
5.63500, 17.0
5.64000, 17.0
5.64500, 13.0
5.65000, 19.0
5.65500, 28.0
5.66000, 10.0
5.66500, 16.0
5.67000, 20.0
5.67500, 18.0
5.68000, 22.0
5.68500, 16.0
5.69000, 22.0
5.69500, 18.0
5.70000, 22.0
5.70500, 22.0
5.71000, 23.0
5.71500, 25.0
5.72000, 28.0
5.72500, 21.0
5.73000, 15.0
5.73500, 12.0
5.74000, 20.0
5.74500, 20.0
5.75000, 19.0
5.75500, 21.0
5.76000, 18.0
5.76500, 28.0
5.77000, 27.0
5.77500, 17.0
5.78000, 23.0
5.78500, 16.0
5.79000, 23.0
5.79500, 20.0
5.80000, 26.0
5.80500, 15.0
5.81000, 25.0
5.81500, 24.0
5.82000, 28.0
5.82500, 16.0
5.83000, 20.0
5.83500, 24.0
5.84000, 14.0
5.84500, 21.0
5.85000, 30.0
5.85500, 20.0
5.86000, 14.0
5.86500, 15.0
5.87000, 17.0
5.87500, 20.0
5.88000, 24.0
5.88500, 20.0
5.89000, 18.0
5.89500, 17.0
5.90000, 14.0
5.90500, 18.0
5.91000, 12.0
5.91500, 16.0
5.92000, 12.0
5.92500, 16.0
5.93000, 15.0
5.93500, 19.0
5.94000, 17.0
5.94500, 20.0
5.95000, 18.0
5.95500, 21.0
5.96000, 24.0
5.96500, 24.0
5.97000, 14.0
5.97500, 12.0
5.98000, 30.0
5.98500, 25.0
5.99000, 11.0
5.99500, 18.0
6.00000, 20.0
6.00500, 14.0
6.01000, 18.0
6.01500, 22.0
6.02000, 16.0
6.02500, 19.0
6.03000, 16.0
6.03500, 15.0
6.04000, 28.0
6.04500, 15.0
6.05000, 24.0
6.05500, 9.0
6.06000, 14.0
6.06500, 16.0
6.07000, 16.0
6.07500, 17.0
6.08000, 17.0
6.08500, 15.0
6.09000, 19.0
6.09500, 17.0
6.10000, 13.0
6.10500, 17.0
6.11000, 27.0
6.11500, 13.0
6.12000, 24.0
6.12500, 11.0
6.13000, 19.0
6.13500, 22.0
6.14000, 13.0
6.14500, 15.0
6.15000, 14.0
6.15500, 19.0
6.16000, 14.0
6.16500, 22.0
6.17000, 16.0
6.17500, 19.0
6.18000, 21.0
6.18500, 24.0
6.19000, 9.0
6.19500, 17.0
6.20000, 19.0
6.20500, 18.0
6.21000, 7.0
6.21500, 18.0
6.22000, 12.0
6.22500, 20.0
6.23000, 21.0
6.23500, 18.0
6.24000, 17.0
6.24500, 18.0
6.25000, 15.0
6.25500, 11.0
6.26000, 16.0
6.26500, 24.0
6.27000, 13.0
6.27500, 21.0
6.28000, 14.0
6.28500, 14.0
6.29000, 16.0
6.29500, 21.0
6.30000, 13.0
6.30500, 14.0
6.31000, 14.0
6.31500, 19.0
6.32000, 18.0
6.32500, 20.0
6.33000, 26.0
6.33500, 22.0
6.34000, 9.0
6.34500, 17.0
6.35000, 17.0
6.35500, 16.0
6.36000, 10.0
6.36500, 19.0
6.37000, 13.0
6.37500, 13.0
6.38000, 18.0
6.38500, 12.0
6.39000, 24.0
6.39500, 21.0
6.40000, 10.0
6.40500, 18.0
6.41000, 20.0
6.41500, 18.0
6.42000, 18.0
6.42500, 16.0
6.43000, 20.0
6.43500, 12.0
6.44000, 7.0
6.44500, 15.0
6.45000, 17.0
6.45500, 14.0
6.46000, 14.0
6.46500, 14.0
6.47000, 14.0
6.47500, 11.0
6.48000, 10.0
6.48500, 11.0
6.49000, 22.0
6.49500, 7.0
6.50000, 20.0
6.50500, 8.0
6.51000, 12.0
6.51500, 17.0
6.52000, 13.0
6.52500, 17.0
6.53000, 14.0
6.53500, 7.0
6.54000, 16.0
6.54500, 10.0
6.55000, 25.0
6.55500, 19.0
6.56000, 17.0
6.56500, 16.0
6.57000, 15.0
6.57500, 17.0
6.58000, 8.0
6.58500, 13.0
6.59000, 4.0
6.59500, 19.0
6.60000, 17.0
6.60500, 5.0
6.61000, 14.0
6.61500, 9.0
6.62000, 18.0
6.62500, 14.0
6.63000, 13.0
6.63500, 9.0
6.64000, 11.0
6.64500, 16.0
6.65000, 12.0
6.65500, 10.0
6.66000, 14.0
6.66500, 11.0
6.67000, 11.0
6.67500, 12.0
6.68000, 21.0
6.68500, 16.0
6.69000, 11.0
6.69500, 13.0
6.70000, 8.0
6.70500, 12.0
6.71000, 16.0
6.71500, 10.0
6.72000, 11.0
6.72500, 14.0
6.73000, 9.0
6.73500, 9.0
6.74000, 13.0
6.74500, 10.0
6.75000, 20.0
6.75500, 15.0
6.76000, 17.0
6.76500, 12.0
6.77000, 14.0
6.77500, 7.0
6.78000, 13.0
6.78500, 12.0
6.79000, 9.0
6.79500, 12.0
6.80000, 5.0
6.80500, 10.0
6.81000, 13.0
6.81500, 16.0
6.82000, 9.0
6.82500, 8.0
6.83000, 10.0
6.83500, 11.0
6.84000, 5.0
6.84500, 16.0
6.85000, 11.0
6.85500, 7.0
6.86000, 16.0
6.86500, 20.0
6.87000, 16.0
6.87500, 14.0
6.88000, 15.0
6.88500, 9.0
6.89000, 14.0
6.89500, 13.0
6.90000, 17.0
6.90500, 14.0
6.91000, 18.0
6.91500, 7.0
6.92000, 8.0
6.92500, 7.0
6.93000, 17.0
6.93500, 9.0
6.94000, 13.0
6.94500, 8.0
6.95000, 8.0
6.95500, 16.0
6.96000, 10.0
6.96500, 9.0
6.97000, 10.0
6.97500, 9.0
6.98000, 12.0
6.98500, 14.0
6.99000, 9.0
6.99500, 8.0
7.00000, 5.0
7.00500, 9.0
7.01000, 12.0
7.01500, 11.0
7.02000, 13.0
7.02500, 18.0
7.03000, 13.0
7.03500, 15.0
7.04000, 8.0
7.04500, 8.0
7.05000, 9.0
7.05500, 11.0
7.06000, 11.0
7.06500, 12.0
7.07000, 8.0
7.07500, 10.0
7.08000, 14.0
7.08500, 14.0
7.09000, 8.0
7.09500, 10.0
7.10000, 13.0
7.10500, 9.0
7.11000, 12.0
7.11500, 9.0
7.12000, 7.0
7.12500, 9.0
7.13000, 9.0
7.13500, 9.0
7.14000, 7.0
7.14500, 9.0
7.15000, 10.0
7.15500, 12.0
7.16000, 5.0
7.16500, 12.0
7.17000, 12.0
7.17500, 14.0
7.18000, 16.0
7.18500, 14.0
7.19000, 6.0
7.19500, 6.0
7.20000, 9.0
7.20500, 8.0
7.21000, 12.0
7.21500, 8.0
7.22000, 14.0
7.22500, 6.0
7.23000, 12.0
7.23500, 10.0
7.24000, 17.0
7.24500, 12.0
7.25000, 7.0
7.25500, 10.0
7.26000, 8.0
7.26500, 10.0
7.27000, 3.0
7.27500, 9.0
7.28000, 9.0
7.28500, 11.0
7.29000, 12.0
7.29500, 9.0
7.30000, 12.0
7.30500, 11.0
7.31000, 7.0
7.31500, 15.0
7.32000, 6.0
7.32500, 6.0
7.33000, 10.0
7.33500, 9.0
7.34000, 6.0
7.34500, 11.0
7.35000, 7.0
7.35500, 10.0
7.36000, 5.0
7.36500, 10.0
7.37000, 10.0
7.37500, 8.0
7.38000, 8.0
7.38500, 9.0
7.39000, 11.0
7.39500, 8.0
7.40000, 9.0
7.40500, 9.0
7.41000, 10.0
7.41500, 8.0
7.42000, 11.0
7.42500, 11.0
7.43000, 10.0
7.43500, 14.0
7.44000, 11.0
7.44500, 13.0
7.45000, 10.0
7.45500, 11.0
7.46000, 9.0
7.46500, 11.0
7.47000, 9.0
7.47500, 12.0
7.48000, 9.0
7.48500, 5.0
7.49000, 8.0
7.49500, 7.0
7.50000, 6.0
7.50500, 3.0
7.51000, 9.0
7.51500, 8.0
7.52000, 5.0
7.52500, 11.0
7.53000, 8.0
7.53500, 10.0
7.54000, 10.0
7.54500, 7.0
7.55000, 16.0
7.55500, 9.0
7.56000, 11.0
7.56500, 9.0
7.57000, 7.0
7.57500, 8.0
7.58000, 10.0
7.58500, 9.0
7.59000, 7.0
7.59500, 8.0
7.60000, 7.0
7.60500, 3.0
7.61000, 7.0
7.61500, 4.0
7.62000, 6.0
7.62500, 7.0
7.63000, 6.0
7.63500, 5.0
7.64000, 8.0
7.64500, 7.0
7.65000, 3.0
7.65500, 4.0
7.66000, 8.0
7.66500, 7.0
7.67000, 4.0
7.67500, 9.0
7.68000, 5.0
7.68500, 5.0
7.69000, 10.0
7.69500, 4.0
7.70000, 10.0
7.70500, 7.0
7.71000, 6.0
7.71500, 7.0
7.72000, 5.0
7.72500, 6.0
7.73000, 7.0
7.73500, 2.0
7.74000, 7.0
7.74500, 13.0
7.75000, 9.0
7.75500, 3.0
7.76000, 8.0
7.76500, 7.0
7.77000, 10.0
7.77500, 4.0
7.78000, 1.0
7.78500, 6.0
7.79000, 7.0
7.79500, 5.0
7.80000, 12.0
7.80500, 9.0
7.81000, 9.0
7.81500, 3.0
7.82000, 10.0
7.82500, 11.0
7.83000, 3.0
7.83500, 11.0
7.84000, 8.0
7.84500, 7.0
7.85000, 9.0
7.85500, 7.0
7.86000, 3.0
7.86500, 10.0
7.87000, 16.0
7.87500, 6.0
7.88000, 8.0
7.88500, 7.0
7.89000, 6.0
7.89500, 3.0
7.90000, 8.0
7.90500, 8.0
7.91000, 7.0
7.91500, 5.0
7.92000, 8.0
7.92500, 9.0
7.93000, 6.0
7.93500, 5.0
7.94000, 7.0
7.94500, 3.0
7.95000, 4.0
7.95500, 10.0
7.96000, 5.0
7.96500, 7.0
7.97000, 6.0
7.97500, 8.0
7.98000, 9.0
7.98500, 4.0
7.99000, 7.0
7.99500, 6.0
8.00000, 8.0
8.00500, 5.0
8.01000, 4.0
8.01500, 7.0
8.02000, 3.0
8.02500, 7.0
8.03000, 8.0
8.03500, 1.0
8.04000, 3.0
8.04500, 3.0
8.05000, 5.0
8.05500, 4.0
8.06000, 4.0
8.06500, 7.0
8.07000, 5.0
8.07500, 12.0
8.08000, 4.0
8.08500, 6.0
8.09000, 6.0
8.09500, 11.0
8.10000, 6.0
8.10500, 8.0
8.11000, 5.0
8.11500, 5.0
8.12000, 10.0
8.12500, 5.0
8.13000, 1.0
8.13500, 7.0
8.14000, 4.0
8.14500, 5.0
8.15000, 6.0
8.15500, 3.0
8.16000, 4.0
8.16500, 6.0
8.17000, 7.0
8.17500, 7.0
8.18000, 6.0
8.18500, 4.0
8.19000, 6.0
8.19500, 10.0
8.20000, 7.0
8.20500, 5.0
8.21000, 4.0
8.21500, 4.0
8.22000, 8.0
8.22500, 2.0
8.23000, 5.0
8.23500, 5.0
8.24000, 4.0
8.24500, 3.0
8.25000, 5.0
8.25500, 9.0
8.26000, 4.0
8.26500, 5.0
8.27000, 2.0
8.27500, 3.0
8.28000, 3.0
8.28500, 5.0
8.29000, 10.0
8.29500, 3.0
8.30000, 7.0
8.30500, 4.0
8.31000, 3.0
8.31500, 5.0
8.32000, 6.0
8.32500, 1.0
8.33000, 3.0
8.33500, 5.0
8.34000, 3.0
8.34500, 5.0
8.35000, 6.0
8.35500, 7.0
8.36000, 6.0
8.36500, 6.0
8.37000, 2.0
8.37500, 3.0
8.38000, 8.0
8.38500, 4.0
8.39000, 9.0
8.39500, 6.0
8.40000, 4.0
8.40500, 7.0
8.41000, 9.0
8.41500, 6.0
8.42000, 4.0
8.42500, 6.0
8.43000, 5.0
8.43500, 5.0
8.44000, 2.0
8.44500, 4.0
8.45000, 4.0
8.45500, 3.0
8.46000, 4.0
8.46500, 8.0
8.47000, 5.0
8.47500, 5.0
8.48000, 4.0
8.48500, 2.0
8.49000, 10.0
8.49500, 5.0
8.50000, 3.0
8.50500, 4.0
8.51000, 3.0
8.51500, 5.0
8.52000, 4.0
8.52500, 6.0
8.53000, 4.0
8.53500, 5.0
8.54000, 6.0
8.54500, 2.0
8.55000, 3.0
8.55500, 6.0
8.56000, 8.0
8.56500, 1.0
8.57000, 1.0
8.57500, 3.0
8.58000, 2.0
8.58500, 4.0
8.59000, 3.0
8.59500, 4.0
8.60000, 6.0
8.60500, 3.0
8.61000, 2.0
8.61500, 3.0
8.62000, 7.0
8.62500, 0.0
8.63000, 6.0
8.63500, 2.0
8.64000, 2.0
8.64500, 4.0
8.65000, 3.0
8.65500, 6.0
8.66000, 3.0
8.66500, 3.0
8.67000, 4.0
8.67500, 4.0
8.68000, 7.0
8.68500, 2.0
8.69000, 4.0
8.69500, 3.0
8.70000, 6.0
8.70500, 6.0
8.71000, 1.0
8.71500, 3.0
8.72000, 6.0
8.72500, 1.0
8.73000, 4.0
8.73500, 3.0
8.74000, 2.0
8.74500, 2.0
8.75000, 4.0
8.75500, 2.0
8.76000, 1.0
8.76500, 2.0
8.77000, 3.0
8.77500, 4.0
8.78000, 3.0
8.78500, 3.0
8.79000, 2.0
8.79500, 4.0
8.80000, 3.0
8.80500, 4.0
8.81000, 5.0
8.81500, 4.0
8.82000, 1.0
8.82500, 2.0
8.83000, 4.0
8.83500, 8.0
8.84000, 2.0
8.84500, 2.0
8.85000, 1.0
8.85500, 3.0
8.86000, 1.0
8.86500, 2.0
8.87000, 1.0
8.87500, 1.0
8.88000, 1.0
8.88500, 1.0
8.89000, 4.0
8.89500, 1.0
8.90000, 4.0
8.90500, 0.0
8.91000, 3.0
8.91500, 3.0
8.92000, 5.0
8.92500, 6.0
8.93000, 1.0
8.93500, 1.0
8.94000, 2.0
8.94500, 4.0
8.95000, 1.0
8.95500, 0.0
8.96000, 0.0
8.96500, 3.0
8.97000, 4.0
8.97500, 5.0
8.98000, 3.0
8.98500, 7.0
8.99000, 1.0
8.99500, 4.0
9.00000, 2.0
9.00500, 1.0
9.01000, 2.0
9.01500, 1.0
9.02000, 1.0
9.02500, 2.0
9.03000, 6.0
9.03500, 3.0
9.04000, 4.0
9.04500, 1.0
9.05000, 2.0
9.05500, 4.0
9.06000, 1.0
9.06500, 2.0
9.07000, 5.0
9.07500, 3.0
9.08000, 3.0
9.08500, 2.0
9.09000, 1.0
9.09500, 2.0
9.10000, 2.0
9.10500, 4.0
9.11000, 0.0
9.11500, 3.0
9.12000, 3.0
9.12500, 3.0
9.13000, 4.0
9.13500, 1.0
9.14000, 1.0
9.14500, 4.0
9.15000, 5.0
9.15500, 1.0
9.16000, 1.0
9.16500, 1.0
9.17000, 6.0
9.17500, 3.0
9.18000, 3.0
9.18500, 1.0
9.19000, 0.0
9.19500, 1.0
9.20000, 2.0
9.20500, 0.0
9.21000, 1.0
9.21500, 0.0
9.22000, 1.0
9.22500, 5.0
9.23000, 1.0
9.23500, 0.0
9.24000, 1.0
9.24500, 0.0
9.25000, 0.0
9.25500, 1.0
9.26000, 2.0
9.26500, 2.0
9.27000, 4.0
9.27500, 0.0
9.28000, 1.0
9.28500, 2.0
9.29000, 1.0
9.29500, 0.0
9.30000, 2.0
9.30500, 1.0
9.31000, 0.0
9.31500, 5.0
9.32000, 3.0
9.32500, 1.0
9.33000, 2.0
9.33500, 1.0
9.34000, 1.0
9.34500, 1.0
9.35000, 2.0
9.35500, 0.0
9.36000, 2.0
9.36500, 0.0
9.37000, 2.0
9.37500, 2.0
9.38000, 4.0
9.38500, 2.0
9.39000, 3.0
9.39500, 0.0
9.40000, 1.0
9.40500, 1.0
9.41000, 2.0
9.41500, 0.0
9.42000, 2.0
9.42500, 0.0
9.43000, 2.0
9.43500, 2.0
9.44000, 2.0
9.44500, 2.0
9.45000, 1.0
9.45500, 2.0
9.46000, 1.0
9.46500, 3.0
9.47000, 2.0
9.47500, 0.0
9.48000, 0.0
9.48500, 1.0
9.49000, 2.0
9.49500, 0.0
9.50000, 1.0
9.50500, 1.0
9.51000, 1.0
9.51500, 1.0
9.52000, 2.0
9.52500, 1.0
9.53000, 2.0
9.53500, 1.0
9.54000, 1.0
9.54500, 2.0
9.55000, 2.0
9.55500, 0.0
9.56000, 2.0
9.56500, 0.0
9.57000, 2.0
9.57500, 2.0
9.58000, 1.0
9.58500, 0.0
9.59000, 2.0
9.59500, 1.0
9.60000, 4.0
9.60500, 1.0
9.61000, 0.0
9.61500, 0.0
9.62000, 0.0
9.62500, 0.0
9.63000, 1.0
9.63500, 1.0
9.64000, 0.0
9.64500, 1.0
9.65000, 1.0
9.65500, 1.0
9.66000, 2.0
9.66500, 1.0
9.67000, 0.0
9.67500, 1.0
9.68000, 1.0
9.68500, 0.0
9.69000, 0.0
9.69500, 1.0
9.70000, 1.0
9.70500, 1.0
9.71000, 1.0
9.71500, 0.0
9.72000, 1.0
9.72500, 1.0
9.73000, 0.0
9.73500, 0.0
9.74000, 0.0
9.74500, 0.0
9.75000, 2.0
9.75500, 0.0
9.76000, 1.0
9.76500, 1.0
9.77000, 0.0
9.77500, 0.0
9.78000, 2.0
9.78500, 2.0
9.79000, 0.0
9.79500, 1.0
9.80000, 0.0
9.80500, 0.0
9.81000, 0.0
9.81500, 0.0
9.82000, 1.0
9.82500, 0.0
9.83000, 0.0
9.83500, 0.0
9.84000, 0.0
9.84500, 1.0
9.85000, 1.0
9.85500, 0.0
9.86000, 1.0
9.86500, 0.0
9.87000, 0.0
9.87500, 0.0
9.88000, 0.0
9.88500, 0.0
9.89000, 1.0
9.89500, 0.0
9.90000, 0.0
9.90500, 0.0
9.91000, 1.0
9.91500, 0.0
9.92000, 0.0
9.92500, 0.0
9.93000, 0.0
9.93500, 1.0
9.94000, 1.0
9.94500, 0.0
9.95000, 1.0
9.95500, 0.0
9.96000, 0.0
9.96500, 0.0
9.97000, 0.0
9.97500, 0.0
9.98000, 0.0
9.98500, 0.0
9.99000, 0.0
9.99500, 0.0
10.00000, 0.0
10.00500, 0.0
10.01000, 0.0
10.01500, 0.0
10.02000, 0.0
10.02500, 1.0
10.03000, 0.0
10.03500, 0.0
10.04000, 0.0
10.04500, 0.0
10.05000, 0.0
10.05500, 0.0
10.06000, 0.0
10.06500, 0.0
10.07000, 0.0
10.07500, 0.0
10.08000, 1.0
10.08500, 0.0
10.09000, 0.0
10.09500, 0.0
10.10000, 0.0
10.10500, 0.0
10.11000, 0.0
10.11500, 0.0
10.12000, 0.0
10.12500, 0.0
10.13000, 0.0
10.13500, 0.0
#ENDOFDATA   : 
