#FORMAT      : EMSA/MAS Spectral Data File
#VERSION     : 1.0
#TITLE       : 20250425_10K_D2_area2_3
#DATE        : 24-APR-2025
#TIME        : 10:33
#OWNER       : 
#NPOINTS     : 2048.0
#NCOLUMNS    : 1.0
#XUNITS      : keV
#YUNITS      : counts
#DATATYPE    : XY
#XPERCHAN    : 0.005
#OFFSET      : -0.1
#SIGNALTYPE  : EDS
#CHOFFSET    : 20.0
#LIVETIME    : 60.0
#REALTIME    : 61.904815674
#BEAMKV      : 10.0
#MAGCAM      : 1800.0
#XTILTSTGE   : 0.0
#AZIMANGLE   : 0.0
#ELEVANGLE   : 29.0
#XPOSITION mm: 2.4460
#YPOSITION mm: 0.1345
#ZPOSITION mm: 13.5200
##OXINSTPT   : 2
##OXINSTSTROB: 67.51
#SPECTRUM    : Spectral Data Starts Here
-0.10000, 0.0
-0.09500, 0.0
-0.09000, 0.0
-0.08500, 0.0
-0.08000, 0.0
-0.07500, 1.0
-0.07000, 2.0
-0.06500, 3.0
-0.06000, 4.0
-0.05500, 5.0
-0.05000, 12.0
-0.04500, 21.0
-0.04000, 34.0
-0.03500, 50.0
-0.03000, 69.0
-0.02500, 94.0
-0.02000, 144.0
-0.01500, 203.0
-0.01000, 246.0
-0.00500, 287.0
0.00000, 358.0
0.00500, 502.0
0.01000, 525.0
0.01500, 635.0
0.02000, 775.0
0.02500, 884.0
0.03000, 918.0
0.03500, 992.0
0.04000, 1022.0
0.04500, 1071.0
0.05000, 1089.0
0.05500, 1027.0
0.06000, 995.0
0.06500, 914.0
0.07000, 867.0
0.07500, 784.0
0.08000, 662.0
0.08500, 561.0
0.09000, 449.0
0.09500, 353.0
0.10000, 286.0
0.10500, 235.0
0.11000, 190.0
0.11500, 144.0
0.12000, 128.0
0.12500, 97.0
0.13000, 71.0
0.13500, 63.0
0.14000, 69.0
0.14500, 69.0
0.15000, 65.0
0.15500, 71.0
0.16000, 66.0
0.16500, 55.0
0.17000, 59.0
0.17500, 65.0
0.18000, 63.0
0.18500, 57.0
0.19000, 54.0
0.19500, 62.0
0.20000, 64.0
0.20500, 70.0
0.21000, 59.0
0.21500, 78.0
0.22000, 75.0
0.22500, 88.0
0.23000, 89.0
0.23500, 102.0
0.24000, 108.0
0.24500, 104.0
0.25000, 117.0
0.25500, 130.0
0.26000, 140.0
0.26500, 137.0
0.27000, 132.0
0.27500, 126.0
0.28000, 131.0
0.28500, 123.0
0.29000, 112.0
0.29500, 124.0
0.30000, 116.0
0.30500, 101.0
0.31000, 95.0
0.31500, 99.0
0.32000, 87.0
0.32500, 91.0
0.33000, 81.0
0.33500, 82.0
0.34000, 73.0
0.34500, 66.0
0.35000, 73.0
0.35500, 84.0
0.36000, 95.0
0.36500, 96.0
0.37000, 110.0
0.37500, 111.0
0.38000, 122.0
0.38500, 133.0
0.39000, 140.0
0.39500, 139.0
0.40000, 153.0
0.40500, 172.0
0.41000, 162.0
0.41500, 218.0
0.42000, 263.0
0.42500, 273.0
0.43000, 344.0
0.43500, 402.0
0.44000, 519.0
0.44500, 638.0
0.45000, 809.0
0.45500, 1021.0
0.46000, 1368.0
0.46500, 1704.0
0.47000, 2098.0
0.47500, 2404.0
0.48000, 2907.0
0.48500, 3515.0
0.49000, 3982.0
0.49500, 4525.0
0.50000, 5015.0
0.50500, 5531.0
0.51000, 5839.0
0.51500, 6130.0
0.52000, 6223.0
0.52500, 6304.0
0.53000, 6279.0
0.53500, 5898.0
0.54000, 5402.0
0.54500, 4867.0
0.55000, 4407.0
0.55500, 3857.0
0.56000, 3321.0
0.56500, 2769.0
0.57000, 2221.0
0.57500, 1809.0
0.58000, 1462.0
0.58500, 1077.0
0.59000, 845.0
0.59500, 669.0
0.60000, 495.0
0.60500, 345.0
0.61000, 260.0
0.61500, 216.0
0.62000, 175.0
0.62500, 131.0
0.63000, 120.0
0.63500, 114.0
0.64000, 100.0
0.64500, 98.0
0.65000, 103.0
0.65500, 110.0
0.66000, 115.0
0.66500, 114.0
0.67000, 99.0
0.67500, 108.0
0.68000, 114.0
0.68500, 124.0
0.69000, 114.0
0.69500, 121.0
0.70000, 115.0
0.70500, 101.0
0.71000, 121.0
0.71500, 139.0
0.72000, 119.0
0.72500, 133.0
0.73000, 130.0
0.73500, 139.0
0.74000, 124.0
0.74500, 117.0
0.75000, 146.0
0.75500, 149.0
0.76000, 129.0
0.76500, 131.0
0.77000, 135.0
0.77500, 153.0
0.78000, 143.0
0.78500, 137.0
0.79000, 139.0
0.79500, 158.0
0.80000, 135.0
0.80500, 150.0
0.81000, 156.0
0.81500, 137.0
0.82000, 163.0
0.82500, 157.0
0.83000, 153.0
0.83500, 157.0
0.84000, 153.0
0.84500, 161.0
0.85000, 163.0
0.85500, 171.0
0.86000, 171.0
0.86500, 173.0
0.87000, 169.0
0.87500, 170.0
0.88000, 160.0
0.88500, 173.0
0.89000, 171.0
0.89500, 171.0
0.90000, 180.0
0.90500, 198.0
0.91000, 193.0
0.91500, 187.0
0.92000, 172.0
0.92500, 169.0
0.93000, 182.0
0.93500, 170.0
0.94000, 175.0
0.94500, 175.0
0.95000, 192.0
0.95500, 192.0
0.96000, 197.0
0.96500, 180.0
0.97000, 183.0
0.97500, 194.0
0.98000, 192.0
0.98500, 187.0
0.99000, 182.0
0.99500, 192.0
1.00000, 180.0
1.00500, 204.0
1.01000, 185.0
1.01500, 200.0
1.02000, 190.0
1.02500, 208.0
1.03000, 209.0
1.03500, 196.0
1.04000, 177.0
1.04500, 200.0
1.05000, 198.0
1.05500, 183.0
1.06000, 202.0
1.06500, 195.0
1.07000, 193.0
1.07500, 208.0
1.08000, 206.0
1.08500, 194.0
1.09000, 198.0
1.09500, 206.0
1.10000, 192.0
1.10500, 197.0
1.11000, 174.0
1.11500, 194.0
1.12000, 193.0
1.12500, 204.0
1.13000, 213.0
1.13500, 199.0
1.14000, 195.0
1.14500, 209.0
1.15000, 200.0
1.15500, 190.0
1.16000, 178.0
1.16500, 195.0
1.17000, 205.0
1.17500, 185.0
1.18000, 194.0
1.18500, 199.0
1.19000, 191.0
1.19500, 206.0
1.20000, 212.0
1.20500, 205.0
1.21000, 213.0
1.21500, 190.0
1.22000, 193.0
1.22500, 205.0
1.23000, 190.0
1.23500, 199.0
1.24000, 193.0
1.24500, 179.0
1.25000, 187.0
1.25500, 208.0
1.26000, 201.0
1.26500, 210.0
1.27000, 199.0
1.27500, 192.0
1.28000, 178.0
1.28500, 209.0
1.29000, 185.0
1.29500, 198.0
1.30000, 202.0
1.30500, 205.0
1.31000, 208.0
1.31500, 187.0
1.32000, 212.0
1.32500, 205.0
1.33000, 191.0
1.33500, 175.0
1.34000, 201.0
1.34500, 197.0
1.35000, 208.0
1.35500, 210.0
1.36000, 191.0
1.36500, 206.0
1.37000, 189.0
1.37500, 189.0
1.38000, 208.0
1.38500, 208.0
1.39000, 192.0
1.39500, 191.0
1.40000, 190.0
1.40500, 220.0
1.41000, 218.0
1.41500, 197.0
1.42000, 202.0
1.42500, 182.0
1.43000, 185.0
1.43500, 193.0
1.44000, 184.0
1.44500, 213.0
1.45000, 195.0
1.45500, 198.0
1.46000, 204.0
1.46500, 242.0
1.47000, 238.0
1.47500, 219.0
1.48000, 210.0
1.48500, 215.0
1.49000, 251.0
1.49500, 233.0
1.50000, 222.0
1.50500, 232.0
1.51000, 237.0
1.51500, 250.0
1.52000, 221.0
1.52500, 256.0
1.53000, 235.0
1.53500, 212.0
1.54000, 242.0
1.54500, 231.0
1.55000, 236.0
1.55500, 218.0
1.56000, 214.0
1.56500, 237.0
1.57000, 227.0
1.57500, 196.0
1.58000, 244.0
1.58500, 257.0
1.59000, 242.0
1.59500, 244.0
1.60000, 270.0
1.60500, 275.0
1.61000, 282.0
1.61500, 329.0
1.62000, 382.0
1.62500, 419.0
1.63000, 482.0
1.63500, 605.0
1.64000, 768.0
1.64500, 927.0
1.65000, 1253.0
1.65500, 1525.0
1.66000, 1928.0
1.66500, 2393.0
1.67000, 3077.0
1.67500, 3665.0
1.68000, 4367.0
1.68500, 5325.0
1.69000, 6366.0
1.69500, 7331.0
1.70000, 8396.0
1.70500, 9427.0
1.71000, 10530.0
1.71500, 11800.0
1.72000, 12483.0
1.72500, 13384.0
1.73000, 14093.0
1.73500, 14457.0
1.74000, 14679.0
1.74500, 14746.0
1.75000, 14325.0
1.75500, 13940.0
1.76000, 13441.0
1.76500, 12541.0
1.77000, 11798.0
1.77500, 10639.0
1.78000, 9632.0
1.78500, 8561.0
1.79000, 7525.0
1.79500, 6574.0
1.80000, 5687.0
1.80500, 4819.0
1.81000, 3949.0
1.81500, 3369.0
1.82000, 2915.0
1.82500, 2452.0
1.83000, 1969.0
1.83500, 1735.0
1.84000, 1385.0
1.84500, 1191.0
1.85000, 1035.0
1.85500, 920.0
1.86000, 798.0
1.86500, 651.0
1.87000, 608.0
1.87500, 547.0
1.88000, 447.0
1.88500, 402.0
1.89000, 359.0
1.89500, 338.0
1.90000, 278.0
1.90500, 252.0
1.91000, 219.0
1.91500, 192.0
1.92000, 167.0
1.92500, 178.0
1.93000, 143.0
1.93500, 128.0
1.94000, 96.0
1.94500, 104.0
1.95000, 105.0
1.95500, 116.0
1.96000, 98.0
1.96500, 100.0
1.97000, 92.0
1.97500, 77.0
1.98000, 92.0
1.98500, 97.0
1.99000, 76.0
1.99500, 93.0
2.00000, 89.0
2.00500, 96.0
2.01000, 91.0
2.01500, 91.0
2.02000, 89.0
2.02500, 83.0
2.03000, 99.0
2.03500, 88.0
2.04000, 96.0
2.04500, 92.0
2.05000, 85.0
2.05500, 86.0
2.06000, 98.0
2.06500, 85.0
2.07000, 92.0
2.07500, 85.0
2.08000, 90.0
2.08500, 93.0
2.09000, 86.0
2.09500, 91.0
2.10000, 87.0
2.10500, 89.0
2.11000, 84.0
2.11500, 94.0
2.12000, 86.0
2.12500, 100.0
2.13000, 86.0
2.13500, 88.0
2.14000, 97.0
2.14500, 85.0
2.15000, 75.0
2.15500, 90.0
2.16000, 84.0
2.16500, 75.0
2.17000, 79.0
2.17500, 91.0
2.18000, 74.0
2.18500, 85.0
2.19000, 99.0
2.19500, 107.0
2.20000, 108.0
2.20500, 93.0
2.21000, 104.0
2.21500, 98.0
2.22000, 116.0
2.22500, 118.0
2.23000, 106.0
2.23500, 121.0
2.24000, 117.0
2.24500, 121.0
2.25000, 128.0
2.25500, 133.0
2.26000, 137.0
2.26500, 143.0
2.27000, 170.0
2.27500, 166.0
2.28000, 137.0
2.28500, 152.0
2.29000, 167.0
2.29500, 159.0
2.30000, 150.0
2.30500, 168.0
2.31000, 162.0
2.31500, 157.0
2.32000, 141.0
2.32500, 167.0
2.33000, 131.0
2.33500, 131.0
2.34000, 138.0
2.34500, 129.0
2.35000, 119.0
2.35500, 117.0
2.36000, 121.0
2.36500, 119.0
2.37000, 121.0
2.37500, 124.0
2.38000, 116.0
2.38500, 120.0
2.39000, 111.0
2.39500, 100.0
2.40000, 100.0
2.40500, 92.0
2.41000, 113.0
2.41500, 103.0
2.42000, 89.0
2.42500, 110.0
2.43000, 86.0
2.43500, 93.0
2.44000, 99.0
2.44500, 104.0
2.45000, 92.0
2.45500, 87.0
2.46000, 77.0
2.46500, 87.0
2.47000, 97.0
2.47500, 84.0
2.48000, 84.0
2.48500, 79.0
2.49000, 78.0
2.49500, 80.0
2.50000, 71.0
2.50500, 83.0
2.51000, 88.0
2.51500, 74.0
2.52000, 83.0
2.52500, 82.0
2.53000, 100.0
2.53500, 75.0
2.54000, 71.0
2.54500, 85.0
2.55000, 81.0
2.55500, 83.0
2.56000, 81.0
2.56500, 91.0
2.57000, 76.0
2.57500, 86.0
2.58000, 80.0
2.58500, 70.0
2.59000, 62.0
2.59500, 74.0
2.60000, 73.0
2.60500, 74.0
2.61000, 79.0
2.61500, 73.0
2.62000, 75.0
2.62500, 72.0
2.63000, 71.0
2.63500, 70.0
2.64000, 62.0
2.64500, 64.0
2.65000, 67.0
2.65500, 69.0
2.66000, 67.0
2.66500, 69.0
2.67000, 68.0
2.67500, 71.0
2.68000, 69.0
2.68500, 70.0
2.69000, 78.0
2.69500, 74.0
2.70000, 76.0
2.70500, 61.0
2.71000, 74.0
2.71500, 69.0
2.72000, 89.0
2.72500, 96.0
2.73000, 61.0
2.73500, 66.0
2.74000, 87.0
2.74500, 82.0
2.75000, 91.0
2.75500, 75.0
2.76000, 64.0
2.76500, 70.0
2.77000, 76.0
2.77500, 68.0
2.78000, 67.0
2.78500, 73.0
2.79000, 82.0
2.79500, 75.0
2.80000, 66.0
2.80500, 66.0
2.81000, 63.0
2.81500, 72.0
2.82000, 72.0
2.82500, 73.0
2.83000, 59.0
2.83500, 67.0
2.84000, 65.0
2.84500, 78.0
2.85000, 64.0
2.85500, 66.0
2.86000, 61.0
2.86500, 62.0
2.87000, 60.0
2.87500, 55.0
2.88000, 66.0
2.88500, 61.0
2.89000, 63.0
2.89500, 69.0
2.90000, 67.0
2.90500, 77.0
2.91000, 59.0
2.91500, 59.0
2.92000, 73.0
2.92500, 84.0
2.93000, 68.0
2.93500, 66.0
2.94000, 68.0
2.94500, 77.0
2.95000, 77.0
2.95500, 66.0
2.96000, 73.0
2.96500, 74.0
2.97000, 75.0
2.97500, 57.0
2.98000, 63.0
2.98500, 61.0
2.99000, 53.0
2.99500, 78.0
3.00000, 61.0
3.00500, 64.0
3.01000, 68.0
3.01500, 65.0
3.02000, 76.0
3.02500, 66.0
3.03000, 67.0
3.03500, 63.0
3.04000, 65.0
3.04500, 74.0
3.05000, 68.0
3.05500, 71.0
3.06000, 69.0
3.06500, 59.0
3.07000, 61.0
3.07500, 65.0
3.08000, 69.0
3.08500, 66.0
3.09000, 56.0
3.09500, 69.0
3.10000, 67.0
3.10500, 59.0
3.11000, 53.0
3.11500, 72.0
3.12000, 61.0
3.12500, 77.0
3.13000, 71.0
3.13500, 69.0
3.14000, 74.0
3.14500, 63.0
3.15000, 77.0
3.15500, 58.0
3.16000, 58.0
3.16500, 62.0
3.17000, 61.0
3.17500, 66.0
3.18000, 64.0
3.18500, 63.0
3.19000, 55.0
3.19500, 74.0
3.20000, 67.0
3.20500, 62.0
3.21000, 55.0
3.21500, 63.0
3.22000, 65.0
3.22500, 47.0
3.23000, 54.0
3.23500, 51.0
3.24000, 68.0
3.24500, 55.0
3.25000, 62.0
3.25500, 52.0
3.26000, 80.0
3.26500, 63.0
3.27000, 60.0
3.27500, 50.0
3.28000, 57.0
3.28500, 68.0
3.29000, 55.0
3.29500, 59.0
3.30000, 54.0
3.30500, 71.0
3.31000, 64.0
3.31500, 63.0
3.32000, 52.0
3.32500, 53.0
3.33000, 63.0
3.33500, 61.0
3.34000, 58.0
3.34500, 62.0
3.35000, 66.0
3.35500, 52.0
3.36000, 50.0
3.36500, 63.0
3.37000, 58.0
3.37500, 50.0
3.38000, 52.0
3.38500, 52.0
3.39000, 48.0
3.39500, 48.0
3.40000, 65.0
3.40500, 71.0
3.41000, 66.0
3.41500, 66.0
3.42000, 62.0
3.42500, 71.0
3.43000, 75.0
3.43500, 69.0
3.44000, 78.0
3.44500, 69.0
3.45000, 78.0
3.45500, 77.0
3.46000, 72.0
3.46500, 76.0
3.47000, 80.0
3.47500, 83.0
3.48000, 83.0
3.48500, 68.0
3.49000, 67.0
3.49500, 69.0
3.50000, 69.0
3.50500, 77.0
3.51000, 78.0
3.51500, 70.0
3.52000, 63.0
3.52500, 72.0
3.53000, 65.0
3.53500, 51.0
3.54000, 64.0
3.54500, 65.0
3.55000, 72.0
3.55500, 66.0
3.56000, 68.0
3.56500, 60.0
3.57000, 58.0
3.57500, 54.0
3.58000, 65.0
3.58500, 48.0
3.59000, 58.0
3.59500, 51.0
3.60000, 51.0
3.60500, 55.0
3.61000, 55.0
3.61500, 65.0
3.62000, 63.0
3.62500, 58.0
3.63000, 60.0
3.63500, 61.0
3.64000, 45.0
3.64500, 48.0
3.65000, 47.0
3.65500, 55.0
3.66000, 48.0
3.66500, 43.0
3.67000, 46.0
3.67500, 44.0
3.68000, 48.0
3.68500, 52.0
3.69000, 47.0
3.69500, 47.0
3.70000, 70.0
3.70500, 66.0
3.71000, 54.0
3.71500, 41.0
3.72000, 50.0
3.72500, 44.0
3.73000, 45.0
3.73500, 46.0
3.74000, 38.0
3.74500, 41.0
3.75000, 59.0
3.75500, 49.0
3.76000, 39.0
3.76500, 44.0
3.77000, 49.0
3.77500, 51.0
3.78000, 45.0
3.78500, 47.0
3.79000, 39.0
3.79500, 41.0
3.80000, 45.0
3.80500, 36.0
3.81000, 43.0
3.81500, 45.0
3.82000, 49.0
3.82500, 48.0
3.83000, 46.0
3.83500, 46.0
3.84000, 46.0
3.84500, 47.0
3.85000, 43.0
3.85500, 42.0
3.86000, 37.0
3.86500, 39.0
3.87000, 37.0
3.87500, 41.0
3.88000, 43.0
3.88500, 49.0
3.89000, 54.0
3.89500, 49.0
3.90000, 53.0
3.90500, 43.0
3.91000, 41.0
3.91500, 45.0
3.92000, 41.0
3.92500, 44.0
3.93000, 38.0
3.93500, 34.0
3.94000, 49.0
3.94500, 51.0
3.95000, 48.0
3.95500, 41.0
3.96000, 34.0
3.96500, 44.0
3.97000, 40.0
3.97500, 44.0
3.98000, 35.0
3.98500, 43.0
3.99000, 37.0
3.99500, 52.0
4.00000, 50.0
4.00500, 46.0
4.01000, 43.0
4.01500, 43.0
4.02000, 47.0
4.02500, 32.0
4.03000, 44.0
4.03500, 53.0
4.04000, 42.0
4.04500, 39.0
4.05000, 43.0
4.05500, 45.0
4.06000, 32.0
4.06500, 39.0
4.07000, 50.0
4.07500, 49.0
4.08000, 51.0
4.08500, 46.0
4.09000, 53.0
4.09500, 58.0
4.10000, 41.0
4.10500, 52.0
4.11000, 34.0
4.11500, 45.0
4.12000, 50.0
4.12500, 41.0
4.13000, 42.0
4.13500, 40.0
4.14000, 48.0
4.14500, 47.0
4.15000, 43.0
4.15500, 42.0
4.16000, 37.0
4.16500, 37.0
4.17000, 51.0
4.17500, 44.0
4.18000, 47.0
4.18500, 38.0
4.19000, 37.0
4.19500, 38.0
4.20000, 31.0
4.20500, 34.0
4.21000, 38.0
4.21500, 38.0
4.22000, 50.0
4.22500, 39.0
4.23000, 42.0
4.23500, 44.0
4.24000, 39.0
4.24500, 39.0
4.25000, 44.0
4.25500, 40.0
4.26000, 48.0
4.26500, 37.0
4.27000, 32.0
4.27500, 27.0
4.28000, 39.0
4.28500, 36.0
4.29000, 34.0
4.29500, 36.0
4.30000, 28.0
4.30500, 36.0
4.31000, 33.0
4.31500, 38.0
4.32000, 43.0
4.32500, 49.0
4.33000, 39.0
4.33500, 39.0
4.34000, 26.0
4.34500, 33.0
4.35000, 36.0
4.35500, 32.0
4.36000, 31.0
4.36500, 36.0
4.37000, 35.0
4.37500, 31.0
4.38000, 36.0
4.38500, 40.0
4.39000, 36.0
4.39500, 32.0
4.40000, 46.0
4.40500, 42.0
4.41000, 35.0
4.41500, 39.0
4.42000, 29.0
4.42500, 32.0
4.43000, 38.0
4.43500, 41.0
4.44000, 31.0
4.44500, 39.0
4.45000, 40.0
4.45500, 32.0
4.46000, 39.0
4.46500, 44.0
4.47000, 37.0
4.47500, 39.0
4.48000, 41.0
4.48500, 35.0
4.49000, 40.0
4.49500, 49.0
4.50000, 40.0
4.50500, 34.0
4.51000, 34.0
4.51500, 35.0
4.52000, 38.0
4.52500, 38.0
4.53000, 26.0
4.53500, 23.0
4.54000, 39.0
4.54500, 34.0
4.55000, 33.0
4.55500, 28.0
4.56000, 42.0
4.56500, 40.0
4.57000, 26.0
4.57500, 33.0
4.58000, 34.0
4.58500, 32.0
4.59000, 33.0
4.59500, 30.0
4.60000, 32.0
4.60500, 32.0
4.61000, 39.0
4.61500, 30.0
4.62000, 26.0
4.62500, 27.0
4.63000, 28.0
4.63500, 39.0
4.64000, 35.0
4.64500, 31.0
4.65000, 33.0
4.65500, 26.0
4.66000, 30.0
4.66500, 28.0
4.67000, 23.0
4.67500, 25.0
4.68000, 35.0
4.68500, 37.0
4.69000, 28.0
4.69500, 39.0
4.70000, 38.0
4.70500, 40.0
4.71000, 26.0
4.71500, 33.0
4.72000, 36.0
4.72500, 37.0
4.73000, 30.0
4.73500, 38.0
4.74000, 30.0
4.74500, 23.0
4.75000, 26.0
4.75500, 35.0
4.76000, 39.0
4.76500, 31.0
4.77000, 25.0
4.77500, 34.0
4.78000, 40.0
4.78500, 30.0
4.79000, 30.0
4.79500, 36.0
4.80000, 25.0
4.80500, 33.0
4.81000, 25.0
4.81500, 28.0
4.82000, 37.0
4.82500, 26.0
4.83000, 31.0
4.83500, 34.0
4.84000, 27.0
4.84500, 40.0
4.85000, 34.0
4.85500, 33.0
4.86000, 22.0
4.86500, 36.0
4.87000, 33.0
4.87500, 26.0
4.88000, 31.0
4.88500, 38.0
4.89000, 31.0
4.89500, 23.0
4.90000, 25.0
4.90500, 31.0
4.91000, 26.0
4.91500, 33.0
4.92000, 30.0
4.92500, 32.0
4.93000, 32.0
4.93500, 25.0
4.94000, 24.0
4.94500, 22.0
4.95000, 34.0
4.95500, 25.0
4.96000, 23.0
4.96500, 30.0
4.97000, 28.0
4.97500, 22.0
4.98000, 35.0
4.98500, 31.0
4.99000, 28.0
4.99500, 29.0
5.00000, 27.0
5.00500, 31.0
5.01000, 25.0
5.01500, 26.0
5.02000, 18.0
5.02500, 27.0
5.03000, 22.0
5.03500, 23.0
5.04000, 20.0
5.04500, 37.0
5.05000, 29.0
5.05500, 27.0
5.06000, 33.0
5.06500, 35.0
5.07000, 28.0
5.07500, 30.0
5.08000, 26.0
5.08500, 23.0
5.09000, 26.0
5.09500, 26.0
5.10000, 30.0
5.10500, 23.0
5.11000, 23.0
5.11500, 28.0
5.12000, 18.0
5.12500, 28.0
5.13000, 34.0
5.13500, 25.0
5.14000, 28.0
5.14500, 21.0
5.15000, 29.0
5.15500, 19.0
5.16000, 34.0
5.16500, 26.0
5.17000, 30.0
5.17500, 14.0
5.18000, 36.0
5.18500, 32.0
5.19000, 23.0
5.19500, 22.0
5.20000, 21.0
5.20500, 30.0
5.21000, 22.0
5.21500, 31.0
5.22000, 30.0
5.22500, 27.0
5.23000, 20.0
5.23500, 25.0
5.24000, 24.0
5.24500, 29.0
5.25000, 27.0
5.25500, 35.0
5.26000, 33.0
5.26500, 25.0
5.27000, 17.0
5.27500, 23.0
5.28000, 27.0
5.28500, 26.0
5.29000, 31.0
5.29500, 23.0
5.30000, 26.0
5.30500, 31.0
5.31000, 27.0
5.31500, 15.0
5.32000, 25.0
5.32500, 25.0
5.33000, 21.0
5.33500, 19.0
5.34000, 26.0
5.34500, 29.0
5.35000, 26.0
5.35500, 26.0
5.36000, 26.0
5.36500, 18.0
5.37000, 25.0
5.37500, 14.0
5.38000, 27.0
5.38500, 22.0
5.39000, 29.0
5.39500, 23.0
5.40000, 23.0
5.40500, 30.0
5.41000, 23.0
5.41500, 20.0
5.42000, 27.0
5.42500, 22.0
5.43000, 27.0
5.43500, 20.0
5.44000, 32.0
5.44500, 21.0
5.45000, 18.0
5.45500, 25.0
5.46000, 22.0
5.46500, 30.0
5.47000, 20.0
5.47500, 32.0
5.48000, 17.0
5.48500, 20.0
5.49000, 21.0
5.49500, 17.0
5.50000, 25.0
5.50500, 33.0
5.51000, 22.0
5.51500, 15.0
5.52000, 24.0
5.52500, 16.0
5.53000, 17.0
5.53500, 26.0
5.54000, 26.0
5.54500, 19.0
5.55000, 26.0
5.55500, 21.0
5.56000, 14.0
5.56500, 15.0
5.57000, 24.0
5.57500, 16.0
5.58000, 24.0
5.58500, 26.0
5.59000, 24.0
5.59500, 21.0
5.60000, 20.0
5.60500, 23.0
5.61000, 19.0
5.61500, 12.0
5.62000, 20.0
5.62500, 19.0
5.63000, 19.0
5.63500, 19.0
5.64000, 28.0
5.64500, 18.0
5.65000, 23.0
5.65500, 14.0
5.66000, 23.0
5.66500, 18.0
5.67000, 22.0
5.67500, 15.0
5.68000, 22.0
5.68500, 24.0
5.69000, 25.0
5.69500, 28.0
5.70000, 18.0
5.70500, 23.0
5.71000, 16.0
5.71500, 26.0
5.72000, 13.0
5.72500, 20.0
5.73000, 25.0
5.73500, 21.0
5.74000, 12.0
5.74500, 27.0
5.75000, 25.0
5.75500, 24.0
5.76000, 23.0
5.76500, 33.0
5.77000, 18.0
5.77500, 19.0
5.78000, 15.0
5.78500, 22.0
5.79000, 24.0
5.79500, 16.0
5.80000, 20.0
5.80500, 17.0
5.81000, 26.0
5.81500, 26.0
5.82000, 29.0
5.82500, 16.0
5.83000, 13.0
5.83500, 19.0
5.84000, 18.0
5.84500, 22.0
5.85000, 11.0
5.85500, 18.0
5.86000, 18.0
5.86500, 28.0
5.87000, 17.0
5.87500, 20.0
5.88000, 14.0
5.88500, 22.0
5.89000, 14.0
5.89500, 19.0
5.90000, 21.0
5.90500, 17.0
5.91000, 16.0
5.91500, 21.0
5.92000, 17.0
5.92500, 15.0
5.93000, 18.0
5.93500, 17.0
5.94000, 22.0
5.94500, 24.0
5.95000, 15.0
5.95500, 18.0
5.96000, 20.0
5.96500, 16.0
5.97000, 24.0
5.97500, 24.0
5.98000, 15.0
5.98500, 19.0
5.99000, 14.0
5.99500, 23.0
6.00000, 18.0
6.00500, 29.0
6.01000, 18.0
6.01500, 16.0
6.02000, 20.0
6.02500, 26.0
6.03000, 18.0
6.03500, 14.0
6.04000, 15.0
6.04500, 26.0
6.05000, 19.0
6.05500, 12.0
6.06000, 18.0
6.06500, 21.0
6.07000, 24.0
6.07500, 11.0
6.08000, 18.0
6.08500, 17.0
6.09000, 22.0
6.09500, 15.0
6.10000, 17.0
6.10500, 20.0
6.11000, 11.0
6.11500, 20.0
6.12000, 23.0
6.12500, 17.0
6.13000, 14.0
6.13500, 20.0
6.14000, 21.0
6.14500, 16.0
6.15000, 23.0
6.15500, 24.0
6.16000, 13.0
6.16500, 11.0
6.17000, 26.0
6.17500, 19.0
6.18000, 18.0
6.18500, 15.0
6.19000, 23.0
6.19500, 12.0
6.20000, 13.0
6.20500, 20.0
6.21000, 24.0
6.21500, 14.0
6.22000, 13.0
6.22500, 14.0
6.23000, 17.0
6.23500, 8.0
6.24000, 13.0
6.24500, 9.0
6.25000, 15.0
6.25500, 20.0
6.26000, 12.0
6.26500, 18.0
6.27000, 19.0
6.27500, 14.0
6.28000, 20.0
6.28500, 6.0
6.29000, 23.0
6.29500, 18.0
6.30000, 19.0
6.30500, 18.0
6.31000, 12.0
6.31500, 15.0
6.32000, 19.0
6.32500, 14.0
6.33000, 22.0
6.33500, 12.0
6.34000, 18.0
6.34500, 15.0
6.35000, 17.0
6.35500, 16.0
6.36000, 16.0
6.36500, 15.0
6.37000, 18.0
6.37500, 20.0
6.38000, 18.0
6.38500, 20.0
6.39000, 13.0
6.39500, 15.0
6.40000, 9.0
6.40500, 12.0
6.41000, 12.0
6.41500, 15.0
6.42000, 22.0
6.42500, 14.0
6.43000, 20.0
6.43500, 15.0
6.44000, 13.0
6.44500, 19.0
6.45000, 21.0
6.45500, 17.0
6.46000, 22.0
6.46500, 15.0
6.47000, 9.0
6.47500, 9.0
6.48000, 7.0
6.48500, 21.0
6.49000, 14.0
6.49500, 16.0
6.50000, 13.0
6.50500, 13.0
6.51000, 10.0
6.51500, 17.0
6.52000, 9.0
6.52500, 12.0
6.53000, 11.0
6.53500, 17.0
6.54000, 12.0
6.54500, 18.0
6.55000, 12.0
6.55500, 14.0
6.56000, 23.0
6.56500, 12.0
6.57000, 11.0
6.57500, 14.0
6.58000, 14.0
6.58500, 7.0
6.59000, 15.0
6.59500, 17.0
6.60000, 15.0
6.60500, 17.0
6.61000, 16.0
6.61500, 18.0
6.62000, 9.0
6.62500, 11.0
6.63000, 19.0
6.63500, 10.0
6.64000, 14.0
6.64500, 14.0
6.65000, 12.0
6.65500, 9.0
6.66000, 10.0
6.66500, 16.0
6.67000, 18.0
6.67500, 13.0
6.68000, 21.0
6.68500, 9.0
6.69000, 14.0
6.69500, 13.0
6.70000, 15.0
6.70500, 12.0
6.71000, 11.0
6.71500, 7.0
6.72000, 13.0
6.72500, 17.0
6.73000, 14.0
6.73500, 18.0
6.74000, 17.0
6.74500, 13.0
6.75000, 14.0
6.75500, 8.0
6.76000, 13.0
6.76500, 15.0
6.77000, 10.0
6.77500, 13.0
6.78000, 20.0
6.78500, 12.0
6.79000, 9.0
6.79500, 16.0
6.80000, 10.0
6.80500, 8.0
6.81000, 9.0
6.81500, 10.0
6.82000, 19.0
6.82500, 11.0
6.83000, 16.0
6.83500, 9.0
6.84000, 14.0
6.84500, 9.0
6.85000, 10.0
6.85500, 13.0
6.86000, 12.0
6.86500, 15.0
6.87000, 16.0
6.87500, 15.0
6.88000, 13.0
6.88500, 4.0
6.89000, 11.0
6.89500, 13.0
6.90000, 15.0
6.90500, 11.0
6.91000, 9.0
6.91500, 14.0
6.92000, 12.0
6.92500, 15.0
6.93000, 7.0
6.93500, 15.0
6.94000, 16.0
6.94500, 12.0
6.95000, 10.0
6.95500, 6.0
6.96000, 13.0
6.96500, 8.0
6.97000, 12.0
6.97500, 15.0
6.98000, 14.0
6.98500, 20.0
6.99000, 11.0
6.99500, 10.0
7.00000, 8.0
7.00500, 6.0
7.01000, 15.0
7.01500, 15.0
7.02000, 11.0
7.02500, 5.0
7.03000, 11.0
7.03500, 9.0
7.04000, 15.0
7.04500, 20.0
7.05000, 14.0
7.05500, 9.0
7.06000, 10.0
7.06500, 10.0
7.07000, 9.0
7.07500, 8.0
7.08000, 12.0
7.08500, 10.0
7.09000, 18.0
7.09500, 9.0
7.10000, 9.0
7.10500, 16.0
7.11000, 7.0
7.11500, 13.0
7.12000, 12.0
7.12500, 7.0
7.13000, 13.0
7.13500, 15.0
7.14000, 9.0
7.14500, 9.0
7.15000, 12.0
7.15500, 12.0
7.16000, 13.0
7.16500, 16.0
7.17000, 9.0
7.17500, 9.0
7.18000, 6.0
7.18500, 14.0
7.19000, 7.0
7.19500, 11.0
7.20000, 13.0
7.20500, 8.0
7.21000, 9.0
7.21500, 8.0
7.22000, 12.0
7.22500, 5.0
7.23000, 10.0
7.23500, 10.0
7.24000, 12.0
7.24500, 14.0
7.25000, 10.0
7.25500, 12.0
7.26000, 5.0
7.26500, 9.0
7.27000, 13.0
7.27500, 8.0
7.28000, 9.0
7.28500, 12.0
7.29000, 9.0
7.29500, 10.0
7.30000, 10.0
7.30500, 12.0
7.31000, 10.0
7.31500, 6.0
7.32000, 7.0
7.32500, 8.0
7.33000, 3.0
7.33500, 10.0
7.34000, 12.0
7.34500, 11.0
7.35000, 6.0
7.35500, 9.0
7.36000, 8.0
7.36500, 13.0
7.37000, 6.0
7.37500, 13.0
7.38000, 10.0
7.38500, 4.0
7.39000, 7.0
7.39500, 5.0
7.40000, 7.0
7.40500, 8.0
7.41000, 6.0
7.41500, 11.0
7.42000, 8.0
7.42500, 4.0
7.43000, 10.0
7.43500, 12.0
7.44000, 10.0
7.44500, 12.0
7.45000, 12.0
7.45500, 2.0
7.46000, 10.0
7.46500, 6.0
7.47000, 10.0
7.47500, 13.0
7.48000, 8.0
7.48500, 5.0
7.49000, 1.0
7.49500, 13.0
7.50000, 5.0
7.50500, 4.0
7.51000, 11.0
7.51500, 13.0
7.52000, 6.0
7.52500, 11.0
7.53000, 12.0
7.53500, 5.0
7.54000, 9.0
7.54500, 10.0
7.55000, 9.0
7.55500, 7.0
7.56000, 8.0
7.56500, 3.0
7.57000, 5.0
7.57500, 9.0
7.58000, 7.0
7.58500, 7.0
7.59000, 10.0
7.59500, 5.0
7.60000, 9.0
7.60500, 5.0
7.61000, 8.0
7.61500, 7.0
7.62000, 10.0
7.62500, 10.0
7.63000, 3.0
7.63500, 13.0
7.64000, 12.0
7.64500, 7.0
7.65000, 12.0
7.65500, 9.0
7.66000, 6.0
7.66500, 10.0
7.67000, 14.0
7.67500, 6.0
7.68000, 7.0
7.68500, 5.0
7.69000, 5.0
7.69500, 5.0
7.70000, 5.0
7.70500, 12.0
7.71000, 8.0
7.71500, 7.0
7.72000, 12.0
7.72500, 10.0
7.73000, 8.0
7.73500, 8.0
7.74000, 4.0
7.74500, 8.0
7.75000, 1.0
7.75500, 4.0
7.76000, 5.0
7.76500, 11.0
7.77000, 8.0
7.77500, 10.0
7.78000, 10.0
7.78500, 7.0
7.79000, 8.0
7.79500, 12.0
7.80000, 12.0
7.80500, 9.0
7.81000, 3.0
7.81500, 11.0
7.82000, 10.0
7.82500, 8.0
7.83000, 4.0
7.83500, 4.0
7.84000, 3.0
7.84500, 10.0
7.85000, 7.0
7.85500, 10.0
7.86000, 8.0
7.86500, 6.0
7.87000, 9.0
7.87500, 11.0
7.88000, 7.0
7.88500, 10.0
7.89000, 5.0
7.89500, 3.0
7.90000, 7.0
7.90500, 8.0
7.91000, 6.0
7.91500, 5.0
7.92000, 6.0
7.92500, 12.0
7.93000, 5.0
7.93500, 3.0
7.94000, 6.0
7.94500, 4.0
7.95000, 5.0
7.95500, 1.0
7.96000, 8.0
7.96500, 8.0
7.97000, 5.0
7.97500, 7.0
7.98000, 5.0
7.98500, 3.0
7.99000, 6.0
7.99500, 5.0
8.00000, 6.0
8.00500, 8.0
8.01000, 9.0
8.01500, 8.0
8.02000, 11.0
8.02500, 9.0
8.03000, 7.0
8.03500, 7.0
8.04000, 6.0
8.04500, 9.0
8.05000, 5.0
8.05500, 7.0
8.06000, 5.0
8.06500, 6.0
8.07000, 3.0
8.07500, 2.0
8.08000, 4.0
8.08500, 5.0
8.09000, 9.0
8.09500, 2.0
8.10000, 0.0
8.10500, 5.0
8.11000, 0.0
8.11500, 12.0
8.12000, 3.0
8.12500, 4.0
8.13000, 4.0
8.13500, 8.0
8.14000, 3.0
8.14500, 7.0
8.15000, 5.0
8.15500, 3.0
8.16000, 6.0
8.16500, 7.0
8.17000, 4.0
8.17500, 5.0
8.18000, 6.0
8.18500, 7.0
8.19000, 9.0
8.19500, 6.0
8.20000, 11.0
8.20500, 1.0
8.21000, 7.0
8.21500, 3.0
8.22000, 4.0
8.22500, 3.0
8.23000, 7.0
8.23500, 9.0
8.24000, 3.0
8.24500, 6.0
8.25000, 6.0
8.25500, 5.0
8.26000, 7.0
8.26500, 4.0
8.27000, 4.0
8.27500, 6.0
8.28000, 5.0
8.28500, 4.0
8.29000, 5.0
8.29500, 6.0
8.30000, 4.0
8.30500, 11.0
8.31000, 10.0
8.31500, 6.0
8.32000, 6.0
8.32500, 5.0
8.33000, 6.0
8.33500, 4.0
8.34000, 5.0
8.34500, 6.0
8.35000, 4.0
8.35500, 4.0
8.36000, 3.0
8.36500, 6.0
8.37000, 7.0
8.37500, 6.0
8.38000, 4.0
8.38500, 6.0
8.39000, 7.0
8.39500, 2.0
8.40000, 5.0
8.40500, 3.0
8.41000, 6.0
8.41500, 4.0
8.42000, 1.0
8.42500, 7.0
8.43000, 9.0
8.43500, 3.0
8.44000, 5.0
8.44500, 4.0
8.45000, 5.0
8.45500, 4.0
8.46000, 2.0
8.46500, 2.0
8.47000, 4.0
8.47500, 5.0
8.48000, 5.0
8.48500, 6.0
8.49000, 4.0
8.49500, 5.0
8.50000, 5.0
8.50500, 6.0
8.51000, 5.0
8.51500, 5.0
8.52000, 1.0
8.52500, 3.0
8.53000, 6.0
8.53500, 8.0
8.54000, 6.0
8.54500, 0.0
8.55000, 3.0
8.55500, 5.0
8.56000, 4.0
8.56500, 4.0
8.57000, 1.0
8.57500, 4.0
8.58000, 4.0
8.58500, 3.0
8.59000, 7.0
8.59500, 8.0
8.60000, 3.0
8.60500, 5.0
8.61000, 3.0
8.61500, 2.0
8.62000, 4.0
8.62500, 3.0
8.63000, 4.0
8.63500, 6.0
8.64000, 3.0
8.64500, 5.0
8.65000, 4.0
8.65500, 4.0
8.66000, 4.0
8.66500, 5.0
8.67000, 6.0
8.67500, 4.0
8.68000, 3.0
8.68500, 1.0
8.69000, 4.0
8.69500, 5.0
8.70000, 6.0
8.70500, 6.0
8.71000, 2.0
8.71500, 4.0
8.72000, 8.0
8.72500, 0.0
8.73000, 2.0
8.73500, 1.0
8.74000, 3.0
8.74500, 7.0
8.75000, 1.0
8.75500, 4.0
8.76000, 8.0
8.76500, 7.0
8.77000, 3.0
8.77500, 5.0
8.78000, 2.0
8.78500, 4.0
8.79000, 1.0
8.79500, 3.0
8.80000, 2.0
8.80500, 2.0
8.81000, 3.0
8.81500, 1.0
8.82000, 3.0
8.82500, 1.0
8.83000, 1.0
8.83500, 0.0
8.84000, 5.0
8.84500, 2.0
8.85000, 4.0
8.85500, 5.0
8.86000, 1.0
8.86500, 3.0
8.87000, 4.0
8.87500, 1.0
8.88000, 2.0
8.88500, 2.0
8.89000, 1.0
8.89500, 1.0
8.90000, 2.0
8.90500, 8.0
8.91000, 5.0
8.91500, 1.0
8.92000, 3.0
8.92500, 5.0
8.93000, 0.0
8.93500, 2.0
8.94000, 4.0
8.94500, 2.0
8.95000, 2.0
8.95500, 4.0
8.96000, 1.0
8.96500, 3.0
8.97000, 6.0
8.97500, 2.0
8.98000, 2.0
8.98500, 3.0
8.99000, 2.0
8.99500, 3.0
9.00000, 2.0
9.00500, 3.0
9.01000, 3.0
9.01500, 2.0
9.02000, 5.0
9.02500, 4.0
9.03000, 3.0
9.03500, 3.0
9.04000, 1.0
9.04500, 2.0
9.05000, 5.0
9.05500, 2.0
9.06000, 3.0
9.06500, 2.0
9.07000, 0.0
9.07500, 1.0
9.08000, 3.0
9.08500, 3.0
9.09000, 2.0
9.09500, 6.0
9.10000, 3.0
9.10500, 1.0
9.11000, 1.0
9.11500, 1.0
9.12000, 4.0
9.12500, 0.0
9.13000, 0.0
9.13500, 4.0
9.14000, 2.0
9.14500, 3.0
9.15000, 1.0
9.15500, 3.0
9.16000, 3.0
9.16500, 1.0
9.17000, 4.0
9.17500, 3.0
9.18000, 4.0
9.18500, 0.0
9.19000, 2.0
9.19500, 3.0
9.20000, 2.0
9.20500, 1.0
9.21000, 2.0
9.21500, 1.0
9.22000, 1.0
9.22500, 4.0
9.23000, 0.0
9.23500, 2.0
9.24000, 1.0
9.24500, 1.0
9.25000, 2.0
9.25500, 1.0
9.26000, 3.0
9.26500, 1.0
9.27000, 3.0
9.27500, 1.0
9.28000, 2.0
9.28500, 1.0
9.29000, 0.0
9.29500, 0.0
9.30000, 1.0
9.30500, 0.0
9.31000, 2.0
9.31500, 3.0
9.32000, 2.0
9.32500, 0.0
9.33000, 5.0
9.33500, 4.0
9.34000, 1.0
9.34500, 1.0
9.35000, 2.0
9.35500, 3.0
9.36000, 2.0
9.36500, 1.0
9.37000, 1.0
9.37500, 2.0
9.38000, 0.0
9.38500, 2.0
9.39000, 1.0
9.39500, 0.0
9.40000, 2.0
9.40500, 4.0
9.41000, 2.0
9.41500, 1.0
9.42000, 0.0
9.42500, 2.0
9.43000, 1.0
9.43500, 1.0
9.44000, 3.0
9.44500, 0.0
9.45000, 1.0
9.45500, 3.0
9.46000, 1.0
9.46500, 2.0
9.47000, 2.0
9.47500, 1.0
9.48000, 2.0
9.48500, 2.0
9.49000, 3.0
9.49500, 0.0
9.50000, 0.0
9.50500, 1.0
9.51000, 1.0
9.51500, 4.0
9.52000, 1.0
9.52500, 0.0
9.53000, 0.0
9.53500, 1.0
9.54000, 3.0
9.54500, 1.0
9.55000, 0.0
9.55500, 0.0
9.56000, 1.0
9.56500, 0.0
9.57000, 1.0
9.57500, 2.0
9.58000, 4.0
9.58500, 1.0
9.59000, 1.0
9.59500, 0.0
9.60000, 1.0
9.60500, 2.0
9.61000, 0.0
9.61500, 4.0
9.62000, 1.0
9.62500, 1.0
9.63000, 3.0
9.63500, 1.0
9.64000, 1.0
9.64500, 0.0
9.65000, 2.0
9.65500, 1.0
9.66000, 1.0
9.66500, 1.0
9.67000, 0.0
9.67500, 0.0
9.68000, 1.0
9.68500, 1.0
9.69000, 0.0
9.69500, 1.0
9.70000, 2.0
9.70500, 1.0
9.71000, 0.0
9.71500, 2.0
9.72000, 0.0
9.72500, 1.0
9.73000, 1.0
9.73500, 2.0
9.74000, 0.0
9.74500, 0.0
9.75000, 1.0
9.75500, 0.0
9.76000, 1.0
9.76500, 0.0
9.77000, 0.0
9.77500, 0.0
9.78000, 0.0
9.78500, 0.0
9.79000, 0.0
9.79500, 1.0
9.80000, 0.0
9.80500, 2.0
9.81000, 0.0
9.81500, 1.0
9.82000, 2.0
9.82500, 0.0
9.83000, 0.0
9.83500, 0.0
9.84000, 0.0
9.84500, 0.0
9.85000, 2.0
9.85500, 0.0
9.86000, 0.0
9.86500, 0.0
9.87000, 0.0
9.87500, 0.0
9.88000, 0.0
9.88500, 0.0
9.89000, 0.0
9.89500, 1.0
9.90000, 0.0
9.90500, 0.0
9.91000, 0.0
9.91500, 1.0
9.92000, 1.0
9.92500, 0.0
9.93000, 0.0
9.93500, 0.0
9.94000, 1.0
9.94500, 0.0
9.95000, 1.0
9.95500, 0.0
9.96000, 0.0
9.96500, 0.0
9.97000, 0.0
9.97500, 0.0
9.98000, 0.0
9.98500, 0.0
9.99000, 0.0
9.99500, 0.0
10.00000, 0.0
10.00500, 0.0
10.01000, 0.0
10.01500, 0.0
10.02000, 0.0
10.02500, 0.0
10.03000, 0.0
10.03500, 0.0
10.04000, 0.0
10.04500, 0.0
10.05000, 0.0
10.05500, 0.0
10.06000, 0.0
10.06500, 0.0
10.07000, 0.0
10.07500, 0.0
10.08000, 0.0
10.08500, 0.0
10.09000, 0.0
10.09500, 0.0
10.10000, 0.0
10.10500, 0.0
10.11000, 0.0
10.11500, 0.0
10.12000, 0.0
10.12500, 0.0
10.13000, 0.0
10.13500, 0.0
#ENDOFDATA   : 
