#FORMAT      : EMSA/MAS Spectral Data File
#VERSION     : 1.0
#TITLE       : 20250425_10K_J1_3
#DATE        : 24-APR-2025
#TIME        : 10:38
#OWNER       : 
#NPOINTS     : 2048.0
#NCOLUMNS    : 1.0
#XUNITS      : keV
#YUNITS      : counts
#DATATYPE    : XY
#XPERCHAN    : 0.005
#OFFSET      : -0.1
#SIGNALTYPE  : EDS
#CHOFFSET    : 20.0
#LIVETIME    : 60.0
#REALTIME    : 61.569095612
#BEAMKV      : 10.0
#MAGCAM      : 800.0
#XTILTSTGE   : 0.0
#AZIMANGLE   : 0.0
#ELEVANGLE   : 29.0
#XPOSITION mm: 2.1725
#YPOSITION mm: 1.8240
#ZPOSITION mm: 13.5200
##OXINSTPT   : 2
##OXINSTSTROB: 67.53
#SPECTRUM    : Spectral Data Starts Here
-0.10000, 0.0
-0.09500, 0.0
-0.09000, 0.0
-0.08500, 0.0
-0.08000, 1.0
-0.07500, 0.0
-0.07000, 2.0
-0.06500, 1.0
-0.06000, 5.0
-0.05500, 9.0
-0.05000, 12.0
-0.04500, 24.0
-0.04000, 32.0
-0.03500, 49.0
-0.03000, 60.0
-0.02500, 106.0
-0.02000, 138.0
-0.01500, 176.0
-0.01000, 236.0
-0.00500, 284.0
0.00000, 383.0
0.00500, 481.0
0.01000, 598.0
0.01500, 681.0
0.02000, 778.0
0.02500, 866.0
0.03000, 921.0
0.03500, 973.0
0.04000, 1047.0
0.04500, 1111.0
0.05000, 1077.0
0.05500, 1060.0
0.06000, 1036.0
0.06500, 959.0
0.07000, 903.0
0.07500, 820.0
0.08000, 695.0
0.08500, 579.0
0.09000, 504.0
0.09500, 456.0
0.10000, 434.0
0.10500, 385.0
0.11000, 365.0
0.11500, 394.0
0.12000, 437.0
0.12500, 450.0
0.13000, 484.0
0.13500, 519.0
0.14000, 579.0
0.14500, 576.0
0.15000, 591.0
0.15500, 620.0
0.16000, 638.0
0.16500, 621.0
0.17000, 577.0
0.17500, 574.0
0.18000, 524.0
0.18500, 490.0
0.19000, 445.0
0.19500, 406.0
0.20000, 361.0
0.20500, 322.0
0.21000, 287.0
0.21500, 303.0
0.22000, 263.0
0.22500, 238.0
0.23000, 230.0
0.23500, 202.0
0.24000, 214.0
0.24500, 188.0
0.25000, 166.0
0.25500, 185.0
0.26000, 190.0
0.26500, 177.0
0.27000, 169.0
0.27500, 169.0
0.28000, 150.0
0.28500, 150.0
0.29000, 154.0
0.29500, 142.0
0.30000, 121.0
0.30500, 111.0
0.31000, 103.0
0.31500, 103.0
0.32000, 93.0
0.32500, 86.0
0.33000, 83.0
0.33500, 68.0
0.34000, 62.0
0.34500, 63.0
0.35000, 67.0
0.35500, 59.0
0.36000, 71.0
0.36500, 77.0
0.37000, 65.0
0.37500, 67.0
0.38000, 74.0
0.38500, 68.0
0.39000, 71.0
0.39500, 77.0
0.40000, 70.0
0.40500, 79.0
0.41000, 91.0
0.41500, 82.0
0.42000, 88.0
0.42500, 86.0
0.43000, 96.0
0.43500, 109.0
0.44000, 126.0
0.44500, 162.0
0.45000, 184.0
0.45500, 193.0
0.46000, 223.0
0.46500, 278.0
0.47000, 323.0
0.47500, 334.0
0.48000, 365.0
0.48500, 466.0
0.49000, 537.0
0.49500, 623.0
0.50000, 643.0
0.50500, 699.0
0.51000, 730.0
0.51500, 742.0
0.52000, 774.0
0.52500, 771.0
0.53000, 765.0
0.53500, 721.0
0.54000, 712.0
0.54500, 648.0
0.55000, 610.0
0.55500, 548.0
0.56000, 486.0
0.56500, 475.0
0.57000, 439.0
0.57500, 396.0
0.58000, 316.0
0.58500, 273.0
0.59000, 257.0
0.59500, 236.0
0.60000, 213.0
0.60500, 199.0
0.61000, 177.0
0.61500, 176.0
0.62000, 150.0
0.62500, 154.0
0.63000, 163.0
0.63500, 153.0
0.64000, 133.0
0.64500, 151.0
0.65000, 148.0
0.65500, 144.0
0.66000, 149.0
0.66500, 170.0
0.67000, 157.0
0.67500, 173.0
0.68000, 163.0
0.68500, 160.0
0.69000, 170.0
0.69500, 165.0
0.70000, 189.0
0.70500, 162.0
0.71000, 186.0
0.71500, 161.0
0.72000, 189.0
0.72500, 185.0
0.73000, 168.0
0.73500, 187.0
0.74000, 196.0
0.74500, 184.0
0.75000, 189.0
0.75500, 186.0
0.76000, 197.0
0.76500, 202.0
0.77000, 192.0
0.77500, 194.0
0.78000, 203.0
0.78500, 181.0
0.79000, 185.0
0.79500, 193.0
0.80000, 209.0
0.80500, 185.0
0.81000, 189.0
0.81500, 201.0
0.82000, 212.0
0.82500, 219.0
0.83000, 210.0
0.83500, 209.0
0.84000, 211.0
0.84500, 216.0
0.85000, 196.0
0.85500, 194.0
0.86000, 204.0
0.86500, 207.0
0.87000, 202.0
0.87500, 233.0
0.88000, 221.0
0.88500, 199.0
0.89000, 219.0
0.89500, 220.0
0.90000, 221.0
0.90500, 215.0
0.91000, 208.0
0.91500, 228.0
0.92000, 217.0
0.92500, 222.0
0.93000, 212.0
0.93500, 215.0
0.94000, 234.0
0.94500, 224.0
0.95000, 219.0
0.95500, 223.0
0.96000, 201.0
0.96500, 235.0
0.97000, 229.0
0.97500, 230.0
0.98000, 226.0
0.98500, 244.0
0.99000, 204.0
0.99500, 224.0
1.00000, 234.0
1.00500, 220.0
1.01000, 239.0
1.01500, 231.0
1.02000, 198.0
1.02500, 222.0
1.03000, 221.0
1.03500, 226.0
1.04000, 222.0
1.04500, 242.0
1.05000, 255.0
1.05500, 208.0
1.06000, 242.0
1.06500, 256.0
1.07000, 260.0
1.07500, 221.0
1.08000, 217.0
1.08500, 262.0
1.09000, 240.0
1.09500, 240.0
1.10000, 233.0
1.10500, 233.0
1.11000, 234.0
1.11500, 233.0
1.12000, 231.0
1.12500, 228.0
1.13000, 218.0
1.13500, 234.0
1.14000, 251.0
1.14500, 194.0
1.15000, 211.0
1.15500, 223.0
1.16000, 210.0
1.16500, 224.0
1.17000, 223.0
1.17500, 250.0
1.18000, 258.0
1.18500, 251.0
1.19000, 241.0
1.19500, 226.0
1.20000, 238.0
1.20500, 253.0
1.21000, 238.0
1.21500, 231.0
1.22000, 232.0
1.22500, 215.0
1.23000, 222.0
1.23500, 235.0
1.24000, 232.0
1.24500, 228.0
1.25000, 208.0
1.25500, 212.0
1.26000, 222.0
1.26500, 227.0
1.27000, 219.0
1.27500, 227.0
1.28000, 231.0
1.28500, 264.0
1.29000, 239.0
1.29500, 217.0
1.30000, 228.0
1.30500, 199.0
1.31000, 220.0
1.31500, 226.0
1.32000, 216.0
1.32500, 235.0
1.33000, 240.0
1.33500, 226.0
1.34000, 239.0
1.34500, 230.0
1.35000, 223.0
1.35500, 232.0
1.36000, 208.0
1.36500, 218.0
1.37000, 224.0
1.37500, 222.0
1.38000, 203.0
1.38500, 232.0
1.39000, 215.0
1.39500, 218.0
1.40000, 230.0
1.40500, 224.0
1.41000, 228.0
1.41500, 239.0
1.42000, 230.0
1.42500, 224.0
1.43000, 226.0
1.43500, 225.0
1.44000, 228.0
1.44500, 239.0
1.45000, 223.0
1.45500, 221.0
1.46000, 224.0
1.46500, 224.0
1.47000, 223.0
1.47500, 250.0
1.48000, 246.0
1.48500, 225.0
1.49000, 214.0
1.49500, 231.0
1.50000, 242.0
1.50500, 236.0
1.51000, 245.0
1.51500, 235.0
1.52000, 255.0
1.52500, 245.0
1.53000, 257.0
1.53500, 238.0
1.54000, 222.0
1.54500, 231.0
1.55000, 220.0
1.55500, 215.0
1.56000, 199.0
1.56500, 207.0
1.57000, 230.0
1.57500, 211.0
1.58000, 208.0
1.58500, 226.0
1.59000, 229.0
1.59500, 220.0
1.60000, 216.0
1.60500, 226.0
1.61000, 225.0
1.61500, 265.0
1.62000, 302.0
1.62500, 296.0
1.63000, 303.0
1.63500, 379.0
1.64000, 469.0
1.64500, 566.0
1.65000, 664.0
1.65500, 797.0
1.66000, 959.0
1.66500, 1141.0
1.67000, 1432.0
1.67500, 1672.0
1.68000, 2005.0
1.68500, 2476.0
1.69000, 2933.0
1.69500, 3322.0
1.70000, 3789.0
1.70500, 4304.0
1.71000, 4759.0
1.71500, 5292.0
1.72000, 5704.0
1.72500, 5940.0
1.73000, 6244.0
1.73500, 6567.0
1.74000, 6619.0
1.74500, 6678.0
1.75000, 6534.0
1.75500, 6174.0
1.76000, 6039.0
1.76500, 5788.0
1.77000, 5296.0
1.77500, 4846.0
1.78000, 4524.0
1.78500, 3966.0
1.79000, 3471.0
1.79500, 3062.0
1.80000, 2631.0
1.80500, 2233.0
1.81000, 1864.0
1.81500, 1582.0
1.82000, 1390.0
1.82500, 1226.0
1.83000, 1017.0
1.83500, 886.0
1.84000, 732.0
1.84500, 632.0
1.85000, 560.0
1.85500, 504.0
1.86000, 469.0
1.86500, 397.0
1.87000, 371.0
1.87500, 375.0
1.88000, 319.0
1.88500, 273.0
1.89000, 252.0
1.89500, 239.0
1.90000, 234.0
1.90500, 187.0
1.91000, 179.0
1.91500, 201.0
1.92000, 193.0
1.92500, 193.0
1.93000, 173.0
1.93500, 190.0
1.94000, 191.0
1.94500, 170.0
1.95000, 175.0
1.95500, 171.0
1.96000, 178.0
1.96500, 178.0
1.97000, 188.0
1.97500, 189.0
1.98000, 200.0
1.98500, 218.0
1.99000, 210.0
1.99500, 186.0
2.00000, 225.0
2.00500, 227.0
2.01000, 224.0
2.01500, 208.0
2.02000, 208.0
2.02500, 228.0
2.03000, 232.0
2.03500, 207.0
2.04000, 183.0
2.04500, 210.0
2.05000, 198.0
2.05500, 200.0
2.06000, 214.0
2.06500, 205.0
2.07000, 201.0
2.07500, 218.0
2.08000, 190.0
2.08500, 185.0
2.09000, 172.0
2.09500, 191.0
2.10000, 181.0
2.10500, 173.0
2.11000, 178.0
2.11500, 167.0
2.12000, 161.0
2.12500, 160.0
2.13000, 167.0
2.13500, 175.0
2.14000, 167.0
2.14500, 176.0
2.15000, 173.0
2.15500, 160.0
2.16000, 184.0
2.16500, 180.0
2.17000, 190.0
2.17500, 206.0
2.18000, 226.0
2.18500, 271.0
2.19000, 301.0
2.19500, 364.0
2.20000, 412.0
2.20500, 490.0
2.21000, 555.0
2.21500, 662.0
2.22000, 833.0
2.22500, 987.0
2.23000, 1117.0
2.23500, 1414.0
2.24000, 1567.0
2.24500, 1854.0
2.25000, 2151.0
2.25500, 2430.0
2.26000, 2695.0
2.26500, 2933.0
2.27000, 3301.0
2.27500, 3594.0
2.28000, 3815.0
2.28500, 4047.0
2.29000, 4341.0
2.29500, 4459.0
2.30000, 4485.0
2.30500, 4590.0
2.31000, 4589.0
2.31500, 4582.0
2.32000, 4529.0
2.32500, 4337.0
2.33000, 4057.0
2.33500, 3923.0
2.34000, 3747.0
2.34500, 3450.0
2.35000, 3143.0
2.35500, 2919.0
2.36000, 2614.0
2.36500, 2417.0
2.37000, 2166.0
2.37500, 2047.0
2.38000, 1878.0
2.38500, 1720.0
2.39000, 1528.0
2.39500, 1386.0
2.40000, 1356.0
2.40500, 1300.0
2.41000, 1161.0
2.41500, 1162.0
2.42000, 1038.0
2.42500, 1005.0
2.43000, 944.0
2.43500, 929.0
2.44000, 873.0
2.44500, 798.0
2.45000, 770.0
2.45500, 759.0
2.46000, 709.0
2.46500, 668.0
2.47000, 595.0
2.47500, 595.0
2.48000, 568.0
2.48500, 524.0
2.49000, 499.0
2.49500, 445.0
2.50000, 410.0
2.50500, 401.0
2.51000, 419.0
2.51500, 371.0
2.52000, 329.0
2.52500, 316.0
2.53000, 284.0
2.53500, 271.0
2.54000, 253.0
2.54500, 258.0
2.55000, 237.0
2.55500, 209.0
2.56000, 194.0
2.56500, 185.0
2.57000, 204.0
2.57500, 159.0
2.58000, 166.0
2.58500, 156.0
2.59000, 157.0
2.59500, 147.0
2.60000, 131.0
2.60500, 136.0
2.61000, 134.0
2.61500, 136.0
2.62000, 119.0
2.62500, 113.0
2.63000, 109.0
2.63500, 116.0
2.64000, 101.0
2.64500, 119.0
2.65000, 109.0
2.65500, 103.0
2.66000, 122.0
2.66500, 121.0
2.67000, 103.0
2.67500, 113.0
2.68000, 107.0
2.68500, 90.0
2.69000, 86.0
2.69500, 93.0
2.70000, 91.0
2.70500, 100.0
2.71000, 93.0
2.71500, 97.0
2.72000, 92.0
2.72500, 82.0
2.73000, 84.0
2.73500, 85.0
2.74000, 85.0
2.74500, 91.0
2.75000, 92.0
2.75500, 83.0
2.76000, 89.0
2.76500, 81.0
2.77000, 82.0
2.77500, 90.0
2.78000, 90.0
2.78500, 91.0
2.79000, 96.0
2.79500, 118.0
2.80000, 93.0
2.80500, 94.0
2.81000, 92.0
2.81500, 101.0
2.82000, 100.0
2.82500, 108.0
2.83000, 96.0
2.83500, 94.0
2.84000, 105.0
2.84500, 107.0
2.85000, 108.0
2.85500, 97.0
2.86000, 89.0
2.86500, 98.0
2.87000, 85.0
2.87500, 87.0
2.88000, 87.0
2.88500, 95.0
2.89000, 87.0
2.89500, 90.0
2.90000, 90.0
2.90500, 90.0
2.91000, 87.0
2.91500, 94.0
2.92000, 81.0
2.92500, 91.0
2.93000, 84.0
2.93500, 75.0
2.94000, 67.0
2.94500, 66.0
2.95000, 77.0
2.95500, 82.0
2.96000, 79.0
2.96500, 86.0
2.97000, 90.0
2.97500, 85.0
2.98000, 71.0
2.98500, 79.0
2.99000, 84.0
2.99500, 75.0
3.00000, 98.0
3.00500, 80.0
3.01000, 77.0
3.01500, 77.0
3.02000, 63.0
3.02500, 68.0
3.03000, 73.0
3.03500, 76.0
3.04000, 76.0
3.04500, 84.0
3.05000, 82.0
3.05500, 71.0
3.06000, 73.0
3.06500, 71.0
3.07000, 76.0
3.07500, 86.0
3.08000, 79.0
3.08500, 80.0
3.09000, 77.0
3.09500, 76.0
3.10000, 75.0
3.10500, 66.0
3.11000, 75.0
3.11500, 70.0
3.12000, 79.0
3.12500, 79.0
3.13000, 77.0
3.13500, 69.0
3.14000, 69.0
3.14500, 84.0
3.15000, 68.0
3.15500, 63.0
3.16000, 76.0
3.16500, 74.0
3.17000, 86.0
3.17500, 77.0
3.18000, 91.0
3.18500, 83.0
3.19000, 90.0
3.19500, 78.0
3.20000, 79.0
3.20500, 67.0
3.21000, 67.0
3.21500, 71.0
3.22000, 80.0
3.22500, 67.0
3.23000, 73.0
3.23500, 71.0
3.24000, 64.0
3.24500, 83.0
3.25000, 80.0
3.25500, 75.0
3.26000, 71.0
3.26500, 90.0
3.27000, 77.0
3.27500, 77.0
3.28000, 77.0
3.28500, 72.0
3.29000, 74.0
3.29500, 93.0
3.30000, 75.0
3.30500, 88.0
3.31000, 72.0
3.31500, 69.0
3.32000, 58.0
3.32500, 76.0
3.33000, 62.0
3.33500, 66.0
3.34000, 85.0
3.34500, 69.0
3.35000, 82.0
3.35500, 70.0
3.36000, 60.0
3.36500, 67.0
3.37000, 67.0
3.37500, 68.0
3.38000, 70.0
3.38500, 73.0
3.39000, 73.0
3.39500, 74.0
3.40000, 81.0
3.40500, 77.0
3.41000, 62.0
3.41500, 60.0
3.42000, 82.0
3.42500, 62.0
3.43000, 75.0
3.43500, 69.0
3.44000, 78.0
3.44500, 68.0
3.45000, 75.0
3.45500, 66.0
3.46000, 79.0
3.46500, 83.0
3.47000, 64.0
3.47500, 79.0
3.48000, 77.0
3.48500, 72.0
3.49000, 59.0
3.49500, 78.0
3.50000, 70.0
3.50500, 76.0
3.51000, 78.0
3.51500, 69.0
3.52000, 83.0
3.52500, 67.0
3.53000, 72.0
3.53500, 76.0
3.54000, 54.0
3.54500, 87.0
3.55000, 75.0
3.55500, 65.0
3.56000, 69.0
3.56500, 74.0
3.57000, 68.0
3.57500, 56.0
3.58000, 77.0
3.58500, 66.0
3.59000, 60.0
3.59500, 69.0
3.60000, 68.0
3.60500, 64.0
3.61000, 63.0
3.61500, 74.0
3.62000, 63.0
3.62500, 54.0
3.63000, 64.0
3.63500, 59.0
3.64000, 75.0
3.64500, 67.0
3.65000, 62.0
3.65500, 78.0
3.66000, 64.0
3.66500, 85.0
3.67000, 68.0
3.67500, 68.0
3.68000, 62.0
3.68500, 65.0
3.69000, 50.0
3.69500, 68.0
3.70000, 65.0
3.70500, 70.0
3.71000, 68.0
3.71500, 66.0
3.72000, 75.0
3.72500, 58.0
3.73000, 58.0
3.73500, 62.0
3.74000, 71.0
3.74500, 62.0
3.75000, 53.0
3.75500, 70.0
3.76000, 58.0
3.76500, 58.0
3.77000, 65.0
3.77500, 60.0
3.78000, 61.0
3.78500, 62.0
3.79000, 52.0
3.79500, 56.0
3.80000, 68.0
3.80500, 63.0
3.81000, 63.0
3.81500, 66.0
3.82000, 69.0
3.82500, 68.0
3.83000, 64.0
3.83500, 51.0
3.84000, 74.0
3.84500, 59.0
3.85000, 66.0
3.85500, 58.0
3.86000, 61.0
3.86500, 73.0
3.87000, 69.0
3.87500, 57.0
3.88000, 55.0
3.88500, 59.0
3.89000, 57.0
3.89500, 74.0
3.90000, 49.0
3.90500, 55.0
3.91000, 54.0
3.91500, 66.0
3.92000, 53.0
3.92500, 66.0
3.93000, 59.0
3.93500, 66.0
3.94000, 67.0
3.94500, 69.0
3.95000, 56.0
3.95500, 49.0
3.96000, 52.0
3.96500, 59.0
3.97000, 56.0
3.97500, 68.0
3.98000, 65.0
3.98500, 66.0
3.99000, 69.0
3.99500, 66.0
4.00000, 68.0
4.00500, 70.0
4.01000, 82.0
4.01500, 52.0
4.02000, 68.0
4.02500, 65.0
4.03000, 70.0
4.03500, 62.0
4.04000, 63.0
4.04500, 62.0
4.05000, 56.0
4.05500, 68.0
4.06000, 69.0
4.06500, 65.0
4.07000, 51.0
4.07500, 60.0
4.08000, 64.0
4.08500, 59.0
4.09000, 62.0
4.09500, 62.0
4.10000, 61.0
4.10500, 57.0
4.11000, 60.0
4.11500, 60.0
4.12000, 64.0
4.12500, 61.0
4.13000, 52.0
4.13500, 47.0
4.14000, 62.0
4.14500, 52.0
4.15000, 59.0
4.15500, 46.0
4.16000, 76.0
4.16500, 55.0
4.17000, 56.0
4.17500, 70.0
4.18000, 75.0
4.18500, 57.0
4.19000, 68.0
4.19500, 52.0
4.20000, 50.0
4.20500, 66.0
4.21000, 64.0
4.21500, 55.0
4.22000, 55.0
4.22500, 53.0
4.23000, 58.0
4.23500, 51.0
4.24000, 52.0
4.24500, 56.0
4.25000, 56.0
4.25500, 56.0
4.26000, 45.0
4.26500, 64.0
4.27000, 57.0
4.27500, 51.0
4.28000, 66.0
4.28500, 48.0
4.29000, 47.0
4.29500, 48.0
4.30000, 40.0
4.30500, 53.0
4.31000, 49.0
4.31500, 49.0
4.32000, 44.0
4.32500, 63.0
4.33000, 54.0
4.33500, 56.0
4.34000, 55.0
4.34500, 51.0
4.35000, 54.0
4.35500, 58.0
4.36000, 60.0
4.36500, 55.0
4.37000, 53.0
4.37500, 56.0
4.38000, 49.0
4.38500, 49.0
4.39000, 54.0
4.39500, 56.0
4.40000, 53.0
4.40500, 51.0
4.41000, 57.0
4.41500, 56.0
4.42000, 60.0
4.42500, 47.0
4.43000, 45.0
4.43500, 60.0
4.44000, 58.0
4.44500, 55.0
4.45000, 56.0
4.45500, 51.0
4.46000, 55.0
4.46500, 51.0
4.47000, 47.0
4.47500, 58.0
4.48000, 47.0
4.48500, 51.0
4.49000, 40.0
4.49500, 52.0
4.50000, 48.0
4.50500, 66.0
4.51000, 43.0
4.51500, 40.0
4.52000, 43.0
4.52500, 38.0
4.53000, 53.0
4.53500, 47.0
4.54000, 55.0
4.54500, 52.0
4.55000, 48.0
4.55500, 45.0
4.56000, 48.0
4.56500, 35.0
4.57000, 46.0
4.57500, 54.0
4.58000, 61.0
4.58500, 58.0
4.59000, 40.0
4.59500, 57.0
4.60000, 41.0
4.60500, 44.0
4.61000, 57.0
4.61500, 44.0
4.62000, 49.0
4.62500, 52.0
4.63000, 51.0
4.63500, 49.0
4.64000, 55.0
4.64500, 49.0
4.65000, 54.0
4.65500, 34.0
4.66000, 55.0
4.66500, 52.0
4.67000, 58.0
4.67500, 52.0
4.68000, 45.0
4.68500, 40.0
4.69000, 43.0
4.69500, 34.0
4.70000, 40.0
4.70500, 47.0
4.71000, 42.0
4.71500, 53.0
4.72000, 65.0
4.72500, 46.0
4.73000, 49.0
4.73500, 54.0
4.74000, 50.0
4.74500, 51.0
4.75000, 42.0
4.75500, 52.0
4.76000, 50.0
4.76500, 41.0
4.77000, 50.0
4.77500, 43.0
4.78000, 44.0
4.78500, 48.0
4.79000, 39.0
4.79500, 52.0
4.80000, 36.0
4.80500, 48.0
4.81000, 49.0
4.81500, 42.0
4.82000, 44.0
4.82500, 44.0
4.83000, 38.0
4.83500, 44.0
4.84000, 50.0
4.84500, 45.0
4.85000, 52.0
4.85500, 43.0
4.86000, 41.0
4.86500, 45.0
4.87000, 44.0
4.87500, 44.0
4.88000, 46.0
4.88500, 40.0
4.89000, 32.0
4.89500, 40.0
4.90000, 49.0
4.90500, 39.0
4.91000, 41.0
4.91500, 37.0
4.92000, 35.0
4.92500, 44.0
4.93000, 46.0
4.93500, 41.0
4.94000, 35.0
4.94500, 46.0
4.95000, 44.0
4.95500, 37.0
4.96000, 43.0
4.96500, 44.0
4.97000, 36.0
4.97500, 42.0
4.98000, 36.0
4.98500, 34.0
4.99000, 39.0
4.99500, 39.0
5.00000, 39.0
5.00500, 39.0
5.01000, 34.0
5.01500, 37.0
5.02000, 44.0
5.02500, 47.0
5.03000, 40.0
5.03500, 45.0
5.04000, 48.0
5.04500, 50.0
5.05000, 55.0
5.05500, 43.0
5.06000, 33.0
5.06500, 48.0
5.07000, 42.0
5.07500, 37.0
5.08000, 46.0
5.08500, 37.0
5.09000, 42.0
5.09500, 35.0
5.10000, 34.0
5.10500, 44.0
5.11000, 38.0
5.11500, 40.0
5.12000, 42.0
5.12500, 47.0
5.13000, 30.0
5.13500, 39.0
5.14000, 36.0
5.14500, 42.0
5.15000, 46.0
5.15500, 28.0
5.16000, 34.0
5.16500, 55.0
5.17000, 41.0
5.17500, 40.0
5.18000, 35.0
5.18500, 42.0
5.19000, 41.0
5.19500, 40.0
5.20000, 43.0
5.20500, 48.0
5.21000, 37.0
5.21500, 47.0
5.22000, 37.0
5.22500, 34.0
5.23000, 38.0
5.23500, 30.0
5.24000, 33.0
5.24500, 39.0
5.25000, 30.0
5.25500, 37.0
5.26000, 30.0
5.26500, 32.0
5.27000, 44.0
5.27500, 37.0
5.28000, 36.0
5.28500, 34.0
5.29000, 36.0
5.29500, 48.0
5.30000, 36.0
5.30500, 44.0
5.31000, 40.0
5.31500, 39.0
5.32000, 32.0
5.32500, 37.0
5.33000, 31.0
5.33500, 41.0
5.34000, 38.0
5.34500, 32.0
5.35000, 36.0
5.35500, 35.0
5.36000, 43.0
5.36500, 40.0
5.37000, 41.0
5.37500, 31.0
5.38000, 39.0
5.38500, 33.0
5.39000, 33.0
5.39500, 31.0
5.40000, 31.0
5.40500, 34.0
5.41000, 31.0
5.41500, 45.0
5.42000, 36.0
5.42500, 40.0
5.43000, 31.0
5.43500, 37.0
5.44000, 39.0
5.44500, 23.0
5.45000, 36.0
5.45500, 39.0
5.46000, 32.0
5.46500, 31.0
5.47000, 34.0
5.47500, 29.0
5.48000, 37.0
5.48500, 36.0
5.49000, 40.0
5.49500, 39.0
5.50000, 21.0
5.50500, 28.0
5.51000, 47.0
5.51500, 23.0
5.52000, 25.0
5.52500, 31.0
5.53000, 30.0
5.53500, 30.0
5.54000, 28.0
5.54500, 32.0
5.55000, 38.0
5.55500, 30.0
5.56000, 32.0
5.56500, 36.0
5.57000, 40.0
5.57500, 30.0
5.58000, 31.0
5.58500, 41.0
5.59000, 29.0
5.59500, 31.0
5.60000, 30.0
5.60500, 27.0
5.61000, 46.0
5.61500, 29.0
5.62000, 39.0
5.62500, 31.0
5.63000, 35.0
5.63500, 30.0
5.64000, 36.0
5.64500, 31.0
5.65000, 26.0
5.65500, 24.0
5.66000, 32.0
5.66500, 29.0
5.67000, 36.0
5.67500, 32.0
5.68000, 23.0
5.68500, 29.0
5.69000, 29.0
5.69500, 31.0
5.70000, 31.0
5.70500, 38.0
5.71000, 38.0
5.71500, 35.0
5.72000, 39.0
5.72500, 44.0
5.73000, 38.0
5.73500, 31.0
5.74000, 40.0
5.74500, 43.0
5.75000, 36.0
5.75500, 34.0
5.76000, 30.0
5.76500, 29.0
5.77000, 27.0
5.77500, 31.0
5.78000, 29.0
5.78500, 39.0
5.79000, 27.0
5.79500, 35.0
5.80000, 29.0
5.80500, 31.0
5.81000, 30.0
5.81500, 35.0
5.82000, 28.0
5.82500, 20.0
5.83000, 26.0
5.83500, 29.0
5.84000, 32.0
5.84500, 30.0
5.85000, 31.0
5.85500, 26.0
5.86000, 35.0
5.86500, 24.0
5.87000, 34.0
5.87500, 25.0
5.88000, 33.0
5.88500, 32.0
5.89000, 26.0
5.89500, 38.0
5.90000, 39.0
5.90500, 28.0
5.91000, 34.0
5.91500, 30.0
5.92000, 43.0
5.92500, 21.0
5.93000, 29.0
5.93500, 32.0
5.94000, 30.0
5.94500, 30.0
5.95000, 29.0
5.95500, 31.0
5.96000, 30.0
5.96500, 27.0
5.97000, 26.0
5.97500, 31.0
5.98000, 21.0
5.98500, 26.0
5.99000, 30.0
5.99500, 30.0
6.00000, 30.0
6.00500, 30.0
6.01000, 24.0
6.01500, 19.0
6.02000, 32.0
6.02500, 26.0
6.03000, 24.0
6.03500, 27.0
6.04000, 32.0
6.04500, 42.0
6.05000, 27.0
6.05500, 24.0
6.06000, 31.0
6.06500, 35.0
6.07000, 24.0
6.07500, 26.0
6.08000, 29.0
6.08500, 24.0
6.09000, 31.0
6.09500, 21.0
6.10000, 34.0
6.10500, 26.0
6.11000, 27.0
6.11500, 26.0
6.12000, 28.0
6.12500, 33.0
6.13000, 28.0
6.13500, 33.0
6.14000, 22.0
6.14500, 29.0
6.15000, 32.0
6.15500, 24.0
6.16000, 32.0
6.16500, 35.0
6.17000, 28.0
6.17500, 33.0
6.18000, 28.0
6.18500, 27.0
6.19000, 23.0
6.19500, 18.0
6.20000, 27.0
6.20500, 29.0
6.21000, 21.0
6.21500, 23.0
6.22000, 17.0
6.22500, 29.0
6.23000, 22.0
6.23500, 32.0
6.24000, 26.0
6.24500, 21.0
6.25000, 18.0
6.25500, 22.0
6.26000, 30.0
6.26500, 29.0
6.27000, 21.0
6.27500, 20.0
6.28000, 32.0
6.28500, 26.0
6.29000, 24.0
6.29500, 17.0
6.30000, 29.0
6.30500, 22.0
6.31000, 22.0
6.31500, 20.0
6.32000, 21.0
6.32500, 22.0
6.33000, 22.0
6.33500, 29.0
6.34000, 27.0
6.34500, 25.0
6.35000, 27.0
6.35500, 28.0
6.36000, 25.0
6.36500, 26.0
6.37000, 22.0
6.37500, 24.0
6.38000, 25.0
6.38500, 26.0
6.39000, 31.0
6.39500, 36.0
6.40000, 35.0
6.40500, 24.0
6.41000, 25.0
6.41500, 36.0
6.42000, 21.0
6.42500, 34.0
6.43000, 18.0
6.43500, 27.0
6.44000, 19.0
6.44500, 31.0
6.45000, 24.0
6.45500, 29.0
6.46000, 34.0
6.46500, 19.0
6.47000, 26.0
6.47500, 21.0
6.48000, 20.0
6.48500, 24.0
6.49000, 21.0
6.49500, 23.0
6.50000, 20.0
6.50500, 18.0
6.51000, 23.0
6.51500, 20.0
6.52000, 23.0
6.52500, 24.0
6.53000, 16.0
6.53500, 21.0
6.54000, 23.0
6.54500, 20.0
6.55000, 25.0
6.55500, 26.0
6.56000, 22.0
6.56500, 23.0
6.57000, 21.0
6.57500, 18.0
6.58000, 17.0
6.58500, 15.0
6.59000, 30.0
6.59500, 27.0
6.60000, 19.0
6.60500, 27.0
6.61000, 18.0
6.61500, 25.0
6.62000, 26.0
6.62500, 17.0
6.63000, 30.0
6.63500, 16.0
6.64000, 27.0
6.64500, 28.0
6.65000, 33.0
6.65500, 27.0
6.66000, 33.0
6.66500, 24.0
6.67000, 15.0
6.67500, 20.0
6.68000, 19.0
6.68500, 28.0
6.69000, 23.0
6.69500, 20.0
6.70000, 24.0
6.70500, 12.0
6.71000, 29.0
6.71500, 16.0
6.72000, 27.0
6.72500, 23.0
6.73000, 25.0
6.73500, 15.0
6.74000, 26.0
6.74500, 29.0
6.75000, 25.0
6.75500, 19.0
6.76000, 18.0
6.76500, 25.0
6.77000, 26.0
6.77500, 20.0
6.78000, 26.0
6.78500, 22.0
6.79000, 21.0
6.79500, 25.0
6.80000, 18.0
6.80500, 17.0
6.81000, 22.0
6.81500, 25.0
6.82000, 22.0
6.82500, 20.0
6.83000, 16.0
6.83500, 17.0
6.84000, 30.0
6.84500, 20.0
6.85000, 25.0
6.85500, 24.0
6.86000, 19.0
6.86500, 23.0
6.87000, 20.0
6.87500, 21.0
6.88000, 33.0
6.88500, 18.0
6.89000, 23.0
6.89500, 19.0
6.90000, 25.0
6.90500, 20.0
6.91000, 19.0
6.91500, 25.0
6.92000, 18.0
6.92500, 25.0
6.93000, 20.0
6.93500, 17.0
6.94000, 16.0
6.94500, 19.0
6.95000, 20.0
6.95500, 22.0
6.96000, 22.0
6.96500, 26.0
6.97000, 10.0
6.97500, 13.0
6.98000, 22.0
6.98500, 23.0
6.99000, 24.0
6.99500, 22.0
7.00000, 22.0
7.00500, 18.0
7.01000, 22.0
7.01500, 19.0
7.02000, 28.0
7.02500, 24.0
7.03000, 20.0
7.03500, 15.0
7.04000, 21.0
7.04500, 16.0
7.05000, 21.0
7.05500, 31.0
7.06000, 25.0
7.06500, 25.0
7.07000, 16.0
7.07500, 24.0
7.08000, 18.0
7.08500, 28.0
7.09000, 12.0
7.09500, 22.0
7.10000, 16.0
7.10500, 22.0
7.11000, 21.0
7.11500, 23.0
7.12000, 26.0
7.12500, 24.0
7.13000, 24.0
7.13500, 12.0
7.14000, 24.0
7.14500, 18.0
7.15000, 18.0
7.15500, 17.0
7.16000, 16.0
7.16500, 23.0
7.17000, 11.0
7.17500, 21.0
7.18000, 17.0
7.18500, 26.0
7.19000, 12.0
7.19500, 9.0
7.20000, 16.0
7.20500, 17.0
7.21000, 25.0
7.21500, 18.0
7.22000, 18.0
7.22500, 20.0
7.23000, 23.0
7.23500, 16.0
7.24000, 20.0
7.24500, 22.0
7.25000, 24.0
7.25500, 24.0
7.26000, 19.0
7.26500, 20.0
7.27000, 18.0
7.27500, 25.0
7.28000, 16.0
7.28500, 17.0
7.29000, 18.0
7.29500, 15.0
7.30000, 19.0
7.30500, 11.0
7.31000, 12.0
7.31500, 22.0
7.32000, 25.0
7.32500, 14.0
7.33000, 23.0
7.33500, 22.0
7.34000, 15.0
7.34500, 14.0
7.35000, 9.0
7.35500, 21.0
7.36000, 23.0
7.36500, 15.0
7.37000, 15.0
7.37500, 23.0
7.38000, 14.0
7.38500, 9.0
7.39000, 19.0
7.39500, 23.0
7.40000, 15.0
7.40500, 9.0
7.41000, 18.0
7.41500, 14.0
7.42000, 18.0
7.42500, 9.0
7.43000, 16.0
7.43500, 17.0
7.44000, 14.0
7.44500, 17.0
7.45000, 15.0
7.45500, 22.0
7.46000, 17.0
7.46500, 13.0
7.47000, 12.0
7.47500, 20.0
7.48000, 15.0
7.48500, 17.0
7.49000, 15.0
7.49500, 17.0
7.50000, 15.0
7.50500, 17.0
7.51000, 15.0
7.51500, 11.0
7.52000, 11.0
7.52500, 12.0
7.53000, 13.0
7.53500, 11.0
7.54000, 13.0
7.54500, 11.0
7.55000, 25.0
7.55500, 14.0
7.56000, 21.0
7.56500, 18.0
7.57000, 13.0
7.57500, 14.0
7.58000, 13.0
7.58500, 19.0
7.59000, 27.0
7.59500, 16.0
7.60000, 9.0
7.60500, 13.0
7.61000, 17.0
7.61500, 16.0
7.62000, 20.0
7.62500, 17.0
7.63000, 22.0
7.63500, 12.0
7.64000, 17.0
7.64500, 15.0
7.65000, 23.0
7.65500, 14.0
7.66000, 11.0
7.66500, 16.0
7.67000, 18.0
7.67500, 16.0
7.68000, 15.0
7.68500, 12.0
7.69000, 24.0
7.69500, 22.0
7.70000, 17.0
7.70500, 10.0
7.71000, 7.0
7.71500, 13.0
7.72000, 15.0
7.72500, 20.0
7.73000, 15.0
7.73500, 11.0
7.74000, 21.0
7.74500, 17.0
7.75000, 19.0
7.75500, 13.0
7.76000, 20.0
7.76500, 10.0
7.77000, 21.0
7.77500, 12.0
7.78000, 15.0
7.78500, 19.0
7.79000, 18.0
7.79500, 14.0
7.80000, 14.0
7.80500, 7.0
7.81000, 14.0
7.81500, 9.0
7.82000, 20.0
7.82500, 15.0
7.83000, 16.0
7.83500, 12.0
7.84000, 12.0
7.84500, 13.0
7.85000, 11.0
7.85500, 22.0
7.86000, 20.0
7.86500, 15.0
7.87000, 12.0
7.87500, 16.0
7.88000, 18.0
7.88500, 10.0
7.89000, 14.0
7.89500, 12.0
7.90000, 17.0
7.90500, 16.0
7.91000, 11.0
7.91500, 11.0
7.92000, 18.0
7.92500, 14.0
7.93000, 19.0
7.93500, 18.0
7.94000, 24.0
7.94500, 11.0
7.95000, 13.0
7.95500, 17.0
7.96000, 9.0
7.96500, 13.0
7.97000, 9.0
7.97500, 13.0
7.98000, 13.0
7.98500, 13.0
7.99000, 15.0
7.99500, 14.0
8.00000, 12.0
8.00500, 15.0
8.01000, 15.0
8.01500, 11.0
8.02000, 15.0
8.02500, 14.0
8.03000, 22.0
8.03500, 14.0
8.04000, 17.0
8.04500, 22.0
8.05000, 14.0
8.05500, 18.0
8.06000, 7.0
8.06500, 14.0
8.07000, 15.0
8.07500, 10.0
8.08000, 10.0
8.08500, 18.0
8.09000, 18.0
8.09500, 19.0
8.10000, 21.0
8.10500, 10.0
8.11000, 12.0
8.11500, 16.0
8.12000, 7.0
8.12500, 9.0
8.13000, 8.0
8.13500, 21.0
8.14000, 13.0
8.14500, 15.0
8.15000, 10.0
8.15500, 18.0
8.16000, 15.0
8.16500, 21.0
8.17000, 11.0
8.17500, 10.0
8.18000, 18.0
8.18500, 16.0
8.19000, 14.0
8.19500, 13.0
8.20000, 11.0
8.20500, 10.0
8.21000, 14.0
8.21500, 8.0
8.22000, 13.0
8.22500, 15.0
8.23000, 9.0
8.23500, 14.0
8.24000, 12.0
8.24500, 16.0
8.25000, 8.0
8.25500, 12.0
8.26000, 13.0
8.26500, 11.0
8.27000, 10.0
8.27500, 10.0
8.28000, 13.0
8.28500, 11.0
8.29000, 7.0
8.29500, 14.0
8.30000, 12.0
8.30500, 10.0
8.31000, 9.0
8.31500, 16.0
8.32000, 7.0
8.32500, 13.0
8.33000, 11.0
8.33500, 11.0
8.34000, 13.0
8.34500, 14.0
8.35000, 16.0
8.35500, 11.0
8.36000, 12.0
8.36500, 9.0
8.37000, 19.0
8.37500, 15.0
8.38000, 14.0
8.38500, 11.0
8.39000, 8.0
8.39500, 14.0
8.40000, 12.0
8.40500, 12.0
8.41000, 12.0
8.41500, 9.0
8.42000, 15.0
8.42500, 8.0
8.43000, 14.0
8.43500, 12.0
8.44000, 13.0
8.44500, 12.0
8.45000, 13.0
8.45500, 13.0
8.46000, 7.0
8.46500, 10.0
8.47000, 7.0
8.47500, 14.0
8.48000, 12.0
8.48500, 15.0
8.49000, 6.0
8.49500, 10.0
8.50000, 10.0
8.50500, 16.0
8.51000, 6.0
8.51500, 4.0
8.52000, 11.0
8.52500, 16.0
8.53000, 10.0
8.53500, 7.0
8.54000, 14.0
8.54500, 8.0
8.55000, 10.0
8.55500, 13.0
8.56000, 5.0
8.56500, 11.0
8.57000, 11.0
8.57500, 8.0
8.58000, 7.0
8.58500, 17.0
8.59000, 14.0
8.59500, 6.0
8.60000, 11.0
8.60500, 9.0
8.61000, 12.0
8.61500, 17.0
8.62000, 9.0
8.62500, 5.0
8.63000, 10.0
8.63500, 9.0
8.64000, 16.0
8.64500, 9.0
8.65000, 11.0
8.65500, 9.0
8.66000, 10.0
8.66500, 8.0
8.67000, 10.0
8.67500, 7.0
8.68000, 7.0
8.68500, 12.0
8.69000, 10.0
8.69500, 12.0
8.70000, 7.0
8.70500, 13.0
8.71000, 14.0
8.71500, 13.0
8.72000, 11.0
8.72500, 9.0
8.73000, 6.0
8.73500, 10.0
8.74000, 8.0
8.74500, 11.0
8.75000, 9.0
8.75500, 10.0
8.76000, 8.0
8.76500, 11.0
8.77000, 13.0
8.77500, 8.0
8.78000, 9.0
8.78500, 10.0
8.79000, 9.0
8.79500, 9.0
8.80000, 15.0
8.80500, 9.0
8.81000, 5.0
8.81500, 11.0
8.82000, 9.0
8.82500, 13.0
8.83000, 10.0
8.83500, 9.0
8.84000, 15.0
8.84500, 4.0
8.85000, 10.0
8.85500, 13.0
8.86000, 10.0
8.86500, 6.0
8.87000, 6.0
8.87500, 10.0
8.88000, 9.0
8.88500, 5.0
8.89000, 17.0
8.89500, 12.0
8.90000, 13.0
8.90500, 13.0
8.91000, 7.0
8.91500, 13.0
8.92000, 13.0
8.92500, 6.0
8.93000, 8.0
8.93500, 8.0
8.94000, 11.0
8.94500, 9.0
8.95000, 4.0
8.95500, 12.0
8.96000, 7.0
8.96500, 5.0
8.97000, 10.0
8.97500, 8.0
8.98000, 4.0
8.98500, 6.0
8.99000, 7.0
8.99500, 7.0
9.00000, 2.0
9.00500, 9.0
9.01000, 7.0
9.01500, 9.0
9.02000, 5.0
9.02500, 4.0
9.03000, 11.0
9.03500, 7.0
9.04000, 14.0
9.04500, 10.0
9.05000, 8.0
9.05500, 10.0
9.06000, 5.0
9.06500, 6.0
9.07000, 12.0
9.07500, 11.0
9.08000, 8.0
9.08500, 6.0
9.09000, 4.0
9.09500, 6.0
9.10000, 3.0
9.10500, 5.0
9.11000, 10.0
9.11500, 9.0
9.12000, 4.0
9.12500, 10.0
9.13000, 10.0
9.13500, 9.0
9.14000, 8.0
9.14500, 4.0
9.15000, 4.0
9.15500, 8.0
9.16000, 7.0
9.16500, 8.0
9.17000, 5.0
9.17500, 8.0
9.18000, 4.0
9.18500, 9.0
9.19000, 14.0
9.19500, 8.0
9.20000, 4.0
9.20500, 8.0
9.21000, 4.0
9.21500, 8.0
9.22000, 7.0
9.22500, 7.0
9.23000, 3.0
9.23500, 6.0
9.24000, 4.0
9.24500, 4.0
9.25000, 9.0
9.25500, 3.0
9.26000, 6.0
9.26500, 9.0
9.27000, 10.0
9.27500, 5.0
9.28000, 4.0
9.28500, 7.0
9.29000, 4.0
9.29500, 3.0
9.30000, 4.0
9.30500, 6.0
9.31000, 8.0
9.31500, 3.0
9.32000, 2.0
9.32500, 4.0
9.33000, 8.0
9.33500, 13.0
9.34000, 3.0
9.34500, 4.0
9.35000, 6.0
9.35500, 8.0
9.36000, 5.0
9.36500, 10.0
9.37000, 5.0
9.37500, 7.0
9.38000, 7.0
9.38500, 6.0
9.39000, 9.0
9.39500, 6.0
9.40000, 3.0
9.40500, 8.0
9.41000, 4.0
9.41500, 8.0
9.42000, 7.0
9.42500, 4.0
9.43000, 6.0
9.43500, 3.0
9.44000, 7.0
9.44500, 1.0
9.45000, 4.0
9.45500, 7.0
9.46000, 4.0
9.46500, 12.0
9.47000, 3.0
9.47500, 4.0
9.48000, 5.0
9.48500, 7.0
9.49000, 3.0
9.49500, 3.0
9.50000, 4.0
9.50500, 8.0
9.51000, 3.0
9.51500, 8.0
9.52000, 6.0
9.52500, 5.0
9.53000, 7.0
9.53500, 5.0
9.54000, 3.0
9.54500, 3.0
9.55000, 4.0
9.55500, 5.0
9.56000, 4.0
9.56500, 3.0
9.57000, 3.0
9.57500, 6.0
9.58000, 7.0
9.58500, 2.0
9.59000, 2.0
9.59500, 6.0
9.60000, 4.0
9.60500, 3.0
9.61000, 2.0
9.61500, 5.0
9.62000, 4.0
9.62500, 4.0
9.63000, 9.0
9.63500, 5.0
9.64000, 5.0
9.64500, 2.0
9.65000, 5.0
9.65500, 2.0
9.66000, 0.0
9.66500, 2.0
9.67000, 2.0
9.67500, 4.0
9.68000, 4.0
9.68500, 5.0
9.69000, 2.0
9.69500, 4.0
9.70000, 3.0
9.70500, 4.0
9.71000, 5.0
9.71500, 2.0
9.72000, 2.0
9.72500, 3.0
9.73000, 1.0
9.73500, 2.0
9.74000, 2.0
9.74500, 0.0
9.75000, 2.0
9.75500, 4.0
9.76000, 7.0
9.76500, 2.0
9.77000, 5.0
9.77500, 1.0
9.78000, 2.0
9.78500, 4.0
9.79000, 1.0
9.79500, 3.0
9.80000, 1.0
9.80500, 4.0
9.81000, 2.0
9.81500, 2.0
9.82000, 3.0
9.82500, 0.0
9.83000, 3.0
9.83500, 2.0
9.84000, 2.0
9.84500, 1.0
9.85000, 3.0
9.85500, 3.0
9.86000, 0.0
9.86500, 0.0
9.87000, 3.0
9.87500, 2.0
9.88000, 1.0
9.88500, 0.0
9.89000, 1.0
9.89500, 1.0
9.90000, 2.0
9.90500, 0.0
9.91000, 1.0
9.91500, 0.0
9.92000, 2.0
9.92500, 2.0
9.93000, 0.0
9.93500, 0.0
9.94000, 1.0
9.94500, 2.0
9.95000, 0.0
9.95500, 2.0
9.96000, 1.0
9.96500, 0.0
9.97000, 1.0
9.97500, 2.0
9.98000, 0.0
9.98500, 1.0
9.99000, 0.0
9.99500, 0.0
10.00000, 1.0
10.00500, 0.0
10.01000, 0.0
10.01500, 1.0
10.02000, 0.0
10.02500, 0.0
10.03000, 0.0
10.03500, 1.0
10.04000, 0.0
10.04500, 0.0
10.05000, 1.0
10.05500, 0.0
10.06000, 1.0
10.06500, 0.0
10.07000, 0.0
10.07500, 0.0
10.08000, 0.0
10.08500, 0.0
10.09000, 0.0
10.09500, 0.0
10.10000, 0.0
10.10500, 1.0
10.11000, 0.0
10.11500, 0.0
10.12000, 0.0
10.12500, 0.0
10.13000, 0.0
10.13500, 0.0
#ENDOFDATA   : 
