#FORMAT      : EMSA/MAS Spectral Data File
#VERSION     : 1.0
#TITLE       : 20250425_10K_J1_2
#DATE        : 24-APR-2025
#TIME        : 10:37
#OWNER       : 
#NPOINTS     : 2048.0
#NCOLUMNS    : 1.0
#XUNITS      : keV
#YUNITS      : counts
#DATATYPE    : XY
#XPERCHAN    : 0.005
#OFFSET      : -0.1
#SIGNALTYPE  : EDS
#CHOFFSET    : 20.0
#LIVETIME    : 60.0
#REALTIME    : 61.582725525
#BEAMKV      : 10.0
#MAGCAM      : 800.0
#XTILTSTGE   : 0.0
#AZIMANGLE   : 0.0
#ELEVANGLE   : 29.0
#XPOSITION mm: 2.1725
#YPOSITION mm: 1.8240
#ZPOSITION mm: 13.5200
##OXINSTPT   : 2
##OXINSTSTROB: 67.46
#SPECTRUM    : Spectral Data Starts Here
-0.10000, 0.0
-0.09500, 0.0
-0.09000, 0.0
-0.08500, 0.0
-0.08000, 0.0
-0.07500, 0.0
-0.07000, 1.0
-0.06500, 4.0
-0.06000, 6.0
-0.05500, 8.0
-0.05000, 9.0
-0.04500, 22.0
-0.04000, 31.0
-0.03500, 40.0
-0.03000, 64.0
-0.02500, 94.0
-0.02000, 127.0
-0.01500, 186.0
-0.01000, 249.0
-0.00500, 319.0
0.00000, 408.0
0.00500, 493.0
0.01000, 566.0
0.01500, 660.0
0.02000, 749.0
0.02500, 852.0
0.03000, 920.0
0.03500, 1006.0
0.04000, 1085.0
0.04500, 1090.0
0.05000, 1069.0
0.05500, 1047.0
0.06000, 1022.0
0.06500, 953.0
0.07000, 853.0
0.07500, 789.0
0.08000, 716.0
0.08500, 637.0
0.09000, 573.0
0.09500, 486.0
0.10000, 423.0
0.10500, 389.0
0.11000, 363.0
0.11500, 381.0
0.12000, 407.0
0.12500, 428.0
0.13000, 474.0
0.13500, 497.0
0.14000, 552.0
0.14500, 594.0
0.15000, 560.0
0.15500, 581.0
0.16000, 642.0
0.16500, 642.0
0.17000, 594.0
0.17500, 549.0
0.18000, 537.0
0.18500, 498.0
0.19000, 457.0
0.19500, 427.0
0.20000, 396.0
0.20500, 347.0
0.21000, 304.0
0.21500, 275.0
0.22000, 247.0
0.22500, 242.0
0.23000, 221.0
0.23500, 200.0
0.24000, 183.0
0.24500, 183.0
0.25000, 178.0
0.25500, 190.0
0.26000, 184.0
0.26500, 173.0
0.27000, 166.0
0.27500, 166.0
0.28000, 149.0
0.28500, 139.0
0.29000, 146.0
0.29500, 132.0
0.30000, 119.0
0.30500, 122.0
0.31000, 96.0
0.31500, 94.0
0.32000, 78.0
0.32500, 78.0
0.33000, 68.0
0.33500, 64.0
0.34000, 67.0
0.34500, 66.0
0.35000, 59.0
0.35500, 57.0
0.36000, 61.0
0.36500, 64.0
0.37000, 73.0
0.37500, 78.0
0.38000, 74.0
0.38500, 64.0
0.39000, 75.0
0.39500, 81.0
0.40000, 82.0
0.40500, 75.0
0.41000, 75.0
0.41500, 86.0
0.42000, 82.0
0.42500, 102.0
0.43000, 103.0
0.43500, 107.0
0.44000, 134.0
0.44500, 150.0
0.45000, 146.0
0.45500, 176.0
0.46000, 198.0
0.46500, 250.0
0.47000, 313.0
0.47500, 327.0
0.48000, 371.0
0.48500, 454.0
0.49000, 520.0
0.49500, 597.0
0.50000, 647.0
0.50500, 648.0
0.51000, 714.0
0.51500, 711.0
0.52000, 755.0
0.52500, 732.0
0.53000, 797.0
0.53500, 753.0
0.54000, 700.0
0.54500, 645.0
0.55000, 626.0
0.55500, 582.0
0.56000, 522.0
0.56500, 469.0
0.57000, 407.0
0.57500, 368.0
0.58000, 352.0
0.58500, 298.0
0.59000, 263.0
0.59500, 230.0
0.60000, 224.0
0.60500, 200.0
0.61000, 172.0
0.61500, 170.0
0.62000, 167.0
0.62500, 148.0
0.63000, 147.0
0.63500, 156.0
0.64000, 150.0
0.64500, 149.0
0.65000, 158.0
0.65500, 166.0
0.66000, 164.0
0.66500, 151.0
0.67000, 165.0
0.67500, 169.0
0.68000, 167.0
0.68500, 185.0
0.69000, 153.0
0.69500, 155.0
0.70000, 164.0
0.70500, 157.0
0.71000, 175.0
0.71500, 178.0
0.72000, 174.0
0.72500, 200.0
0.73000, 183.0
0.73500, 194.0
0.74000, 207.0
0.74500, 203.0
0.75000, 188.0
0.75500, 189.0
0.76000, 194.0
0.76500, 180.0
0.77000, 181.0
0.77500, 181.0
0.78000, 199.0
0.78500, 197.0
0.79000, 185.0
0.79500, 186.0
0.80000, 188.0
0.80500, 210.0
0.81000, 204.0
0.81500, 216.0
0.82000, 222.0
0.82500, 183.0
0.83000, 199.0
0.83500, 201.0
0.84000, 190.0
0.84500, 197.0
0.85000, 191.0
0.85500, 231.0
0.86000, 218.0
0.86500, 208.0
0.87000, 224.0
0.87500, 212.0
0.88000, 226.0
0.88500, 226.0
0.89000, 217.0
0.89500, 192.0
0.90000, 220.0
0.90500, 241.0
0.91000, 225.0
0.91500, 235.0
0.92000, 236.0
0.92500, 233.0
0.93000, 226.0
0.93500, 250.0
0.94000, 216.0
0.94500, 234.0
0.95000, 212.0
0.95500, 206.0
0.96000, 237.0
0.96500, 233.0
0.97000, 213.0
0.97500, 213.0
0.98000, 235.0
0.98500, 218.0
0.99000, 221.0
0.99500, 237.0
1.00000, 223.0
1.00500, 229.0
1.01000, 235.0
1.01500, 254.0
1.02000, 239.0
1.02500, 260.0
1.03000, 240.0
1.03500, 251.0
1.04000, 233.0
1.04500, 235.0
1.05000, 217.0
1.05500, 233.0
1.06000, 232.0
1.06500, 235.0
1.07000, 226.0
1.07500, 231.0
1.08000, 228.0
1.08500, 222.0
1.09000, 219.0
1.09500, 224.0
1.10000, 252.0
1.10500, 243.0
1.11000, 225.0
1.11500, 223.0
1.12000, 217.0
1.12500, 206.0
1.13000, 222.0
1.13500, 236.0
1.14000, 222.0
1.14500, 231.0
1.15000, 209.0
1.15500, 216.0
1.16000, 218.0
1.16500, 230.0
1.17000, 252.0
1.17500, 220.0
1.18000, 224.0
1.18500, 221.0
1.19000, 202.0
1.19500, 241.0
1.20000, 225.0
1.20500, 219.0
1.21000, 222.0
1.21500, 235.0
1.22000, 239.0
1.22500, 235.0
1.23000, 240.0
1.23500, 235.0
1.24000, 241.0
1.24500, 226.0
1.25000, 242.0
1.25500, 231.0
1.26000, 229.0
1.26500, 224.0
1.27000, 240.0
1.27500, 232.0
1.28000, 232.0
1.28500, 229.0
1.29000, 235.0
1.29500, 225.0
1.30000, 236.0
1.30500, 226.0
1.31000, 231.0
1.31500, 217.0
1.32000, 225.0
1.32500, 235.0
1.33000, 216.0
1.33500, 221.0
1.34000, 231.0
1.34500, 231.0
1.35000, 234.0
1.35500, 233.0
1.36000, 222.0
1.36500, 236.0
1.37000, 228.0
1.37500, 237.0
1.38000, 217.0
1.38500, 228.0
1.39000, 234.0
1.39500, 232.0
1.40000, 215.0
1.40500, 213.0
1.41000, 234.0
1.41500, 245.0
1.42000, 232.0
1.42500, 232.0
1.43000, 238.0
1.43500, 241.0
1.44000, 249.0
1.44500, 217.0
1.45000, 210.0
1.45500, 212.0
1.46000, 209.0
1.46500, 222.0
1.47000, 235.0
1.47500, 221.0
1.48000, 231.0
1.48500, 230.0
1.49000, 223.0
1.49500, 236.0
1.50000, 237.0
1.50500, 260.0
1.51000, 233.0
1.51500, 233.0
1.52000, 230.0
1.52500, 207.0
1.53000, 243.0
1.53500, 224.0
1.54000, 235.0
1.54500, 233.0
1.55000, 222.0
1.55500, 218.0
1.56000, 243.0
1.56500, 227.0
1.57000, 206.0
1.57500, 223.0
1.58000, 212.0
1.58500, 210.0
1.59000, 206.0
1.59500, 222.0
1.60000, 234.0
1.60500, 248.0
1.61000, 264.0
1.61500, 242.0
1.62000, 279.0
1.62500, 295.0
1.63000, 321.0
1.63500, 395.0
1.64000, 485.0
1.64500, 560.0
1.65000, 629.0
1.65500, 783.0
1.66000, 953.0
1.66500, 1186.0
1.67000, 1441.0
1.67500, 1756.0
1.68000, 2118.0
1.68500, 2436.0
1.69000, 2898.0
1.69500, 3346.0
1.70000, 3810.0
1.70500, 4318.0
1.71000, 4841.0
1.71500, 5257.0
1.72000, 5608.0
1.72500, 6090.0
1.73000, 6391.0
1.73500, 6540.0
1.74000, 6747.0
1.74500, 6623.0
1.75000, 6495.0
1.75500, 6424.0
1.76000, 6060.0
1.76500, 5735.0
1.77000, 5232.0
1.77500, 4808.0
1.78000, 4447.0
1.78500, 4018.0
1.79000, 3461.0
1.79500, 3072.0
1.80000, 2719.0
1.80500, 2334.0
1.81000, 1926.0
1.81500, 1670.0
1.82000, 1375.0
1.82500, 1175.0
1.83000, 985.0
1.83500, 826.0
1.84000, 757.0
1.84500, 673.0
1.85000, 588.0
1.85500, 500.0
1.86000, 459.0
1.86500, 433.0
1.87000, 389.0
1.87500, 382.0
1.88000, 346.0
1.88500, 297.0
1.89000, 261.0
1.89500, 227.0
1.90000, 227.0
1.90500, 235.0
1.91000, 232.0
1.91500, 198.0
1.92000, 187.0
1.92500, 174.0
1.93000, 185.0
1.93500, 168.0
1.94000, 183.0
1.94500, 175.0
1.95000, 168.0
1.95500, 191.0
1.96000, 172.0
1.96500, 163.0
1.97000, 166.0
1.97500, 209.0
1.98000, 208.0
1.98500, 200.0
1.99000, 221.0
1.99500, 209.0
2.00000, 202.0
2.00500, 212.0
2.01000, 198.0
2.01500, 237.0
2.02000, 232.0
2.02500, 215.0
2.03000, 231.0
2.03500, 220.0
2.04000, 217.0
2.04500, 228.0
2.05000, 207.0
2.05500, 214.0
2.06000, 233.0
2.06500, 193.0
2.07000, 206.0
2.07500, 211.0
2.08000, 195.0
2.08500, 189.0
2.09000, 208.0
2.09500, 188.0
2.10000, 193.0
2.10500, 183.0
2.11000, 176.0
2.11500, 178.0
2.12000, 178.0
2.12500, 193.0
2.13000, 167.0
2.13500, 179.0
2.14000, 186.0
2.14500, 173.0
2.15000, 178.0
2.15500, 191.0
2.16000, 172.0
2.16500, 170.0
2.17000, 194.0
2.17500, 195.0
2.18000, 243.0
2.18500, 260.0
2.19000, 288.0
2.19500, 332.0
2.20000, 406.0
2.20500, 480.0
2.21000, 585.0
2.21500, 622.0
2.22000, 778.0
2.22500, 989.0
2.23000, 1138.0
2.23500, 1335.0
2.24000, 1582.0
2.24500, 1863.0
2.25000, 2086.0
2.25500, 2411.0
2.26000, 2628.0
2.26500, 2943.0
2.27000, 3253.0
2.27500, 3584.0
2.28000, 3917.0
2.28500, 4026.0
2.29000, 4343.0
2.29500, 4466.0
2.30000, 4641.0
2.30500, 4699.0
2.31000, 4639.0
2.31500, 4644.0
2.32000, 4603.0
2.32500, 4327.0
2.33000, 4053.0
2.33500, 3933.0
2.34000, 3670.0
2.34500, 3470.0
2.35000, 3172.0
2.35500, 2964.0
2.36000, 2643.0
2.36500, 2415.0
2.37000, 2242.0
2.37500, 2034.0
2.38000, 1865.0
2.38500, 1689.0
2.39000, 1605.0
2.39500, 1493.0
2.40000, 1380.0
2.40500, 1288.0
2.41000, 1170.0
2.41500, 1128.0
2.42000, 1020.0
2.42500, 1005.0
2.43000, 964.0
2.43500, 914.0
2.44000, 846.0
2.44500, 794.0
2.45000, 761.0
2.45500, 725.0
2.46000, 662.0
2.46500, 679.0
2.47000, 638.0
2.47500, 583.0
2.48000, 587.0
2.48500, 569.0
2.49000, 535.0
2.49500, 497.0
2.50000, 459.0
2.50500, 450.0
2.51000, 369.0
2.51500, 365.0
2.52000, 346.0
2.52500, 327.0
2.53000, 284.0
2.53500, 270.0
2.54000, 261.0
2.54500, 256.0
2.55000, 212.0
2.55500, 191.0
2.56000, 191.0
2.56500, 178.0
2.57000, 181.0
2.57500, 172.0
2.58000, 165.0
2.58500, 147.0
2.59000, 125.0
2.59500, 127.0
2.60000, 130.0
2.60500, 122.0
2.61000, 125.0
2.61500, 129.0
2.62000, 133.0
2.62500, 123.0
2.63000, 117.0
2.63500, 108.0
2.64000, 106.0
2.64500, 114.0
2.65000, 120.0
2.65500, 120.0
2.66000, 117.0
2.66500, 114.0
2.67000, 111.0
2.67500, 97.0
2.68000, 89.0
2.68500, 85.0
2.69000, 81.0
2.69500, 95.0
2.70000, 103.0
2.70500, 109.0
2.71000, 97.0
2.71500, 88.0
2.72000, 95.0
2.72500, 80.0
2.73000, 85.0
2.73500, 95.0
2.74000, 88.0
2.74500, 82.0
2.75000, 87.0
2.75500, 88.0
2.76000, 96.0
2.76500, 79.0
2.77000, 78.0
2.77500, 92.0
2.78000, 90.0
2.78500, 88.0
2.79000, 90.0
2.79500, 85.0
2.80000, 92.0
2.80500, 96.0
2.81000, 95.0
2.81500, 99.0
2.82000, 113.0
2.82500, 101.0
2.83000, 101.0
2.83500, 104.0
2.84000, 105.0
2.84500, 96.0
2.85000, 102.0
2.85500, 107.0
2.86000, 114.0
2.86500, 101.0
2.87000, 105.0
2.87500, 107.0
2.88000, 99.0
2.88500, 78.0
2.89000, 79.0
2.89500, 80.0
2.90000, 93.0
2.90500, 89.0
2.91000, 86.0
2.91500, 78.0
2.92000, 74.0
2.92500, 84.0
2.93000, 76.0
2.93500, 78.0
2.94000, 82.0
2.94500, 93.0
2.95000, 65.0
2.95500, 80.0
2.96000, 83.0
2.96500, 89.0
2.97000, 74.0
2.97500, 76.0
2.98000, 68.0
2.98500, 84.0
2.99000, 86.0
2.99500, 77.0
3.00000, 73.0
3.00500, 71.0
3.01000, 73.0
3.01500, 79.0
3.02000, 74.0
3.02500, 81.0
3.03000, 86.0
3.03500, 79.0
3.04000, 97.0
3.04500, 84.0
3.05000, 71.0
3.05500, 84.0
3.06000, 83.0
3.06500, 87.0
3.07000, 78.0
3.07500, 84.0
3.08000, 66.0
3.08500, 69.0
3.09000, 82.0
3.09500, 77.0
3.10000, 76.0
3.10500, 72.0
3.11000, 79.0
3.11500, 79.0
3.12000, 92.0
3.12500, 84.0
3.13000, 79.0
3.13500, 83.0
3.14000, 75.0
3.14500, 67.0
3.15000, 64.0
3.15500, 56.0
3.16000, 78.0
3.16500, 78.0
3.17000, 75.0
3.17500, 68.0
3.18000, 81.0
3.18500, 73.0
3.19000, 74.0
3.19500, 72.0
3.20000, 84.0
3.20500, 69.0
3.21000, 63.0
3.21500, 83.0
3.22000, 68.0
3.22500, 70.0
3.23000, 75.0
3.23500, 67.0
3.24000, 71.0
3.24500, 79.0
3.25000, 83.0
3.25500, 66.0
3.26000, 68.0
3.26500, 77.0
3.27000, 67.0
3.27500, 72.0
3.28000, 71.0
3.28500, 68.0
3.29000, 83.0
3.29500, 82.0
3.30000, 68.0
3.30500, 70.0
3.31000, 75.0
3.31500, 73.0
3.32000, 82.0
3.32500, 70.0
3.33000, 84.0
3.33500, 82.0
3.34000, 74.0
3.34500, 71.0
3.35000, 78.0
3.35500, 69.0
3.36000, 61.0
3.36500, 65.0
3.37000, 72.0
3.37500, 65.0
3.38000, 54.0
3.38500, 64.0
3.39000, 82.0
3.39500, 80.0
3.40000, 66.0
3.40500, 61.0
3.41000, 76.0
3.41500, 74.0
3.42000, 79.0
3.42500, 72.0
3.43000, 73.0
3.43500, 73.0
3.44000, 67.0
3.44500, 60.0
3.45000, 78.0
3.45500, 78.0
3.46000, 73.0
3.46500, 72.0
3.47000, 83.0
3.47500, 68.0
3.48000, 65.0
3.48500, 70.0
3.49000, 79.0
3.49500, 81.0
3.50000, 76.0
3.50500, 71.0
3.51000, 80.0
3.51500, 79.0
3.52000, 68.0
3.52500, 81.0
3.53000, 73.0
3.53500, 73.0
3.54000, 71.0
3.54500, 68.0
3.55000, 57.0
3.55500, 64.0
3.56000, 66.0
3.56500, 62.0
3.57000, 62.0
3.57500, 72.0
3.58000, 58.0
3.58500, 55.0
3.59000, 63.0
3.59500, 81.0
3.60000, 67.0
3.60500, 64.0
3.61000, 70.0
3.61500, 65.0
3.62000, 61.0
3.62500, 64.0
3.63000, 64.0
3.63500, 53.0
3.64000, 58.0
3.64500, 66.0
3.65000, 58.0
3.65500, 74.0
3.66000, 62.0
3.66500, 57.0
3.67000, 65.0
3.67500, 65.0
3.68000, 56.0
3.68500, 68.0
3.69000, 59.0
3.69500, 68.0
3.70000, 50.0
3.70500, 65.0
3.71000, 54.0
3.71500, 50.0
3.72000, 56.0
3.72500, 60.0
3.73000, 43.0
3.73500, 60.0
3.74000, 55.0
3.74500, 58.0
3.75000, 70.0
3.75500, 66.0
3.76000, 62.0
3.76500, 66.0
3.77000, 55.0
3.77500, 75.0
3.78000, 61.0
3.78500, 63.0
3.79000, 61.0
3.79500, 53.0
3.80000, 56.0
3.80500, 72.0
3.81000, 61.0
3.81500, 55.0
3.82000, 56.0
3.82500, 66.0
3.83000, 63.0
3.83500, 52.0
3.84000, 80.0
3.84500, 70.0
3.85000, 56.0
3.85500, 57.0
3.86000, 60.0
3.86500, 56.0
3.87000, 50.0
3.87500, 69.0
3.88000, 66.0
3.88500, 62.0
3.89000, 69.0
3.89500, 62.0
3.90000, 50.0
3.90500, 66.0
3.91000, 57.0
3.91500, 57.0
3.92000, 62.0
3.92500, 61.0
3.93000, 51.0
3.93500, 69.0
3.94000, 72.0
3.94500, 58.0
3.95000, 60.0
3.95500, 57.0
3.96000, 59.0
3.96500, 83.0
3.97000, 59.0
3.97500, 51.0
3.98000, 39.0
3.98500, 67.0
3.99000, 62.0
3.99500, 67.0
4.00000, 54.0
4.00500, 48.0
4.01000, 48.0
4.01500, 60.0
4.02000, 58.0
4.02500, 62.0
4.03000, 67.0
4.03500, 77.0
4.04000, 60.0
4.04500, 56.0
4.05000, 56.0
4.05500, 72.0
4.06000, 58.0
4.06500, 61.0
4.07000, 65.0
4.07500, 56.0
4.08000, 63.0
4.08500, 55.0
4.09000, 61.0
4.09500, 50.0
4.10000, 53.0
4.10500, 60.0
4.11000, 65.0
4.11500, 70.0
4.12000, 66.0
4.12500, 54.0
4.13000, 50.0
4.13500, 62.0
4.14000, 59.0
4.14500, 60.0
4.15000, 61.0
4.15500, 59.0
4.16000, 64.0
4.16500, 61.0
4.17000, 54.0
4.17500, 49.0
4.18000, 64.0
4.18500, 53.0
4.19000, 62.0
4.19500, 58.0
4.20000, 58.0
4.20500, 67.0
4.21000, 58.0
4.21500, 48.0
4.22000, 58.0
4.22500, 64.0
4.23000, 57.0
4.23500, 54.0
4.24000, 55.0
4.24500, 42.0
4.25000, 61.0
4.25500, 43.0
4.26000, 53.0
4.26500, 55.0
4.27000, 66.0
4.27500, 55.0
4.28000, 41.0
4.28500, 51.0
4.29000, 64.0
4.29500, 43.0
4.30000, 46.0
4.30500, 54.0
4.31000, 51.0
4.31500, 55.0
4.32000, 46.0
4.32500, 49.0
4.33000, 52.0
4.33500, 52.0
4.34000, 50.0
4.34500, 54.0
4.35000, 42.0
4.35500, 44.0
4.36000, 52.0
4.36500, 49.0
4.37000, 46.0
4.37500, 50.0
4.38000, 65.0
4.38500, 50.0
4.39000, 52.0
4.39500, 46.0
4.40000, 45.0
4.40500, 49.0
4.41000, 44.0
4.41500, 46.0
4.42000, 38.0
4.42500, 61.0
4.43000, 52.0
4.43500, 54.0
4.44000, 35.0
4.44500, 43.0
4.45000, 49.0
4.45500, 55.0
4.46000, 47.0
4.46500, 46.0
4.47000, 49.0
4.47500, 41.0
4.48000, 55.0
4.48500, 61.0
4.49000, 44.0
4.49500, 46.0
4.50000, 59.0
4.50500, 47.0
4.51000, 55.0
4.51500, 38.0
4.52000, 47.0
4.52500, 49.0
4.53000, 62.0
4.53500, 48.0
4.54000, 37.0
4.54500, 51.0
4.55000, 56.0
4.55500, 48.0
4.56000, 51.0
4.56500, 45.0
4.57000, 51.0
4.57500, 48.0
4.58000, 60.0
4.58500, 33.0
4.59000, 45.0
4.59500, 64.0
4.60000, 53.0
4.60500, 43.0
4.61000, 53.0
4.61500, 54.0
4.62000, 47.0
4.62500, 45.0
4.63000, 53.0
4.63500, 52.0
4.64000, 38.0
4.64500, 42.0
4.65000, 56.0
4.65500, 57.0
4.66000, 42.0
4.66500, 44.0
4.67000, 55.0
4.67500, 49.0
4.68000, 42.0
4.68500, 41.0
4.69000, 54.0
4.69500, 60.0
4.70000, 49.0
4.70500, 43.0
4.71000, 47.0
4.71500, 51.0
4.72000, 43.0
4.72500, 44.0
4.73000, 39.0
4.73500, 48.0
4.74000, 47.0
4.74500, 40.0
4.75000, 54.0
4.75500, 49.0
4.76000, 46.0
4.76500, 41.0
4.77000, 41.0
4.77500, 46.0
4.78000, 49.0
4.78500, 51.0
4.79000, 50.0
4.79500, 54.0
4.80000, 49.0
4.80500, 42.0
4.81000, 47.0
4.81500, 57.0
4.82000, 46.0
4.82500, 43.0
4.83000, 37.0
4.83500, 41.0
4.84000, 43.0
4.84500, 48.0
4.85000, 38.0
4.85500, 47.0
4.86000, 42.0
4.86500, 34.0
4.87000, 46.0
4.87500, 47.0
4.88000, 36.0
4.88500, 41.0
4.89000, 46.0
4.89500, 39.0
4.90000, 46.0
4.90500, 40.0
4.91000, 35.0
4.91500, 43.0
4.92000, 41.0
4.92500, 47.0
4.93000, 45.0
4.93500, 39.0
4.94000, 35.0
4.94500, 38.0
4.95000, 35.0
4.95500, 39.0
4.96000, 36.0
4.96500, 36.0
4.97000, 36.0
4.97500, 42.0
4.98000, 47.0
4.98500, 46.0
4.99000, 30.0
4.99500, 35.0
5.00000, 46.0
5.00500, 30.0
5.01000, 47.0
5.01500, 44.0
5.02000, 43.0
5.02500, 36.0
5.03000, 34.0
5.03500, 36.0
5.04000, 46.0
5.04500, 33.0
5.05000, 25.0
5.05500, 41.0
5.06000, 41.0
5.06500, 53.0
5.07000, 48.0
5.07500, 45.0
5.08000, 41.0
5.08500, 51.0
5.09000, 53.0
5.09500, 42.0
5.10000, 43.0
5.10500, 43.0
5.11000, 37.0
5.11500, 31.0
5.12000, 40.0
5.12500, 41.0
5.13000, 48.0
5.13500, 33.0
5.14000, 38.0
5.14500, 47.0
5.15000, 43.0
5.15500, 28.0
5.16000, 34.0
5.16500, 35.0
5.17000, 49.0
5.17500, 28.0
5.18000, 39.0
5.18500, 34.0
5.19000, 38.0
5.19500, 37.0
5.20000, 35.0
5.20500, 36.0
5.21000, 51.0
5.21500, 41.0
5.22000, 44.0
5.22500, 57.0
5.23000, 33.0
5.23500, 38.0
5.24000, 33.0
5.24500, 33.0
5.25000, 38.0
5.25500, 43.0
5.26000, 36.0
5.26500, 30.0
5.27000, 40.0
5.27500, 48.0
5.28000, 41.0
5.28500, 35.0
5.29000, 45.0
5.29500, 38.0
5.30000, 32.0
5.30500, 42.0
5.31000, 37.0
5.31500, 33.0
5.32000, 45.0
5.32500, 35.0
5.33000, 32.0
5.33500, 25.0
5.34000, 33.0
5.34500, 38.0
5.35000, 34.0
5.35500, 41.0
5.36000, 36.0
5.36500, 27.0
5.37000, 41.0
5.37500, 46.0
5.38000, 37.0
5.38500, 33.0
5.39000, 39.0
5.39500, 38.0
5.40000, 30.0
5.40500, 40.0
5.41000, 31.0
5.41500, 42.0
5.42000, 37.0
5.42500, 39.0
5.43000, 35.0
5.43500, 39.0
5.44000, 36.0
5.44500, 35.0
5.45000, 41.0
5.45500, 24.0
5.46000, 39.0
5.46500, 36.0
5.47000, 33.0
5.47500, 39.0
5.48000, 29.0
5.48500, 39.0
5.49000, 33.0
5.49500, 33.0
5.50000, 45.0
5.50500, 38.0
5.51000, 35.0
5.51500, 34.0
5.52000, 32.0
5.52500, 32.0
5.53000, 34.0
5.53500, 26.0
5.54000, 38.0
5.54500, 43.0
5.55000, 34.0
5.55500, 25.0
5.56000, 32.0
5.56500, 25.0
5.57000, 25.0
5.57500, 31.0
5.58000, 42.0
5.58500, 36.0
5.59000, 27.0
5.59500, 32.0
5.60000, 21.0
5.60500, 37.0
5.61000, 31.0
5.61500, 39.0
5.62000, 30.0
5.62500, 32.0
5.63000, 31.0
5.63500, 36.0
5.64000, 31.0
5.64500, 31.0
5.65000, 29.0
5.65500, 39.0
5.66000, 31.0
5.66500, 36.0
5.67000, 30.0
5.67500, 37.0
5.68000, 33.0
5.68500, 36.0
5.69000, 36.0
5.69500, 35.0
5.70000, 47.0
5.70500, 35.0
5.71000, 28.0
5.71500, 27.0
5.72000, 38.0
5.72500, 31.0
5.73000, 37.0
5.73500, 44.0
5.74000, 35.0
5.74500, 36.0
5.75000, 31.0
5.75500, 33.0
5.76000, 33.0
5.76500, 27.0
5.77000, 27.0
5.77500, 32.0
5.78000, 26.0
5.78500, 37.0
5.79000, 28.0
5.79500, 28.0
5.80000, 27.0
5.80500, 37.0
5.81000, 33.0
5.81500, 34.0
5.82000, 33.0
5.82500, 33.0
5.83000, 31.0
5.83500, 26.0
5.84000, 35.0
5.84500, 31.0
5.85000, 36.0
5.85500, 41.0
5.86000, 35.0
5.86500, 25.0
5.87000, 41.0
5.87500, 34.0
5.88000, 22.0
5.88500, 25.0
5.89000, 35.0
5.89500, 27.0
5.90000, 35.0
5.90500, 34.0
5.91000, 31.0
5.91500, 33.0
5.92000, 33.0
5.92500, 32.0
5.93000, 36.0
5.93500, 26.0
5.94000, 38.0
5.94500, 21.0
5.95000, 27.0
5.95500, 32.0
5.96000, 29.0
5.96500, 38.0
5.97000, 27.0
5.97500, 21.0
5.98000, 31.0
5.98500, 26.0
5.99000, 31.0
5.99500, 41.0
6.00000, 23.0
6.00500, 34.0
6.01000, 31.0
6.01500, 18.0
6.02000, 35.0
6.02500, 29.0
6.03000, 35.0
6.03500, 30.0
6.04000, 32.0
6.04500, 28.0
6.05000, 40.0
6.05500, 15.0
6.06000, 24.0
6.06500, 28.0
6.07000, 26.0
6.07500, 34.0
6.08000, 41.0
6.08500, 33.0
6.09000, 28.0
6.09500, 32.0
6.10000, 30.0
6.10500, 28.0
6.11000, 26.0
6.11500, 29.0
6.12000, 35.0
6.12500, 23.0
6.13000, 35.0
6.13500, 31.0
6.14000, 31.0
6.14500, 33.0
6.15000, 24.0
6.15500, 33.0
6.16000, 24.0
6.16500, 28.0
6.17000, 23.0
6.17500, 25.0
6.18000, 30.0
6.18500, 32.0
6.19000, 25.0
6.19500, 19.0
6.20000, 29.0
6.20500, 28.0
6.21000, 22.0
6.21500, 20.0
6.22000, 32.0
6.22500, 33.0
6.23000, 30.0
6.23500, 23.0
6.24000, 25.0
6.24500, 24.0
6.25000, 33.0
6.25500, 17.0
6.26000, 31.0
6.26500, 24.0
6.27000, 27.0
6.27500, 28.0
6.28000, 31.0
6.28500, 25.0
6.29000, 34.0
6.29500, 33.0
6.30000, 20.0
6.30500, 22.0
6.31000, 23.0
6.31500, 28.0
6.32000, 24.0
6.32500, 30.0
6.33000, 33.0
6.33500, 25.0
6.34000, 23.0
6.34500, 39.0
6.35000, 17.0
6.35500, 21.0
6.36000, 27.0
6.36500, 16.0
6.37000, 23.0
6.37500, 25.0
6.38000, 31.0
6.38500, 26.0
6.39000, 35.0
6.39500, 25.0
6.40000, 33.0
6.40500, 22.0
6.41000, 19.0
6.41500, 23.0
6.42000, 24.0
6.42500, 19.0
6.43000, 24.0
6.43500, 25.0
6.44000, 29.0
6.44500, 32.0
6.45000, 18.0
6.45500, 33.0
6.46000, 19.0
6.46500, 28.0
6.47000, 35.0
6.47500, 28.0
6.48000, 30.0
6.48500, 39.0
6.49000, 29.0
6.49500, 26.0
6.50000, 20.0
6.50500, 23.0
6.51000, 22.0
6.51500, 31.0
6.52000, 38.0
6.52500, 24.0
6.53000, 30.0
6.53500, 21.0
6.54000, 22.0
6.54500, 14.0
6.55000, 33.0
6.55500, 24.0
6.56000, 25.0
6.56500, 22.0
6.57000, 23.0
6.57500, 24.0
6.58000, 23.0
6.58500, 20.0
6.59000, 26.0
6.59500, 34.0
6.60000, 32.0
6.60500, 31.0
6.61000, 13.0
6.61500, 27.0
6.62000, 25.0
6.62500, 24.0
6.63000, 23.0
6.63500, 21.0
6.64000, 28.0
6.64500, 22.0
6.65000, 25.0
6.65500, 26.0
6.66000, 21.0
6.66500, 23.0
6.67000, 26.0
6.67500, 24.0
6.68000, 15.0
6.68500, 23.0
6.69000, 12.0
6.69500, 31.0
6.70000, 26.0
6.70500, 28.0
6.71000, 21.0
6.71500, 23.0
6.72000, 18.0
6.72500, 22.0
6.73000, 16.0
6.73500, 16.0
6.74000, 20.0
6.74500, 21.0
6.75000, 22.0
6.75500, 22.0
6.76000, 24.0
6.76500, 31.0
6.77000, 25.0
6.77500, 19.0
6.78000, 25.0
6.78500, 22.0
6.79000, 16.0
6.79500, 27.0
6.80000, 26.0
6.80500, 28.0
6.81000, 24.0
6.81500, 26.0
6.82000, 22.0
6.82500, 25.0
6.83000, 17.0
6.83500, 22.0
6.84000, 18.0
6.84500, 15.0
6.85000, 29.0
6.85500, 19.0
6.86000, 31.0
6.86500, 14.0
6.87000, 21.0
6.87500, 14.0
6.88000, 24.0
6.88500, 18.0
6.89000, 26.0
6.89500, 18.0
6.90000, 21.0
6.90500, 24.0
6.91000, 20.0
6.91500, 27.0
6.92000, 19.0
6.92500, 18.0
6.93000, 19.0
6.93500, 23.0
6.94000, 21.0
6.94500, 19.0
6.95000, 21.0
6.95500, 20.0
6.96000, 16.0
6.96500, 22.0
6.97000, 22.0
6.97500, 22.0
6.98000, 20.0
6.98500, 18.0
6.99000, 19.0
6.99500, 14.0
7.00000, 23.0
7.00500, 34.0
7.01000, 17.0
7.01500, 22.0
7.02000, 19.0
7.02500, 19.0
7.03000, 17.0
7.03500, 23.0
7.04000, 19.0
7.04500, 17.0
7.05000, 20.0
7.05500, 17.0
7.06000, 24.0
7.06500, 27.0
7.07000, 16.0
7.07500, 13.0
7.08000, 23.0
7.08500, 28.0
7.09000, 15.0
7.09500, 17.0
7.10000, 14.0
7.10500, 15.0
7.11000, 23.0
7.11500, 17.0
7.12000, 22.0
7.12500, 19.0
7.13000, 13.0
7.13500, 22.0
7.14000, 16.0
7.14500, 17.0
7.15000, 23.0
7.15500, 22.0
7.16000, 13.0
7.16500, 22.0
7.17000, 7.0
7.17500, 19.0
7.18000, 14.0
7.18500, 16.0
7.19000, 20.0
7.19500, 24.0
7.20000, 18.0
7.20500, 12.0
7.21000, 27.0
7.21500, 17.0
7.22000, 22.0
7.22500, 13.0
7.23000, 26.0
7.23500, 20.0
7.24000, 30.0
7.24500, 27.0
7.25000, 16.0
7.25500, 13.0
7.26000, 23.0
7.26500, 19.0
7.27000, 22.0
7.27500, 19.0
7.28000, 14.0
7.28500, 14.0
7.29000, 26.0
7.29500, 23.0
7.30000, 20.0
7.30500, 15.0
7.31000, 18.0
7.31500, 14.0
7.32000, 15.0
7.32500, 17.0
7.33000, 13.0
7.33500, 16.0
7.34000, 17.0
7.34500, 20.0
7.35000, 21.0
7.35500, 28.0
7.36000, 17.0
7.36500, 24.0
7.37000, 20.0
7.37500, 10.0
7.38000, 19.0
7.38500, 9.0
7.39000, 11.0
7.39500, 16.0
7.40000, 16.0
7.40500, 14.0
7.41000, 14.0
7.41500, 12.0
7.42000, 19.0
7.42500, 20.0
7.43000, 15.0
7.43500, 16.0
7.44000, 19.0
7.44500, 10.0
7.45000, 28.0
7.45500, 12.0
7.46000, 17.0
7.46500, 22.0
7.47000, 16.0
7.47500, 17.0
7.48000, 13.0
7.48500, 16.0
7.49000, 15.0
7.49500, 21.0
7.50000, 27.0
7.50500, 15.0
7.51000, 7.0
7.51500, 13.0
7.52000, 21.0
7.52500, 17.0
7.53000, 25.0
7.53500, 18.0
7.54000, 17.0
7.54500, 17.0
7.55000, 22.0
7.55500, 30.0
7.56000, 15.0
7.56500, 9.0
7.57000, 17.0
7.57500, 15.0
7.58000, 15.0
7.58500, 22.0
7.59000, 21.0
7.59500, 12.0
7.60000, 17.0
7.60500, 17.0
7.61000, 17.0
7.61500, 14.0
7.62000, 12.0
7.62500, 18.0
7.63000, 16.0
7.63500, 14.0
7.64000, 12.0
7.64500, 18.0
7.65000, 11.0
7.65500, 12.0
7.66000, 14.0
7.66500, 19.0
7.67000, 11.0
7.67500, 10.0
7.68000, 23.0
7.68500, 15.0
7.69000, 21.0
7.69500, 21.0
7.70000, 14.0
7.70500, 21.0
7.71000, 24.0
7.71500, 20.0
7.72000, 14.0
7.72500, 13.0
7.73000, 18.0
7.73500, 13.0
7.74000, 13.0
7.74500, 11.0
7.75000, 17.0
7.75500, 19.0
7.76000, 12.0
7.76500, 18.0
7.77000, 13.0
7.77500, 18.0
7.78000, 18.0
7.78500, 10.0
7.79000, 21.0
7.79500, 25.0
7.80000, 6.0
7.80500, 7.0
7.81000, 13.0
7.81500, 14.0
7.82000, 10.0
7.82500, 17.0
7.83000, 16.0
7.83500, 12.0
7.84000, 14.0
7.84500, 9.0
7.85000, 8.0
7.85500, 18.0
7.86000, 15.0
7.86500, 24.0
7.87000, 17.0
7.87500, 12.0
7.88000, 10.0
7.88500, 20.0
7.89000, 21.0
7.89500, 21.0
7.90000, 21.0
7.90500, 9.0
7.91000, 19.0
7.91500, 17.0
7.92000, 14.0
7.92500, 18.0
7.93000, 18.0
7.93500, 8.0
7.94000, 15.0
7.94500, 21.0
7.95000, 16.0
7.95500, 15.0
7.96000, 12.0
7.96500, 9.0
7.97000, 10.0
7.97500, 12.0
7.98000, 16.0
7.98500, 12.0
7.99000, 22.0
7.99500, 14.0
8.00000, 21.0
8.00500, 17.0
8.01000, 13.0
8.01500, 9.0
8.02000, 16.0
8.02500, 19.0
8.03000, 14.0
8.03500, 18.0
8.04000, 14.0
8.04500, 13.0
8.05000, 12.0
8.05500, 18.0
8.06000, 13.0
8.06500, 12.0
8.07000, 12.0
8.07500, 14.0
8.08000, 8.0
8.08500, 10.0
8.09000, 13.0
8.09500, 14.0
8.10000, 8.0
8.10500, 14.0
8.11000, 18.0
8.11500, 13.0
8.12000, 20.0
8.12500, 15.0
8.13000, 15.0
8.13500, 15.0
8.14000, 8.0
8.14500, 9.0
8.15000, 13.0
8.15500, 12.0
8.16000, 13.0
8.16500, 16.0
8.17000, 10.0
8.17500, 8.0
8.18000, 14.0
8.18500, 12.0
8.19000, 16.0
8.19500, 16.0
8.20000, 9.0
8.20500, 19.0
8.21000, 11.0
8.21500, 10.0
8.22000, 8.0
8.22500, 11.0
8.23000, 8.0
8.23500, 12.0
8.24000, 12.0
8.24500, 16.0
8.25000, 9.0
8.25500, 15.0
8.26000, 13.0
8.26500, 10.0
8.27000, 12.0
8.27500, 14.0
8.28000, 17.0
8.28500, 14.0
8.29000, 17.0
8.29500, 9.0
8.30000, 11.0
8.30500, 9.0
8.31000, 7.0
8.31500, 11.0
8.32000, 17.0
8.32500, 14.0
8.33000, 16.0
8.33500, 7.0
8.34000, 15.0
8.34500, 14.0
8.35000, 12.0
8.35500, 15.0
8.36000, 14.0
8.36500, 12.0
8.37000, 10.0
8.37500, 10.0
8.38000, 10.0
8.38500, 8.0
8.39000, 27.0
8.39500, 17.0
8.40000, 10.0
8.40500, 11.0
8.41000, 7.0
8.41500, 12.0
8.42000, 8.0
8.42500, 7.0
8.43000, 10.0
8.43500, 8.0
8.44000, 10.0
8.44500, 12.0
8.45000, 9.0
8.45500, 8.0
8.46000, 10.0
8.46500, 10.0
8.47000, 13.0
8.47500, 17.0
8.48000, 12.0
8.48500, 8.0
8.49000, 14.0
8.49500, 11.0
8.50000, 12.0
8.50500, 12.0
8.51000, 9.0
8.51500, 9.0
8.52000, 7.0
8.52500, 4.0
8.53000, 11.0
8.53500, 13.0
8.54000, 19.0
8.54500, 9.0
8.55000, 14.0
8.55500, 13.0
8.56000, 14.0
8.56500, 9.0
8.57000, 14.0
8.57500, 7.0
8.58000, 11.0
8.58500, 13.0
8.59000, 13.0
8.59500, 8.0
8.60000, 8.0
8.60500, 16.0
8.61000, 8.0
8.61500, 11.0
8.62000, 14.0
8.62500, 4.0
8.63000, 5.0
8.63500, 13.0
8.64000, 11.0
8.64500, 16.0
8.65000, 6.0
8.65500, 10.0
8.66000, 7.0
8.66500, 11.0
8.67000, 15.0
8.67500, 14.0
8.68000, 14.0
8.68500, 8.0
8.69000, 10.0
8.69500, 9.0
8.70000, 9.0
8.70500, 12.0
8.71000, 15.0
8.71500, 13.0
8.72000, 10.0
8.72500, 14.0
8.73000, 9.0
8.73500, 9.0
8.74000, 17.0
8.74500, 7.0
8.75000, 6.0
8.75500, 8.0
8.76000, 8.0
8.76500, 8.0
8.77000, 8.0
8.77500, 7.0
8.78000, 15.0
8.78500, 10.0
8.79000, 9.0
8.79500, 10.0
8.80000, 10.0
8.80500, 7.0
8.81000, 12.0
8.81500, 13.0
8.82000, 5.0
8.82500, 12.0
8.83000, 3.0
8.83500, 9.0
8.84000, 9.0
8.84500, 6.0
8.85000, 9.0
8.85500, 12.0
8.86000, 6.0
8.86500, 5.0
8.87000, 8.0
8.87500, 5.0
8.88000, 12.0
8.88500, 6.0
8.89000, 10.0
8.89500, 14.0
8.90000, 10.0
8.90500, 4.0
8.91000, 13.0
8.91500, 8.0
8.92000, 14.0
8.92500, 9.0
8.93000, 7.0
8.93500, 9.0
8.94000, 11.0
8.94500, 8.0
8.95000, 10.0
8.95500, 6.0
8.96000, 7.0
8.96500, 11.0
8.97000, 6.0
8.97500, 5.0
8.98000, 7.0
8.98500, 4.0
8.99000, 10.0
8.99500, 7.0
9.00000, 9.0
9.00500, 12.0
9.01000, 16.0
9.01500, 10.0
9.02000, 11.0
9.02500, 10.0
9.03000, 6.0
9.03500, 9.0
9.04000, 16.0
9.04500, 7.0
9.05000, 9.0
9.05500, 10.0
9.06000, 8.0
9.06500, 7.0
9.07000, 3.0
9.07500, 10.0
9.08000, 6.0
9.08500, 4.0
9.09000, 7.0
9.09500, 4.0
9.10000, 4.0
9.10500, 6.0
9.11000, 13.0
9.11500, 8.0
9.12000, 14.0
9.12500, 9.0
9.13000, 7.0
9.13500, 5.0
9.14000, 9.0
9.14500, 8.0
9.15000, 5.0
9.15500, 10.0
9.16000, 5.0
9.16500, 6.0
9.17000, 11.0
9.17500, 10.0
9.18000, 7.0
9.18500, 10.0
9.19000, 11.0
9.19500, 7.0
9.20000, 6.0
9.20500, 11.0
9.21000, 11.0
9.21500, 5.0
9.22000, 7.0
9.22500, 9.0
9.23000, 1.0
9.23500, 6.0
9.24000, 5.0
9.24500, 11.0
9.25000, 7.0
9.25500, 10.0
9.26000, 9.0
9.26500, 7.0
9.27000, 9.0
9.27500, 7.0
9.28000, 4.0
9.28500, 6.0
9.29000, 9.0
9.29500, 7.0
9.30000, 8.0
9.30500, 7.0
9.31000, 4.0
9.31500, 4.0
9.32000, 10.0
9.32500, 6.0
9.33000, 4.0
9.33500, 5.0
9.34000, 4.0
9.34500, 3.0
9.35000, 5.0
9.35500, 6.0
9.36000, 3.0
9.36500, 6.0
9.37000, 6.0
9.37500, 3.0
9.38000, 3.0
9.38500, 5.0
9.39000, 5.0
9.39500, 6.0
9.40000, 8.0
9.40500, 13.0
9.41000, 7.0
9.41500, 7.0
9.42000, 7.0
9.42500, 8.0
9.43000, 10.0
9.43500, 7.0
9.44000, 6.0
9.44500, 5.0
9.45000, 10.0
9.45500, 4.0
9.46000, 5.0
9.46500, 1.0
9.47000, 7.0
9.47500, 4.0
9.48000, 3.0
9.48500, 1.0
9.49000, 6.0
9.49500, 1.0
9.50000, 3.0
9.50500, 5.0
9.51000, 2.0
9.51500, 3.0
9.52000, 5.0
9.52500, 3.0
9.53000, 6.0
9.53500, 6.0
9.54000, 3.0
9.54500, 7.0
9.55000, 4.0
9.55500, 3.0
9.56000, 9.0
9.56500, 9.0
9.57000, 3.0
9.57500, 5.0
9.58000, 6.0
9.58500, 4.0
9.59000, 4.0
9.59500, 3.0
9.60000, 5.0
9.60500, 2.0
9.61000, 4.0
9.61500, 8.0
9.62000, 6.0
9.62500, 4.0
9.63000, 7.0
9.63500, 7.0
9.64000, 2.0
9.64500, 3.0
9.65000, 3.0
9.65500, 1.0
9.66000, 4.0
9.66500, 1.0
9.67000, 6.0
9.67500, 1.0
9.68000, 6.0
9.68500, 5.0
9.69000, 3.0
9.69500, 4.0
9.70000, 1.0
9.70500, 2.0
9.71000, 4.0
9.71500, 6.0
9.72000, 1.0
9.72500, 0.0
9.73000, 2.0
9.73500, 2.0
9.74000, 4.0
9.74500, 5.0
9.75000, 1.0
9.75500, 3.0
9.76000, 3.0
9.76500, 2.0
9.77000, 4.0
9.77500, 4.0
9.78000, 1.0
9.78500, 4.0
9.79000, 1.0
9.79500, 3.0
9.80000, 2.0
9.80500, 2.0
9.81000, 4.0
9.81500, 0.0
9.82000, 4.0
9.82500, 2.0
9.83000, 1.0
9.83500, 2.0
9.84000, 2.0
9.84500, 3.0
9.85000, 1.0
9.85500, 1.0
9.86000, 5.0
9.86500, 1.0
9.87000, 2.0
9.87500, 2.0
9.88000, 1.0
9.88500, 4.0
9.89000, 1.0
9.89500, 1.0
9.90000, 1.0
9.90500, 2.0
9.91000, 1.0
9.91500, 1.0
9.92000, 1.0
9.92500, 1.0
9.93000, 3.0
9.93500, 0.0
9.94000, 1.0
9.94500, 1.0
9.95000, 1.0
9.95500, 1.0
9.96000, 3.0
9.96500, 2.0
9.97000, 0.0
9.97500, 1.0
9.98000, 1.0
9.98500, 0.0
9.99000, 1.0
9.99500, 1.0
10.00000, 0.0
10.00500, 0.0
10.01000, 1.0
10.01500, 0.0
10.02000, 0.0
10.02500, 1.0
10.03000, 1.0
10.03500, 0.0
10.04000, 0.0
10.04500, 0.0
10.05000, 0.0
10.05500, 0.0
10.06000, 0.0
10.06500, 0.0
10.07000, 0.0
10.07500, 0.0
10.08000, 0.0
10.08500, 0.0
10.09000, 0.0
10.09500, 0.0
10.10000, 0.0
10.10500, 0.0
10.11000, 0.0
10.11500, 0.0
10.12000, 0.0
10.12500, 0.0
10.13000, 0.0
10.13500, 0.0
#ENDOFDATA   : 
