#FORMAT      : EMSA/MAS Spectral Data File
#VERSION     : 1.0
#TITLE       : 20250425_10K_B9_1
#DATE        : 24-APR-2025
#TIME        : 10:18
#OWNER       : 
#NPOINTS     : 2048.0
#NCOLUMNS    : 1.0
#XUNITS      : keV
#YUNITS      : counts
#DATATYPE    : XY
#XPERCHAN    : 0.005
#OFFSET      : -0.1
#SIGNALTYPE  : EDS
#CHOFFSET    : 20.0
#LIVETIME    : 60.0
#REALTIME    : 61.855129242
#BEAMKV      : 10.0
#MAGCAM      : 3300.0
#XTILTSTGE   : 0.0
#AZIMANGLE   : 0.0
#ELEVANGLE   : 29.0
#XPOSITION mm: 1.4805
#YPOSITION mm: -1.5293
#ZPOSITION mm: 13.5200
##OXINSTPT   : 2
##OXINSTSTROB: 67.62
#SPECTRUM    : Spectral Data Starts Here
-0.10000, 0.0
-0.09500, 0.0
-0.09000, 0.0
-0.08500, 0.0
-0.08000, 0.0
-0.07500, 1.0
-0.07000, 0.0
-0.06500, 2.0
-0.06000, 7.0
-0.05500, 8.0
-0.05000, 8.0
-0.04500, 20.0
-0.04000, 26.0
-0.03500, 42.0
-0.03000, 67.0
-0.02500, 95.0
-0.02000, 119.0
-0.01500, 184.0
-0.01000, 240.0
-0.00500, 313.0
0.00000, 377.0
0.00500, 480.0
0.01000, 563.0
0.01500, 673.0
0.02000, 767.0
0.02500, 882.0
0.03000, 898.0
0.03500, 1018.0
0.04000, 1036.0
0.04500, 1092.0
0.05000, 1105.0
0.05500, 1076.0
0.06000, 1008.0
0.06500, 989.0
0.07000, 882.0
0.07500, 707.0
0.08000, 613.0
0.08500, 543.0
0.09000, 437.0
0.09500, 372.0
0.10000, 303.0
0.10500, 247.0
0.11000, 198.0
0.11500, 153.0
0.12000, 135.0
0.12500, 115.0
0.13000, 111.0
0.13500, 104.0
0.14000, 102.0
0.14500, 104.0
0.15000, 92.0
0.15500, 101.0
0.16000, 109.0
0.16500, 108.0
0.17000, 87.0
0.17500, 81.0
0.18000, 83.0
0.18500, 100.0
0.19000, 103.0
0.19500, 105.0
0.20000, 92.0
0.20500, 105.0
0.21000, 98.0
0.21500, 100.0
0.22000, 116.0
0.22500, 112.0
0.23000, 108.0
0.23500, 120.0
0.24000, 139.0
0.24500, 138.0
0.25000, 131.0
0.25500, 152.0
0.26000, 167.0
0.26500, 151.0
0.27000, 151.0
0.27500, 145.0
0.28000, 140.0
0.28500, 130.0
0.29000, 130.0
0.29500, 134.0
0.30000, 123.0
0.30500, 129.0
0.31000, 119.0
0.31500, 104.0
0.32000, 96.0
0.32500, 81.0
0.33000, 86.0
0.33500, 78.0
0.34000, 76.0
0.34500, 88.0
0.35000, 84.0
0.35500, 78.0
0.36000, 85.0
0.36500, 88.0
0.37000, 95.0
0.37500, 95.0
0.38000, 107.0
0.38500, 111.0
0.39000, 134.0
0.39500, 131.0
0.40000, 156.0
0.40500, 160.0
0.41000, 171.0
0.41500, 189.0
0.42000, 209.0
0.42500, 252.0
0.43000, 300.0
0.43500, 383.0
0.44000, 461.0
0.44500, 606.0
0.45000, 786.0
0.45500, 981.0
0.46000, 1189.0
0.46500, 1552.0
0.47000, 1920.0
0.47500, 2268.0
0.48000, 2678.0
0.48500, 3198.0
0.49000, 3699.0
0.49500, 4213.0
0.50000, 4598.0
0.50500, 5107.0
0.51000, 5415.0
0.51500, 5660.0
0.52000, 5860.0
0.52500, 5827.0
0.53000, 5715.0
0.53500, 5387.0
0.54000, 4993.0
0.54500, 4575.0
0.55000, 4167.0
0.55500, 3641.0
0.56000, 3053.0
0.56500, 2547.0
0.57000, 2132.0
0.57500, 1601.0
0.58000, 1292.0
0.58500, 1037.0
0.59000, 820.0
0.59500, 599.0
0.60000, 472.0
0.60500, 336.0
0.61000, 247.0
0.61500, 191.0
0.62000, 153.0
0.62500, 138.0
0.63000, 120.0
0.63500, 113.0
0.64000, 96.0
0.64500, 113.0
0.65000, 103.0
0.65500, 112.0
0.66000, 123.0
0.66500, 106.0
0.67000, 101.0
0.67500, 106.0
0.68000, 95.0
0.68500, 114.0
0.69000, 117.0
0.69500, 108.0
0.70000, 116.0
0.70500, 131.0
0.71000, 131.0
0.71500, 134.0
0.72000, 113.0
0.72500, 130.0
0.73000, 131.0
0.73500, 135.0
0.74000, 133.0
0.74500, 149.0
0.75000, 149.0
0.75500, 135.0
0.76000, 140.0
0.76500, 132.0
0.77000, 148.0
0.77500, 151.0
0.78000, 140.0
0.78500, 151.0
0.79000, 143.0
0.79500, 146.0
0.80000, 146.0
0.80500, 158.0
0.81000, 167.0
0.81500, 157.0
0.82000, 163.0
0.82500, 164.0
0.83000, 178.0
0.83500, 164.0
0.84000, 182.0
0.84500, 160.0
0.85000, 164.0
0.85500, 172.0
0.86000, 183.0
0.86500, 167.0
0.87000, 155.0
0.87500, 171.0
0.88000, 157.0
0.88500, 173.0
0.89000, 174.0
0.89500, 198.0
0.90000, 157.0
0.90500, 162.0
0.91000, 187.0
0.91500, 183.0
0.92000, 184.0
0.92500, 187.0
0.93000, 175.0
0.93500, 201.0
0.94000, 185.0
0.94500, 195.0
0.95000, 160.0
0.95500, 180.0
0.96000, 182.0
0.96500, 190.0
0.97000, 192.0
0.97500, 175.0
0.98000, 184.0
0.98500, 182.0
0.99000, 183.0
0.99500, 194.0
1.00000, 224.0
1.00500, 207.0
1.01000, 202.0
1.01500, 174.0
1.02000, 184.0
1.02500, 206.0
1.03000, 206.0
1.03500, 210.0
1.04000, 190.0
1.04500, 190.0
1.05000, 201.0
1.05500, 173.0
1.06000, 188.0
1.06500, 200.0
1.07000, 203.0
1.07500, 195.0
1.08000, 175.0
1.08500, 197.0
1.09000, 189.0
1.09500, 200.0
1.10000, 188.0
1.10500, 191.0
1.11000, 203.0
1.11500, 196.0
1.12000, 191.0
1.12500, 196.0
1.13000, 191.0
1.13500, 183.0
1.14000, 184.0
1.14500, 201.0
1.15000, 215.0
1.15500, 190.0
1.16000, 186.0
1.16500, 190.0
1.17000, 185.0
1.17500, 178.0
1.18000, 194.0
1.18500, 212.0
1.19000, 192.0
1.19500, 184.0
1.20000, 185.0
1.20500, 199.0
1.21000, 178.0
1.21500, 193.0
1.22000, 206.0
1.22500, 193.0
1.23000, 184.0
1.23500, 188.0
1.24000, 187.0
1.24500, 173.0
1.25000, 226.0
1.25500, 208.0
1.26000, 178.0
1.26500, 190.0
1.27000, 232.0
1.27500, 227.0
1.28000, 211.0
1.28500, 192.0
1.29000, 193.0
1.29500, 184.0
1.30000, 180.0
1.30500, 197.0
1.31000, 232.0
1.31500, 209.0
1.32000, 210.0
1.32500, 207.0
1.33000, 200.0
1.33500, 204.0
1.34000, 206.0
1.34500, 208.0
1.35000, 195.0
1.35500, 202.0
1.36000, 195.0
1.36500, 198.0
1.37000, 201.0
1.37500, 188.0
1.38000, 198.0
1.38500, 209.0
1.39000, 213.0
1.39500, 201.0
1.40000, 204.0
1.40500, 187.0
1.41000, 195.0
1.41500, 195.0
1.42000, 227.0
1.42500, 213.0
1.43000, 188.0
1.43500, 220.0
1.44000, 198.0
1.44500, 218.0
1.45000, 202.0
1.45500, 198.0
1.46000, 205.0
1.46500, 203.0
1.47000, 211.0
1.47500, 194.0
1.48000, 208.0
1.48500, 219.0
1.49000, 227.0
1.49500, 206.0
1.50000, 226.0
1.50500, 238.0
1.51000, 223.0
1.51500, 238.0
1.52000, 239.0
1.52500, 237.0
1.53000, 238.0
1.53500, 219.0
1.54000, 222.0
1.54500, 239.0
1.55000, 210.0
1.55500, 216.0
1.56000, 223.0
1.56500, 252.0
1.57000, 216.0
1.57500, 225.0
1.58000, 249.0
1.58500, 244.0
1.59000, 221.0
1.59500, 249.0
1.60000, 252.0
1.60500, 255.0
1.61000, 304.0
1.61500, 303.0
1.62000, 332.0
1.62500, 410.0
1.63000, 462.0
1.63500, 610.0
1.64000, 774.0
1.64500, 932.0
1.65000, 1140.0
1.65500, 1466.0
1.66000, 1848.0
1.66500, 2269.0
1.67000, 2862.0
1.67500, 3542.0
1.68000, 4267.0
1.68500, 5043.0
1.69000, 6061.0
1.69500, 7113.0
1.70000, 8031.0
1.70500, 9142.0
1.71000, 10086.0
1.71500, 11335.0
1.72000, 12034.0
1.72500, 12937.0
1.73000, 13367.0
1.73500, 13715.0
1.74000, 14078.0
1.74500, 14104.0
1.75000, 13838.0
1.75500, 13507.0
1.76000, 12776.0
1.76500, 11999.0
1.77000, 11198.0
1.77500, 10262.0
1.78000, 9251.0
1.78500, 8317.0
1.79000, 7175.0
1.79500, 6311.0
1.80000, 5360.0
1.80500, 4696.0
1.81000, 3992.0
1.81500, 3312.0
1.82000, 2809.0
1.82500, 2349.0
1.83000, 2010.0
1.83500, 1605.0
1.84000, 1385.0
1.84500, 1161.0
1.85000, 1001.0
1.85500, 883.0
1.86000, 771.0
1.86500, 669.0
1.87000, 588.0
1.87500, 523.0
1.88000, 451.0
1.88500, 397.0
1.89000, 345.0
1.89500, 307.0
1.90000, 271.0
1.90500, 253.0
1.91000, 221.0
1.91500, 189.0
1.92000, 170.0
1.92500, 143.0
1.93000, 153.0
1.93500, 139.0
1.94000, 115.0
1.94500, 118.0
1.95000, 111.0
1.95500, 106.0
1.96000, 98.0
1.96500, 94.0
1.97000, 118.0
1.97500, 97.0
1.98000, 94.0
1.98500, 97.0
1.99000, 96.0
1.99500, 98.0
2.00000, 100.0
2.00500, 106.0
2.01000, 95.0
2.01500, 106.0
2.02000, 103.0
2.02500, 89.0
2.03000, 101.0
2.03500, 102.0
2.04000, 95.0
2.04500, 97.0
2.05000, 77.0
2.05500, 77.0
2.06000, 90.0
2.06500, 99.0
2.07000, 98.0
2.07500, 85.0
2.08000, 97.0
2.08500, 81.0
2.09000, 88.0
2.09500, 88.0
2.10000, 65.0
2.10500, 83.0
2.11000, 88.0
2.11500, 98.0
2.12000, 95.0
2.12500, 104.0
2.13000, 102.0
2.13500, 79.0
2.14000, 98.0
2.14500, 98.0
2.15000, 96.0
2.15500, 106.0
2.16000, 92.0
2.16500, 81.0
2.17000, 90.0
2.17500, 96.0
2.18000, 99.0
2.18500, 103.0
2.19000, 122.0
2.19500, 110.0
2.20000, 103.0
2.20500, 112.0
2.21000, 122.0
2.21500, 122.0
2.22000, 150.0
2.22500, 168.0
2.23000, 185.0
2.23500, 202.0
2.24000, 198.0
2.24500, 214.0
2.25000, 224.0
2.25500, 272.0
2.26000, 280.0
2.26500, 326.0
2.27000, 342.0
2.27500, 344.0
2.28000, 355.0
2.28500, 378.0
2.29000, 396.0
2.29500, 413.0
2.30000, 454.0
2.30500, 402.0
2.31000, 385.0
2.31500, 421.0
2.32000, 427.0
2.32500, 413.0
2.33000, 373.0
2.33500, 333.0
2.34000, 340.0
2.34500, 298.0
2.35000, 292.0
2.35500, 250.0
2.36000, 287.0
2.36500, 272.0
2.37000, 239.0
2.37500, 232.0
2.38000, 182.0
2.38500, 167.0
2.39000, 191.0
2.39500, 196.0
2.40000, 166.0
2.40500, 160.0
2.41000, 147.0
2.41500, 142.0
2.42000, 150.0
2.42500, 144.0
2.43000, 140.0
2.43500, 136.0
2.44000, 120.0
2.44500, 125.0
2.45000, 122.0
2.45500, 118.0
2.46000, 110.0
2.46500, 111.0
2.47000, 131.0
2.47500, 111.0
2.48000, 102.0
2.48500, 110.0
2.49000, 109.0
2.49500, 102.0
2.50000, 104.0
2.50500, 96.0
2.51000, 110.0
2.51500, 101.0
2.52000, 95.0
2.52500, 91.0
2.53000, 87.0
2.53500, 87.0
2.54000, 90.0
2.54500, 107.0
2.55000, 86.0
2.55500, 83.0
2.56000, 89.0
2.56500, 77.0
2.57000, 91.0
2.57500, 74.0
2.58000, 81.0
2.58500, 80.0
2.59000, 81.0
2.59500, 70.0
2.60000, 78.0
2.60500, 97.0
2.61000, 87.0
2.61500, 82.0
2.62000, 77.0
2.62500, 86.0
2.63000, 96.0
2.63500, 84.0
2.64000, 73.0
2.64500, 77.0
2.65000, 90.0
2.65500, 84.0
2.66000, 73.0
2.66500, 63.0
2.67000, 81.0
2.67500, 65.0
2.68000, 90.0
2.68500, 73.0
2.69000, 70.0
2.69500, 78.0
2.70000, 76.0
2.70500, 74.0
2.71000, 62.0
2.71500, 63.0
2.72000, 85.0
2.72500, 67.0
2.73000, 83.0
2.73500, 75.0
2.74000, 60.0
2.74500, 86.0
2.75000, 79.0
2.75500, 48.0
2.76000, 68.0
2.76500, 82.0
2.77000, 75.0
2.77500, 78.0
2.78000, 86.0
2.78500, 61.0
2.79000, 66.0
2.79500, 75.0
2.80000, 71.0
2.80500, 68.0
2.81000, 61.0
2.81500, 72.0
2.82000, 70.0
2.82500, 78.0
2.83000, 68.0
2.83500, 72.0
2.84000, 85.0
2.84500, 79.0
2.85000, 64.0
2.85500, 71.0
2.86000, 70.0
2.86500, 67.0
2.87000, 63.0
2.87500, 69.0
2.88000, 68.0
2.88500, 72.0
2.89000, 70.0
2.89500, 90.0
2.90000, 72.0
2.90500, 66.0
2.91000, 88.0
2.91500, 77.0
2.92000, 67.0
2.92500, 77.0
2.93000, 67.0
2.93500, 61.0
2.94000, 79.0
2.94500, 79.0
2.95000, 66.0
2.95500, 71.0
2.96000, 65.0
2.96500, 63.0
2.97000, 57.0
2.97500, 66.0
2.98000, 61.0
2.98500, 54.0
2.99000, 61.0
2.99500, 63.0
3.00000, 64.0
3.00500, 72.0
3.01000, 56.0
3.01500, 65.0
3.02000, 74.0
3.02500, 67.0
3.03000, 66.0
3.03500, 64.0
3.04000, 69.0
3.04500, 62.0
3.05000, 70.0
3.05500, 71.0
3.06000, 54.0
3.06500, 72.0
3.07000, 74.0
3.07500, 65.0
3.08000, 56.0
3.08500, 59.0
3.09000, 67.0
3.09500, 77.0
3.10000, 69.0
3.10500, 74.0
3.11000, 84.0
3.11500, 60.0
3.12000, 79.0
3.12500, 61.0
3.13000, 53.0
3.13500, 64.0
3.14000, 67.0
3.14500, 66.0
3.15000, 58.0
3.15500, 69.0
3.16000, 63.0
3.16500, 59.0
3.17000, 64.0
3.17500, 74.0
3.18000, 63.0
3.18500, 66.0
3.19000, 63.0
3.19500, 55.0
3.20000, 62.0
3.20500, 63.0
3.21000, 57.0
3.21500, 57.0
3.22000, 58.0
3.22500, 57.0
3.23000, 66.0
3.23500, 49.0
3.24000, 56.0
3.24500, 64.0
3.25000, 62.0
3.25500, 52.0
3.26000, 63.0
3.26500, 63.0
3.27000, 53.0
3.27500, 61.0
3.28000, 56.0
3.28500, 60.0
3.29000, 75.0
3.29500, 72.0
3.30000, 65.0
3.30500, 63.0
3.31000, 51.0
3.31500, 56.0
3.32000, 61.0
3.32500, 75.0
3.33000, 57.0
3.33500, 60.0
3.34000, 59.0
3.34500, 59.0
3.35000, 56.0
3.35500, 66.0
3.36000, 67.0
3.36500, 67.0
3.37000, 70.0
3.37500, 56.0
3.38000, 51.0
3.38500, 46.0
3.39000, 49.0
3.39500, 55.0
3.40000, 59.0
3.40500, 72.0
3.41000, 54.0
3.41500, 66.0
3.42000, 68.0
3.42500, 79.0
3.43000, 84.0
3.43500, 75.0
3.44000, 64.0
3.44500, 78.0
3.45000, 69.0
3.45500, 80.0
3.46000, 71.0
3.46500, 87.0
3.47000, 80.0
3.47500, 86.0
3.48000, 82.0
3.48500, 86.0
3.49000, 73.0
3.49500, 89.0
3.50000, 73.0
3.50500, 70.0
3.51000, 83.0
3.51500, 89.0
3.52000, 76.0
3.52500, 74.0
3.53000, 79.0
3.53500, 74.0
3.54000, 62.0
3.54500, 60.0
3.55000, 55.0
3.55500, 69.0
3.56000, 60.0
3.56500, 60.0
3.57000, 59.0
3.57500, 67.0
3.58000, 60.0
3.58500, 55.0
3.59000, 55.0
3.59500, 54.0
3.60000, 48.0
3.60500, 60.0
3.61000, 40.0
3.61500, 51.0
3.62000, 47.0
3.62500, 57.0
3.63000, 54.0
3.63500, 47.0
3.64000, 46.0
3.64500, 52.0
3.65000, 49.0
3.65500, 56.0
3.66000, 56.0
3.66500, 61.0
3.67000, 49.0
3.67500, 45.0
3.68000, 61.0
3.68500, 42.0
3.69000, 48.0
3.69500, 47.0
3.70000, 40.0
3.70500, 43.0
3.71000, 36.0
3.71500, 39.0
3.72000, 54.0
3.72500, 45.0
3.73000, 57.0
3.73500, 45.0
3.74000, 40.0
3.74500, 46.0
3.75000, 44.0
3.75500, 46.0
3.76000, 35.0
3.76500, 52.0
3.77000, 48.0
3.77500, 50.0
3.78000, 47.0
3.78500, 49.0
3.79000, 47.0
3.79500, 47.0
3.80000, 48.0
3.80500, 53.0
3.81000, 46.0
3.81500, 45.0
3.82000, 44.0
3.82500, 37.0
3.83000, 61.0
3.83500, 54.0
3.84000, 48.0
3.84500, 40.0
3.85000, 42.0
3.85500, 42.0
3.86000, 35.0
3.86500, 53.0
3.87000, 38.0
3.87500, 41.0
3.88000, 43.0
3.88500, 47.0
3.89000, 44.0
3.89500, 44.0
3.90000, 44.0
3.90500, 41.0
3.91000, 49.0
3.91500, 49.0
3.92000, 47.0
3.92500, 54.0
3.93000, 48.0
3.93500, 41.0
3.94000, 52.0
3.94500, 45.0
3.95000, 49.0
3.95500, 47.0
3.96000, 66.0
3.96500, 49.0
3.97000, 45.0
3.97500, 46.0
3.98000, 38.0
3.98500, 48.0
3.99000, 47.0
3.99500, 51.0
4.00000, 33.0
4.00500, 52.0
4.01000, 44.0
4.01500, 47.0
4.02000, 46.0
4.02500, 41.0
4.03000, 49.0
4.03500, 40.0
4.04000, 49.0
4.04500, 43.0
4.05000, 55.0
4.05500, 43.0
4.06000, 54.0
4.06500, 43.0
4.07000, 30.0
4.07500, 45.0
4.08000, 58.0
4.08500, 41.0
4.09000, 46.0
4.09500, 50.0
4.10000, 43.0
4.10500, 38.0
4.11000, 45.0
4.11500, 42.0
4.12000, 43.0
4.12500, 52.0
4.13000, 47.0
4.13500, 41.0
4.14000, 45.0
4.14500, 44.0
4.15000, 40.0
4.15500, 42.0
4.16000, 33.0
4.16500, 48.0
4.17000, 46.0
4.17500, 34.0
4.18000, 54.0
4.18500, 48.0
4.19000, 43.0
4.19500, 41.0
4.20000, 42.0
4.20500, 38.0
4.21000, 33.0
4.21500, 39.0
4.22000, 39.0
4.22500, 42.0
4.23000, 48.0
4.23500, 41.0
4.24000, 42.0
4.24500, 37.0
4.25000, 44.0
4.25500, 45.0
4.26000, 42.0
4.26500, 24.0
4.27000, 27.0
4.27500, 35.0
4.28000, 47.0
4.28500, 35.0
4.29000, 35.0
4.29500, 41.0
4.30000, 55.0
4.30500, 49.0
4.31000, 45.0
4.31500, 37.0
4.32000, 44.0
4.32500, 48.0
4.33000, 46.0
4.33500, 45.0
4.34000, 33.0
4.34500, 36.0
4.35000, 34.0
4.35500, 31.0
4.36000, 36.0
4.36500, 33.0
4.37000, 26.0
4.37500, 35.0
4.38000, 38.0
4.38500, 28.0
4.39000, 31.0
4.39500, 30.0
4.40000, 36.0
4.40500, 37.0
4.41000, 36.0
4.41500, 44.0
4.42000, 42.0
4.42500, 41.0
4.43000, 37.0
4.43500, 37.0
4.44000, 36.0
4.44500, 38.0
4.45000, 28.0
4.45500, 44.0
4.46000, 41.0
4.46500, 35.0
4.47000, 35.0
4.47500, 40.0
4.48000, 35.0
4.48500, 31.0
4.49000, 41.0
4.49500, 42.0
4.50000, 35.0
4.50500, 38.0
4.51000, 31.0
4.51500, 35.0
4.52000, 32.0
4.52500, 28.0
4.53000, 33.0
4.53500, 31.0
4.54000, 44.0
4.54500, 34.0
4.55000, 33.0
4.55500, 28.0
4.56000, 39.0
4.56500, 39.0
4.57000, 37.0
4.57500, 28.0
4.58000, 34.0
4.58500, 35.0
4.59000, 30.0
4.59500, 28.0
4.60000, 31.0
4.60500, 28.0
4.61000, 31.0
4.61500, 36.0
4.62000, 37.0
4.62500, 30.0
4.63000, 20.0
4.63500, 30.0
4.64000, 31.0
4.64500, 36.0
4.65000, 28.0
4.65500, 37.0
4.66000, 46.0
4.66500, 29.0
4.67000, 27.0
4.67500, 36.0
4.68000, 38.0
4.68500, 27.0
4.69000, 31.0
4.69500, 29.0
4.70000, 33.0
4.70500, 34.0
4.71000, 31.0
4.71500, 29.0
4.72000, 30.0
4.72500, 28.0
4.73000, 25.0
4.73500, 31.0
4.74000, 28.0
4.74500, 33.0
4.75000, 19.0
4.75500, 32.0
4.76000, 34.0
4.76500, 32.0
4.77000, 34.0
4.77500, 34.0
4.78000, 46.0
4.78500, 33.0
4.79000, 39.0
4.79500, 34.0
4.80000, 25.0
4.80500, 30.0
4.81000, 24.0
4.81500, 29.0
4.82000, 24.0
4.82500, 33.0
4.83000, 26.0
4.83500, 30.0
4.84000, 41.0
4.84500, 29.0
4.85000, 25.0
4.85500, 19.0
4.86000, 30.0
4.86500, 35.0
4.87000, 34.0
4.87500, 28.0
4.88000, 34.0
4.88500, 27.0
4.89000, 31.0
4.89500, 30.0
4.90000, 27.0
4.90500, 39.0
4.91000, 26.0
4.91500, 25.0
4.92000, 34.0
4.92500, 17.0
4.93000, 29.0
4.93500, 38.0
4.94000, 33.0
4.94500, 27.0
4.95000, 30.0
4.95500, 36.0
4.96000, 20.0
4.96500, 36.0
4.97000, 29.0
4.97500, 25.0
4.98000, 33.0
4.98500, 31.0
4.99000, 32.0
4.99500, 26.0
5.00000, 34.0
5.00500, 34.0
5.01000, 28.0
5.01500, 30.0
5.02000, 30.0
5.02500, 30.0
5.03000, 28.0
5.03500, 25.0
5.04000, 29.0
5.04500, 27.0
5.05000, 24.0
5.05500, 27.0
5.06000, 27.0
5.06500, 33.0
5.07000, 37.0
5.07500, 30.0
5.08000, 25.0
5.08500, 24.0
5.09000, 30.0
5.09500, 25.0
5.10000, 29.0
5.10500, 24.0
5.11000, 25.0
5.11500, 25.0
5.12000, 34.0
5.12500, 20.0
5.13000, 33.0
5.13500, 27.0
5.14000, 32.0
5.14500, 27.0
5.15000, 34.0
5.15500, 22.0
5.16000, 30.0
5.16500, 24.0
5.17000, 26.0
5.17500, 27.0
5.18000, 30.0
5.18500, 18.0
5.19000, 20.0
5.19500, 18.0
5.20000, 19.0
5.20500, 26.0
5.21000, 28.0
5.21500, 27.0
5.22000, 30.0
5.22500, 24.0
5.23000, 21.0
5.23500, 27.0
5.24000, 18.0
5.24500, 19.0
5.25000, 27.0
5.25500, 30.0
5.26000, 33.0
5.26500, 26.0
5.27000, 22.0
5.27500, 20.0
5.28000, 33.0
5.28500, 26.0
5.29000, 24.0
5.29500, 27.0
5.30000, 24.0
5.30500, 23.0
5.31000, 20.0
5.31500, 32.0
5.32000, 20.0
5.32500, 28.0
5.33000, 18.0
5.33500, 30.0
5.34000, 27.0
5.34500, 29.0
5.35000, 22.0
5.35500, 24.0
5.36000, 24.0
5.36500, 23.0
5.37000, 25.0
5.37500, 33.0
5.38000, 17.0
5.38500, 24.0
5.39000, 24.0
5.39500, 24.0
5.40000, 20.0
5.40500, 23.0
5.41000, 29.0
5.41500, 27.0
5.42000, 26.0
5.42500, 19.0
5.43000, 17.0
5.43500, 20.0
5.44000, 23.0
5.44500, 21.0
5.45000, 30.0
5.45500, 24.0
5.46000, 25.0
5.46500, 28.0
5.47000, 19.0
5.47500, 19.0
5.48000, 29.0
5.48500, 26.0
5.49000, 29.0
5.49500, 22.0
5.50000, 27.0
5.50500, 27.0
5.51000, 30.0
5.51500, 20.0
5.52000, 20.0
5.52500, 20.0
5.53000, 16.0
5.53500, 17.0
5.54000, 26.0
5.54500, 19.0
5.55000, 27.0
5.55500, 19.0
5.56000, 19.0
5.56500, 23.0
5.57000, 19.0
5.57500, 23.0
5.58000, 18.0
5.58500, 26.0
5.59000, 26.0
5.59500, 17.0
5.60000, 26.0
5.60500, 24.0
5.61000, 22.0
5.61500, 28.0
5.62000, 15.0
5.62500, 24.0
5.63000, 21.0
5.63500, 27.0
5.64000, 24.0
5.64500, 21.0
5.65000, 22.0
5.65500, 15.0
5.66000, 17.0
5.66500, 25.0
5.67000, 18.0
5.67500, 23.0
5.68000, 19.0
5.68500, 18.0
5.69000, 21.0
5.69500, 17.0
5.70000, 23.0
5.70500, 30.0
5.71000, 24.0
5.71500, 25.0
5.72000, 23.0
5.72500, 16.0
5.73000, 29.0
5.73500, 26.0
5.74000, 23.0
5.74500, 19.0
5.75000, 19.0
5.75500, 22.0
5.76000, 13.0
5.76500, 24.0
5.77000, 20.0
5.77500, 25.0
5.78000, 22.0
5.78500, 23.0
5.79000, 26.0
5.79500, 20.0
5.80000, 18.0
5.80500, 19.0
5.81000, 24.0
5.81500, 11.0
5.82000, 23.0
5.82500, 14.0
5.83000, 21.0
5.83500, 22.0
5.84000, 30.0
5.84500, 19.0
5.85000, 16.0
5.85500, 18.0
5.86000, 29.0
5.86500, 16.0
5.87000, 21.0
5.87500, 13.0
5.88000, 21.0
5.88500, 18.0
5.89000, 18.0
5.89500, 13.0
5.90000, 23.0
5.90500, 13.0
5.91000, 25.0
5.91500, 18.0
5.92000, 20.0
5.92500, 28.0
5.93000, 19.0
5.93500, 13.0
5.94000, 20.0
5.94500, 18.0
5.95000, 13.0
5.95500, 15.0
5.96000, 23.0
5.96500, 15.0
5.97000, 19.0
5.97500, 23.0
5.98000, 13.0
5.98500, 19.0
5.99000, 25.0
5.99500, 21.0
6.00000, 25.0
6.00500, 16.0
6.01000, 16.0
6.01500, 24.0
6.02000, 21.0
6.02500, 19.0
6.03000, 21.0
6.03500, 10.0
6.04000, 18.0
6.04500, 19.0
6.05000, 29.0
6.05500, 18.0
6.06000, 14.0
6.06500, 25.0
6.07000, 22.0
6.07500, 23.0
6.08000, 27.0
6.08500, 19.0
6.09000, 17.0
6.09500, 13.0
6.10000, 24.0
6.10500, 20.0
6.11000, 17.0
6.11500, 10.0
6.12000, 21.0
6.12500, 22.0
6.13000, 19.0
6.13500, 18.0
6.14000, 17.0
6.14500, 21.0
6.15000, 12.0
6.15500, 17.0
6.16000, 23.0
6.16500, 22.0
6.17000, 22.0
6.17500, 14.0
6.18000, 24.0
6.18500, 19.0
6.19000, 17.0
6.19500, 7.0
6.20000, 12.0
6.20500, 14.0
6.21000, 20.0
6.21500, 18.0
6.22000, 20.0
6.22500, 13.0
6.23000, 21.0
6.23500, 15.0
6.24000, 24.0
6.24500, 12.0
6.25000, 16.0
6.25500, 13.0
6.26000, 19.0
6.26500, 11.0
6.27000, 18.0
6.27500, 18.0
6.28000, 10.0
6.28500, 17.0
6.29000, 20.0
6.29500, 13.0
6.30000, 19.0
6.30500, 23.0
6.31000, 15.0
6.31500, 24.0
6.32000, 18.0
6.32500, 23.0
6.33000, 21.0
6.33500, 15.0
6.34000, 17.0
6.34500, 27.0
6.35000, 21.0
6.35500, 14.0
6.36000, 20.0
6.36500, 22.0
6.37000, 13.0
6.37500, 18.0
6.38000, 17.0
6.38500, 18.0
6.39000, 20.0
6.39500, 15.0
6.40000, 8.0
6.40500, 16.0
6.41000, 8.0
6.41500, 9.0
6.42000, 11.0
6.42500, 15.0
6.43000, 18.0
6.43500, 6.0
6.44000, 16.0
6.44500, 15.0
6.45000, 13.0
6.45500, 16.0
6.46000, 16.0
6.46500, 17.0
6.47000, 10.0
6.47500, 19.0
6.48000, 21.0
6.48500, 12.0
6.49000, 15.0
6.49500, 12.0
6.50000, 22.0
6.50500, 16.0
6.51000, 11.0
6.51500, 10.0
6.52000, 10.0
6.52500, 19.0
6.53000, 12.0
6.53500, 26.0
6.54000, 22.0
6.54500, 16.0
6.55000, 15.0
6.55500, 9.0
6.56000, 13.0
6.56500, 13.0
6.57000, 16.0
6.57500, 20.0
6.58000, 15.0
6.58500, 3.0
6.59000, 20.0
6.59500, 18.0
6.60000, 10.0
6.60500, 10.0
6.61000, 12.0
6.61500, 18.0
6.62000, 13.0
6.62500, 11.0
6.63000, 13.0
6.63500, 16.0
6.64000, 16.0
6.64500, 10.0
6.65000, 15.0
6.65500, 16.0
6.66000, 13.0
6.66500, 12.0
6.67000, 12.0
6.67500, 11.0
6.68000, 10.0
6.68500, 9.0
6.69000, 11.0
6.69500, 6.0
6.70000, 7.0
6.70500, 9.0
6.71000, 14.0
6.71500, 16.0
6.72000, 12.0
6.72500, 13.0
6.73000, 17.0
6.73500, 15.0
6.74000, 16.0
6.74500, 16.0
6.75000, 14.0
6.75500, 7.0
6.76000, 10.0
6.76500, 14.0
6.77000, 10.0
6.77500, 10.0
6.78000, 11.0
6.78500, 13.0
6.79000, 14.0
6.79500, 11.0
6.80000, 10.0
6.80500, 16.0
6.81000, 13.0
6.81500, 15.0
6.82000, 12.0
6.82500, 17.0
6.83000, 6.0
6.83500, 9.0
6.84000, 14.0
6.84500, 10.0
6.85000, 17.0
6.85500, 12.0
6.86000, 9.0
6.86500, 11.0
6.87000, 12.0
6.87500, 18.0
6.88000, 15.0
6.88500, 15.0
6.89000, 12.0
6.89500, 12.0
6.90000, 12.0
6.90500, 16.0
6.91000, 13.0
6.91500, 9.0
6.92000, 11.0
6.92500, 8.0
6.93000, 9.0
6.93500, 14.0
6.94000, 11.0
6.94500, 11.0
6.95000, 14.0
6.95500, 9.0
6.96000, 17.0
6.96500, 9.0
6.97000, 12.0
6.97500, 9.0
6.98000, 12.0
6.98500, 8.0
6.99000, 14.0
6.99500, 21.0
7.00000, 9.0
7.00500, 7.0
7.01000, 13.0
7.01500, 7.0
7.02000, 10.0
7.02500, 18.0
7.03000, 15.0
7.03500, 11.0
7.04000, 14.0
7.04500, 15.0
7.05000, 13.0
7.05500, 12.0
7.06000, 11.0
7.06500, 8.0
7.07000, 11.0
7.07500, 6.0
7.08000, 13.0
7.08500, 11.0
7.09000, 12.0
7.09500, 13.0
7.10000, 12.0
7.10500, 3.0
7.11000, 10.0
7.11500, 7.0
7.12000, 19.0
7.12500, 5.0
7.13000, 8.0
7.13500, 16.0
7.14000, 11.0
7.14500, 14.0
7.15000, 13.0
7.15500, 14.0
7.16000, 11.0
7.16500, 5.0
7.17000, 11.0
7.17500, 5.0
7.18000, 7.0
7.18500, 13.0
7.19000, 10.0
7.19500, 9.0
7.20000, 9.0
7.20500, 12.0
7.21000, 11.0
7.21500, 13.0
7.22000, 8.0
7.22500, 12.0
7.23000, 18.0
7.23500, 11.0
7.24000, 14.0
7.24500, 8.0
7.25000, 9.0
7.25500, 11.0
7.26000, 7.0
7.26500, 4.0
7.27000, 14.0
7.27500, 8.0
7.28000, 8.0
7.28500, 8.0
7.29000, 11.0
7.29500, 10.0
7.30000, 10.0
7.30500, 11.0
7.31000, 8.0
7.31500, 13.0
7.32000, 12.0
7.32500, 11.0
7.33000, 9.0
7.33500, 10.0
7.34000, 4.0
7.34500, 13.0
7.35000, 4.0
7.35500, 11.0
7.36000, 12.0
7.36500, 10.0
7.37000, 10.0
7.37500, 14.0
7.38000, 5.0
7.38500, 9.0
7.39000, 10.0
7.39500, 8.0
7.40000, 9.0
7.40500, 5.0
7.41000, 10.0
7.41500, 13.0
7.42000, 7.0
7.42500, 9.0
7.43000, 17.0
7.43500, 11.0
7.44000, 7.0
7.44500, 13.0
7.45000, 7.0
7.45500, 8.0
7.46000, 8.0
7.46500, 3.0
7.47000, 15.0
7.47500, 12.0
7.48000, 7.0
7.48500, 9.0
7.49000, 14.0
7.49500, 10.0
7.50000, 9.0
7.50500, 5.0
7.51000, 9.0
7.51500, 9.0
7.52000, 7.0
7.52500, 6.0
7.53000, 0.0
7.53500, 7.0
7.54000, 10.0
7.54500, 8.0
7.55000, 7.0
7.55500, 6.0
7.56000, 12.0
7.56500, 7.0
7.57000, 6.0
7.57500, 7.0
7.58000, 5.0
7.58500, 8.0
7.59000, 5.0
7.59500, 7.0
7.60000, 7.0
7.60500, 9.0
7.61000, 10.0
7.61500, 13.0
7.62000, 5.0
7.62500, 7.0
7.63000, 14.0
7.63500, 15.0
7.64000, 8.0
7.64500, 9.0
7.65000, 14.0
7.65500, 10.0
7.66000, 8.0
7.66500, 5.0
7.67000, 12.0
7.67500, 10.0
7.68000, 5.0
7.68500, 6.0
7.69000, 7.0
7.69500, 3.0
7.70000, 9.0
7.70500, 9.0
7.71000, 9.0
7.71500, 9.0
7.72000, 6.0
7.72500, 11.0
7.73000, 14.0
7.73500, 3.0
7.74000, 4.0
7.74500, 5.0
7.75000, 10.0
7.75500, 9.0
7.76000, 12.0
7.76500, 10.0
7.77000, 7.0
7.77500, 9.0
7.78000, 9.0
7.78500, 4.0
7.79000, 9.0
7.79500, 8.0
7.80000, 6.0
7.80500, 7.0
7.81000, 5.0
7.81500, 7.0
7.82000, 7.0
7.82500, 9.0
7.83000, 6.0
7.83500, 8.0
7.84000, 8.0
7.84500, 8.0
7.85000, 10.0
7.85500, 8.0
7.86000, 10.0
7.86500, 5.0
7.87000, 7.0
7.87500, 11.0
7.88000, 10.0
7.88500, 6.0
7.89000, 14.0
7.89500, 9.0
7.90000, 6.0
7.90500, 4.0
7.91000, 5.0
7.91500, 10.0
7.92000, 8.0
7.92500, 8.0
7.93000, 9.0
7.93500, 7.0
7.94000, 3.0
7.94500, 5.0
7.95000, 7.0
7.95500, 7.0
7.96000, 8.0
7.96500, 4.0
7.97000, 4.0
7.97500, 8.0
7.98000, 11.0
7.98500, 7.0
7.99000, 11.0
7.99500, 10.0
8.00000, 8.0
8.00500, 6.0
8.01000, 3.0
8.01500, 7.0
8.02000, 8.0
8.02500, 7.0
8.03000, 10.0
8.03500, 6.0
8.04000, 9.0
8.04500, 11.0
8.05000, 4.0
8.05500, 5.0
8.06000, 6.0
8.06500, 5.0
8.07000, 9.0
8.07500, 6.0
8.08000, 5.0
8.08500, 4.0
8.09000, 4.0
8.09500, 6.0
8.10000, 5.0
8.10500, 6.0
8.11000, 5.0
8.11500, 10.0
8.12000, 8.0
8.12500, 3.0
8.13000, 7.0
8.13500, 7.0
8.14000, 11.0
8.14500, 3.0
8.15000, 5.0
8.15500, 3.0
8.16000, 6.0
8.16500, 6.0
8.17000, 4.0
8.17500, 9.0
8.18000, 1.0
8.18500, 3.0
8.19000, 6.0
8.19500, 2.0
8.20000, 3.0
8.20500, 5.0
8.21000, 9.0
8.21500, 5.0
8.22000, 5.0
8.22500, 4.0
8.23000, 4.0
8.23500, 4.0
8.24000, 5.0
8.24500, 3.0
8.25000, 7.0
8.25500, 2.0
8.26000, 2.0
8.26500, 2.0
8.27000, 5.0
8.27500, 5.0
8.28000, 6.0
8.28500, 3.0
8.29000, 7.0
8.29500, 5.0
8.30000, 4.0
8.30500, 6.0
8.31000, 2.0
8.31500, 2.0
8.32000, 5.0
8.32500, 5.0
8.33000, 5.0
8.33500, 7.0
8.34000, 7.0
8.34500, 6.0
8.35000, 7.0
8.35500, 9.0
8.36000, 6.0
8.36500, 6.0
8.37000, 7.0
8.37500, 2.0
8.38000, 3.0
8.38500, 3.0
8.39000, 4.0
8.39500, 2.0
8.40000, 10.0
8.40500, 4.0
8.41000, 3.0
8.41500, 3.0
8.42000, 4.0
8.42500, 11.0
8.43000, 4.0
8.43500, 4.0
8.44000, 2.0
8.44500, 9.0
8.45000, 10.0
8.45500, 6.0
8.46000, 6.0
8.46500, 7.0
8.47000, 4.0
8.47500, 4.0
8.48000, 8.0
8.48500, 6.0
8.49000, 5.0
8.49500, 5.0
8.50000, 9.0
8.50500, 7.0
8.51000, 9.0
8.51500, 4.0
8.52000, 4.0
8.52500, 7.0
8.53000, 4.0
8.53500, 7.0
8.54000, 5.0
8.54500, 4.0
8.55000, 6.0
8.55500, 5.0
8.56000, 2.0
8.56500, 5.0
8.57000, 3.0
8.57500, 5.0
8.58000, 3.0
8.58500, 2.0
8.59000, 3.0
8.59500, 4.0
8.60000, 3.0
8.60500, 3.0
8.61000, 8.0
8.61500, 4.0
8.62000, 4.0
8.62500, 4.0
8.63000, 7.0
8.63500, 5.0
8.64000, 3.0
8.64500, 6.0
8.65000, 2.0
8.65500, 5.0
8.66000, 4.0
8.66500, 4.0
8.67000, 5.0
8.67500, 3.0
8.68000, 7.0
8.68500, 3.0
8.69000, 4.0
8.69500, 1.0
8.70000, 5.0
8.70500, 4.0
8.71000, 4.0
8.71500, 8.0
8.72000, 6.0
8.72500, 2.0
8.73000, 4.0
8.73500, 2.0
8.74000, 2.0
8.74500, 1.0
8.75000, 2.0
8.75500, 3.0
8.76000, 5.0
8.76500, 4.0
8.77000, 4.0
8.77500, 5.0
8.78000, 10.0
8.78500, 3.0
8.79000, 5.0
8.79500, 3.0
8.80000, 4.0
8.80500, 2.0
8.81000, 2.0
8.81500, 4.0
8.82000, 0.0
8.82500, 5.0
8.83000, 2.0
8.83500, 7.0
8.84000, 2.0
8.84500, 5.0
8.85000, 5.0
8.85500, 2.0
8.86000, 4.0
8.86500, 4.0
8.87000, 2.0
8.87500, 1.0
8.88000, 1.0
8.88500, 3.0
8.89000, 3.0
8.89500, 1.0
8.90000, 5.0
8.90500, 2.0
8.91000, 4.0
8.91500, 4.0
8.92000, 3.0
8.92500, 1.0
8.93000, 2.0
8.93500, 3.0
8.94000, 2.0
8.94500, 6.0
8.95000, 0.0
8.95500, 3.0
8.96000, 2.0
8.96500, 6.0
8.97000, 2.0
8.97500, 2.0
8.98000, 2.0
8.98500, 4.0
8.99000, 3.0
8.99500, 2.0
9.00000, 3.0
9.00500, 2.0
9.01000, 1.0
9.01500, 5.0
9.02000, 2.0
9.02500, 3.0
9.03000, 4.0
9.03500, 2.0
9.04000, 1.0
9.04500, 3.0
9.05000, 3.0
9.05500, 1.0
9.06000, 4.0
9.06500, 6.0
9.07000, 2.0
9.07500, 4.0
9.08000, 2.0
9.08500, 7.0
9.09000, 5.0
9.09500, 1.0
9.10000, 4.0
9.10500, 2.0
9.11000, 4.0
9.11500, 4.0
9.12000, 3.0
9.12500, 2.0
9.13000, 4.0
9.13500, 3.0
9.14000, 4.0
9.14500, 5.0
9.15000, 3.0
9.15500, 1.0
9.16000, 0.0
9.16500, 6.0
9.17000, 7.0
9.17500, 1.0
9.18000, 3.0
9.18500, 2.0
9.19000, 2.0
9.19500, 3.0
9.20000, 1.0
9.20500, 3.0
9.21000, 1.0
9.21500, 2.0
9.22000, 3.0
9.22500, 1.0
9.23000, 2.0
9.23500, 4.0
9.24000, 5.0
9.24500, 1.0
9.25000, 3.0
9.25500, 3.0
9.26000, 3.0
9.26500, 3.0
9.27000, 2.0
9.27500, 0.0
9.28000, 3.0
9.28500, 0.0
9.29000, 1.0
9.29500, 1.0
9.30000, 1.0
9.30500, 3.0
9.31000, 3.0
9.31500, 3.0
9.32000, 6.0
9.32500, 1.0
9.33000, 0.0
9.33500, 3.0
9.34000, 3.0
9.34500, 3.0
9.35000, 1.0
9.35500, 3.0
9.36000, 4.0
9.36500, 1.0
9.37000, 3.0
9.37500, 1.0
9.38000, 2.0
9.38500, 2.0
9.39000, 3.0
9.39500, 1.0
9.40000, 2.0
9.40500, 1.0
9.41000, 3.0
9.41500, 1.0
9.42000, 1.0
9.42500, 1.0
9.43000, 2.0
9.43500, 0.0
9.44000, 1.0
9.44500, 1.0
9.45000, 3.0
9.45500, 3.0
9.46000, 0.0
9.46500, 3.0
9.47000, 4.0
9.47500, 3.0
9.48000, 2.0
9.48500, 1.0
9.49000, 1.0
9.49500, 2.0
9.50000, 3.0
9.50500, 1.0
9.51000, 0.0
9.51500, 2.0
9.52000, 3.0
9.52500, 2.0
9.53000, 1.0
9.53500, 4.0
9.54000, 1.0
9.54500, 2.0
9.55000, 1.0
9.55500, 3.0
9.56000, 2.0
9.56500, 0.0
9.57000, 2.0
9.57500, 1.0
9.58000, 1.0
9.58500, 1.0
9.59000, 0.0
9.59500, 1.0
9.60000, 0.0
9.60500, 1.0
9.61000, 3.0
9.61500, 1.0
9.62000, 2.0
9.62500, 1.0
9.63000, 2.0
9.63500, 0.0
9.64000, 2.0
9.64500, 1.0
9.65000, 2.0
9.65500, 1.0
9.66000, 2.0
9.66500, 0.0
9.67000, 2.0
9.67500, 2.0
9.68000, 6.0
9.68500, 1.0
9.69000, 0.0
9.69500, 3.0
9.70000, 1.0
9.70500, 0.0
9.71000, 3.0
9.71500, 0.0
9.72000, 0.0
9.72500, 0.0
9.73000, 0.0
9.73500, 0.0
9.74000, 2.0
9.74500, 0.0
9.75000, 1.0
9.75500, 1.0
9.76000, 1.0
9.76500, 0.0
9.77000, 0.0
9.77500, 2.0
9.78000, 0.0
9.78500, 2.0
9.79000, 2.0
9.79500, 0.0
9.80000, 3.0
9.80500, 2.0
9.81000, 0.0
9.81500, 0.0
9.82000, 1.0
9.82500, 1.0
9.83000, 2.0
9.83500, 0.0
9.84000, 1.0
9.84500, 0.0
9.85000, 0.0
9.85500, 0.0
9.86000, 3.0
9.86500, 0.0
9.87000, 0.0
9.87500, 1.0
9.88000, 3.0
9.88500, 2.0
9.89000, 0.0
9.89500, 0.0
9.90000, 2.0
9.90500, 0.0
9.91000, 0.0
9.91500, 1.0
9.92000, 1.0
9.92500, 1.0
9.93000, 1.0
9.93500, 0.0
9.94000, 1.0
9.94500, 0.0
9.95000, 1.0
9.95500, 1.0
9.96000, 1.0
9.96500, 0.0
9.97000, 0.0
9.97500, 4.0
9.98000, 1.0
9.98500, 1.0
9.99000, 0.0
9.99500, 0.0
10.00000, 0.0
10.00500, 0.0
10.01000, 0.0
10.01500, 0.0
10.02000, 0.0
10.02500, 0.0
10.03000, 0.0
10.03500, 0.0
10.04000, 0.0
10.04500, 0.0
10.05000, 0.0
10.05500, 0.0
10.06000, 0.0
10.06500, 0.0
10.07000, 0.0
10.07500, 0.0
10.08000, 1.0
10.08500, 1.0
10.09000, 0.0
10.09500, 0.0
10.10000, 0.0
10.10500, 0.0
10.11000, 0.0
10.11500, 0.0
10.12000, 1.0
10.12500, 1.0
10.13000, 0.0
10.13500, 0.0
#ENDOFDATA   : 
