#FORMAT      : EMSA/MAS Spectral Data File
#VERSION     : 1.0
#TITLE       : 20250425_10K_C7_3
#DATE        : 24-APR-2025
#TIME        : 10:42
#OWNER       : 
#NPOINTS     : 2048.0
#NCOLUMNS    : 1.0
#XUNITS      : keV
#YUNITS      : counts
#DATATYPE    : XY
#XPERCHAN    : 0.005
#OFFSET      : -0.1
#SIGNALTYPE  : EDS
#CHOFFSET    : 20.0
#LIVETIME    : 60.0
#REALTIME    : 61.607582092
#BEAMKV      : 10.0
#MAGCAM      : 330.0
#XTILTSTGE   : 0.0
#AZIMANGLE   : 0.0
#ELEVANGLE   : 29.0
#XPOSITION mm: 1.8218
#YPOSITION mm: -0.9598
#ZPOSITION mm: 13.5200
##OXINSTPT   : 2
##OXINSTSTROB: 67.56
#SPECTRUM    : Spectral Data Starts Here
-0.10000, 0.0
-0.09500, 0.0
-0.09000, 1.0
-0.08500, 1.0
-0.08000, 2.0
-0.07500, 2.0
-0.07000, 3.0
-0.06500, 4.0
-0.06000, 4.0
-0.05500, 6.0
-0.05000, 11.0
-0.04500, 21.0
-0.04000, 26.0
-0.03500, 37.0
-0.03000, 64.0
-0.02500, 97.0
-0.02000, 149.0
-0.01500, 200.0
-0.01000, 244.0
-0.00500, 318.0
0.00000, 404.0
0.00500, 464.0
0.01000, 591.0
0.01500, 684.0
0.02000, 796.0
0.02500, 843.0
0.03000, 916.0
0.03500, 1037.0
0.04000, 1052.0
0.04500, 1099.0
0.05000, 1136.0
0.05500, 1062.0
0.06000, 1052.0
0.06500, 949.0
0.07000, 865.0
0.07500, 823.0
0.08000, 700.0
0.08500, 603.0
0.09000, 535.0
0.09500, 493.0
0.10000, 461.0
0.10500, 426.0
0.11000, 432.0
0.11500, 423.0
0.12000, 450.0
0.12500, 477.0
0.13000, 521.0
0.13500, 548.0
0.14000, 602.0
0.14500, 626.0
0.15000, 628.0
0.15500, 667.0
0.16000, 712.0
0.16500, 687.0
0.17000, 617.0
0.17500, 591.0
0.18000, 547.0
0.18500, 523.0
0.19000, 498.0
0.19500, 442.0
0.20000, 406.0
0.20500, 369.0
0.21000, 309.0
0.21500, 288.0
0.22000, 282.0
0.22500, 249.0
0.23000, 245.0
0.23500, 236.0
0.24000, 234.0
0.24500, 229.0
0.25000, 214.0
0.25500, 191.0
0.26000, 189.0
0.26500, 187.0
0.27000, 188.0
0.27500, 176.0
0.28000, 164.0
0.28500, 169.0
0.29000, 157.0
0.29500, 147.0
0.30000, 123.0
0.30500, 112.0
0.31000, 113.0
0.31500, 93.0
0.32000, 89.0
0.32500, 85.0
0.33000, 75.0
0.33500, 70.0
0.34000, 74.0
0.34500, 66.0
0.35000, 72.0
0.35500, 78.0
0.36000, 75.0
0.36500, 56.0
0.37000, 66.0
0.37500, 69.0
0.38000, 69.0
0.38500, 68.0
0.39000, 69.0
0.39500, 88.0
0.40000, 76.0
0.40500, 88.0
0.41000, 86.0
0.41500, 95.0
0.42000, 94.0
0.42500, 102.0
0.43000, 103.0
0.43500, 113.0
0.44000, 125.0
0.44500, 124.0
0.45000, 146.0
0.45500, 137.0
0.46000, 175.0
0.46500, 228.0
0.47000, 257.0
0.47500, 285.0
0.48000, 320.0
0.48500, 373.0
0.49000, 400.0
0.49500, 456.0
0.50000, 500.0
0.50500, 539.0
0.51000, 550.0
0.51500, 564.0
0.52000, 578.0
0.52500, 581.0
0.53000, 599.0
0.53500, 562.0
0.54000, 607.0
0.54500, 557.0
0.55000, 540.0
0.55500, 462.0
0.56000, 493.0
0.56500, 425.0
0.57000, 387.0
0.57500, 337.0
0.58000, 305.0
0.58500, 270.0
0.59000, 233.0
0.59500, 219.0
0.60000, 211.0
0.60500, 197.0
0.61000, 182.0
0.61500, 201.0
0.62000, 167.0
0.62500, 170.0
0.63000, 165.0
0.63500, 181.0
0.64000, 156.0
0.64500, 149.0
0.65000, 182.0
0.65500, 175.0
0.66000, 172.0
0.66500, 185.0
0.67000, 173.0
0.67500, 191.0
0.68000, 192.0
0.68500, 180.0
0.69000, 186.0
0.69500, 170.0
0.70000, 173.0
0.70500, 199.0
0.71000, 202.0
0.71500, 199.0
0.72000, 198.0
0.72500, 183.0
0.73000, 188.0
0.73500, 180.0
0.74000, 192.0
0.74500, 206.0
0.75000, 216.0
0.75500, 206.0
0.76000, 208.0
0.76500, 190.0
0.77000, 204.0
0.77500, 197.0
0.78000, 196.0
0.78500, 203.0
0.79000, 208.0
0.79500, 207.0
0.80000, 190.0
0.80500, 197.0
0.81000, 200.0
0.81500, 207.0
0.82000, 203.0
0.82500, 214.0
0.83000, 223.0
0.83500, 238.0
0.84000, 219.0
0.84500, 211.0
0.85000, 237.0
0.85500, 239.0
0.86000, 240.0
0.86500, 246.0
0.87000, 238.0
0.87500, 250.0
0.88000, 226.0
0.88500, 239.0
0.89000, 215.0
0.89500, 241.0
0.90000, 239.0
0.90500, 238.0
0.91000, 216.0
0.91500, 243.0
0.92000, 242.0
0.92500, 248.0
0.93000, 234.0
0.93500, 234.0
0.94000, 249.0
0.94500, 231.0
0.95000, 238.0
0.95500, 221.0
0.96000, 216.0
0.96500, 251.0
0.97000, 243.0
0.97500, 235.0
0.98000, 240.0
0.98500, 238.0
0.99000, 253.0
0.99500, 229.0
1.00000, 244.0
1.00500, 229.0
1.01000, 247.0
1.01500, 229.0
1.02000, 237.0
1.02500, 232.0
1.03000, 239.0
1.03500, 281.0
1.04000, 251.0
1.04500, 238.0
1.05000, 248.0
1.05500, 226.0
1.06000, 240.0
1.06500, 257.0
1.07000, 228.0
1.07500, 232.0
1.08000, 219.0
1.08500, 228.0
1.09000, 245.0
1.09500, 245.0
1.10000, 257.0
1.10500, 237.0
1.11000, 237.0
1.11500, 238.0
1.12000, 239.0
1.12500, 239.0
1.13000, 230.0
1.13500, 225.0
1.14000, 244.0
1.14500, 255.0
1.15000, 226.0
1.15500, 243.0
1.16000, 233.0
1.16500, 253.0
1.17000, 263.0
1.17500, 249.0
1.18000, 250.0
1.18500, 230.0
1.19000, 248.0
1.19500, 248.0
1.20000, 245.0
1.20500, 239.0
1.21000, 245.0
1.21500, 255.0
1.22000, 256.0
1.22500, 223.0
1.23000, 233.0
1.23500, 250.0
1.24000, 251.0
1.24500, 233.0
1.25000, 250.0
1.25500, 241.0
1.26000, 232.0
1.26500, 215.0
1.27000, 229.0
1.27500, 238.0
1.28000, 242.0
1.28500, 227.0
1.29000, 230.0
1.29500, 239.0
1.30000, 241.0
1.30500, 230.0
1.31000, 237.0
1.31500, 227.0
1.32000, 240.0
1.32500, 218.0
1.33000, 230.0
1.33500, 237.0
1.34000, 233.0
1.34500, 225.0
1.35000, 245.0
1.35500, 256.0
1.36000, 231.0
1.36500, 252.0
1.37000, 228.0
1.37500, 242.0
1.38000, 233.0
1.38500, 226.0
1.39000, 227.0
1.39500, 251.0
1.40000, 252.0
1.40500, 246.0
1.41000, 240.0
1.41500, 243.0
1.42000, 249.0
1.42500, 231.0
1.43000, 216.0
1.43500, 252.0
1.44000, 231.0
1.44500, 233.0
1.45000, 232.0
1.45500, 234.0
1.46000, 229.0
1.46500, 232.0
1.47000, 241.0
1.47500, 238.0
1.48000, 261.0
1.48500, 240.0
1.49000, 232.0
1.49500, 230.0
1.50000, 219.0
1.50500, 246.0
1.51000, 258.0
1.51500, 248.0
1.52000, 243.0
1.52500, 231.0
1.53000, 218.0
1.53500, 208.0
1.54000, 249.0
1.54500, 253.0
1.55000, 242.0
1.55500, 223.0
1.56000, 260.0
1.56500, 244.0
1.57000, 236.0
1.57500, 227.0
1.58000, 246.0
1.58500, 244.0
1.59000, 242.0
1.59500, 227.0
1.60000, 237.0
1.60500, 234.0
1.61000, 257.0
1.61500, 265.0
1.62000, 267.0
1.62500, 293.0
1.63000, 320.0
1.63500, 345.0
1.64000, 400.0
1.64500, 483.0
1.65000, 568.0
1.65500, 706.0
1.66000, 874.0
1.66500, 1063.0
1.67000, 1320.0
1.67500, 1524.0
1.68000, 1832.0
1.68500, 2173.0
1.69000, 2499.0
1.69500, 2878.0
1.70000, 3302.0
1.70500, 3811.0
1.71000, 4126.0
1.71500, 4573.0
1.72000, 4880.0
1.72500, 5178.0
1.73000, 5280.0
1.73500, 5571.0
1.74000, 5712.0
1.74500, 5790.0
1.75000, 5698.0
1.75500, 5405.0
1.76000, 5169.0
1.76500, 4963.0
1.77000, 4508.0
1.77500, 4167.0
1.78000, 3822.0
1.78500, 3417.0
1.79000, 3116.0
1.79500, 2654.0
1.80000, 2300.0
1.80500, 2007.0
1.81000, 1740.0
1.81500, 1473.0
1.82000, 1251.0
1.82500, 1098.0
1.83000, 938.0
1.83500, 812.0
1.84000, 708.0
1.84500, 595.0
1.85000, 574.0
1.85500, 494.0
1.86000, 394.0
1.86500, 392.0
1.87000, 379.0
1.87500, 351.0
1.88000, 292.0
1.88500, 277.0
1.89000, 269.0
1.89500, 261.0
1.90000, 213.0
1.90500, 212.0
1.91000, 210.0
1.91500, 188.0
1.92000, 176.0
1.92500, 195.0
1.93000, 176.0
1.93500, 169.0
1.94000, 188.0
1.94500, 173.0
1.95000, 169.0
1.95500, 181.0
1.96000, 209.0
1.96500, 222.0
1.97000, 206.0
1.97500, 203.0
1.98000, 201.0
1.98500, 225.0
1.99000, 224.0
1.99500, 255.0
2.00000, 223.0
2.00500, 227.0
2.01000, 238.0
2.01500, 220.0
2.02000, 232.0
2.02500, 272.0
2.03000, 241.0
2.03500, 234.0
2.04000, 236.0
2.04500, 239.0
2.05000, 238.0
2.05500, 217.0
2.06000, 213.0
2.06500, 200.0
2.07000, 233.0
2.07500, 208.0
2.08000, 198.0
2.08500, 188.0
2.09000, 217.0
2.09500, 198.0
2.10000, 209.0
2.10500, 212.0
2.11000, 202.0
2.11500, 207.0
2.12000, 187.0
2.12500, 188.0
2.13000, 176.0
2.13500, 187.0
2.14000, 186.0
2.14500, 161.0
2.15000, 190.0
2.15500, 205.0
2.16000, 219.0
2.16500, 214.0
2.17000, 229.0
2.17500, 231.0
2.18000, 258.0
2.18500, 301.0
2.19000, 347.0
2.19500, 392.0
2.20000, 469.0
2.20500, 525.0
2.21000, 675.0
2.21500, 754.0
2.22000, 950.0
2.22500, 1107.0
2.23000, 1371.0
2.23500, 1557.0
2.24000, 1756.0
2.24500, 2037.0
2.25000, 2496.0
2.25500, 2812.0
2.26000, 3180.0
2.26500, 3420.0
2.27000, 3754.0
2.27500, 4196.0
2.28000, 4526.0
2.28500, 4761.0
2.29000, 5053.0
2.29500, 5268.0
2.30000, 5200.0
2.30500, 5330.0
2.31000, 5348.0
2.31500, 5375.0
2.32000, 5202.0
2.32500, 4947.0
2.33000, 4751.0
2.33500, 4471.0
2.34000, 4273.0
2.34500, 3947.0
2.35000, 3631.0
2.35500, 3366.0
2.36000, 2998.0
2.36500, 2790.0
2.37000, 2567.0
2.37500, 2246.0
2.38000, 2153.0
2.38500, 1959.0
2.39000, 1842.0
2.39500, 1637.0
2.40000, 1503.0
2.40500, 1449.0
2.41000, 1348.0
2.41500, 1313.0
2.42000, 1274.0
2.42500, 1149.0
2.43000, 1093.0
2.43500, 1040.0
2.44000, 932.0
2.44500, 928.0
2.45000, 916.0
2.45500, 840.0
2.46000, 758.0
2.46500, 763.0
2.47000, 735.0
2.47500, 721.0
2.48000, 638.0
2.48500, 584.0
2.49000, 571.0
2.49500, 537.0
2.50000, 515.0
2.50500, 449.0
2.51000, 459.0
2.51500, 418.0
2.52000, 353.0
2.52500, 360.0
2.53000, 338.0
2.53500, 308.0
2.54000, 295.0
2.54500, 276.0
2.55000, 235.0
2.55500, 254.0
2.56000, 228.0
2.56500, 194.0
2.57000, 198.0
2.57500, 184.0
2.58000, 151.0
2.58500, 169.0
2.59000, 144.0
2.59500, 156.0
2.60000, 138.0
2.60500, 136.0
2.61000, 148.0
2.61500, 140.0
2.62000, 141.0
2.62500, 121.0
2.63000, 131.0
2.63500, 138.0
2.64000, 114.0
2.64500, 113.0
2.65000, 122.0
2.65500, 138.0
2.66000, 108.0
2.66500, 108.0
2.67000, 86.0
2.67500, 105.0
2.68000, 112.0
2.68500, 104.0
2.69000, 102.0
2.69500, 95.0
2.70000, 99.0
2.70500, 111.0
2.71000, 95.0
2.71500, 101.0
2.72000, 99.0
2.72500, 106.0
2.73000, 96.0
2.73500, 89.0
2.74000, 89.0
2.74500, 94.0
2.75000, 87.0
2.75500, 81.0
2.76000, 89.0
2.76500, 88.0
2.77000, 99.0
2.77500, 105.0
2.78000, 76.0
2.78500, 96.0
2.79000, 104.0
2.79500, 101.0
2.80000, 101.0
2.80500, 97.0
2.81000, 107.0
2.81500, 106.0
2.82000, 98.0
2.82500, 113.0
2.83000, 110.0
2.83500, 107.0
2.84000, 102.0
2.84500, 98.0
2.85000, 109.0
2.85500, 100.0
2.86000, 99.0
2.86500, 102.0
2.87000, 73.0
2.87500, 91.0
2.88000, 85.0
2.88500, 104.0
2.89000, 96.0
2.89500, 129.0
2.90000, 103.0
2.90500, 88.0
2.91000, 87.0
2.91500, 90.0
2.92000, 93.0
2.92500, 70.0
2.93000, 88.0
2.93500, 97.0
2.94000, 95.0
2.94500, 84.0
2.95000, 63.0
2.95500, 101.0
2.96000, 82.0
2.96500, 64.0
2.97000, 84.0
2.97500, 88.0
2.98000, 77.0
2.98500, 78.0
2.99000, 80.0
2.99500, 81.0
3.00000, 85.0
3.00500, 90.0
3.01000, 88.0
3.01500, 73.0
3.02000, 72.0
3.02500, 94.0
3.03000, 81.0
3.03500, 84.0
3.04000, 57.0
3.04500, 91.0
3.05000, 82.0
3.05500, 87.0
3.06000, 78.0
3.06500, 83.0
3.07000, 74.0
3.07500, 80.0
3.08000, 90.0
3.08500, 91.0
3.09000, 89.0
3.09500, 82.0
3.10000, 90.0
3.10500, 81.0
3.11000, 88.0
3.11500, 84.0
3.12000, 61.0
3.12500, 64.0
3.13000, 82.0
3.13500, 89.0
3.14000, 81.0
3.14500, 79.0
3.15000, 86.0
3.15500, 95.0
3.16000, 89.0
3.16500, 82.0
3.17000, 84.0
3.17500, 66.0
3.18000, 78.0
3.18500, 77.0
3.19000, 75.0
3.19500, 79.0
3.20000, 80.0
3.20500, 72.0
3.21000, 80.0
3.21500, 78.0
3.22000, 81.0
3.22500, 70.0
3.23000, 73.0
3.23500, 89.0
3.24000, 74.0
3.24500, 74.0
3.25000, 91.0
3.25500, 85.0
3.26000, 82.0
3.26500, 83.0
3.27000, 84.0
3.27500, 73.0
3.28000, 77.0
3.28500, 78.0
3.29000, 75.0
3.29500, 88.0
3.30000, 69.0
3.30500, 75.0
3.31000, 81.0
3.31500, 81.0
3.32000, 75.0
3.32500, 65.0
3.33000, 61.0
3.33500, 70.0
3.34000, 70.0
3.34500, 72.0
3.35000, 86.0
3.35500, 71.0
3.36000, 74.0
3.36500, 65.0
3.37000, 73.0
3.37500, 83.0
3.38000, 66.0
3.38500, 72.0
3.39000, 66.0
3.39500, 81.0
3.40000, 76.0
3.40500, 76.0
3.41000, 83.0
3.41500, 81.0
3.42000, 89.0
3.42500, 90.0
3.43000, 79.0
3.43500, 71.0
3.44000, 81.0
3.44500, 79.0
3.45000, 82.0
3.45500, 81.0
3.46000, 79.0
3.46500, 72.0
3.47000, 68.0
3.47500, 75.0
3.48000, 69.0
3.48500, 75.0
3.49000, 83.0
3.49500, 81.0
3.50000, 75.0
3.50500, 75.0
3.51000, 65.0
3.51500, 63.0
3.52000, 73.0
3.52500, 72.0
3.53000, 85.0
3.53500, 73.0
3.54000, 70.0
3.54500, 69.0
3.55000, 72.0
3.55500, 68.0
3.56000, 80.0
3.56500, 71.0
3.57000, 65.0
3.57500, 70.0
3.58000, 75.0
3.58500, 72.0
3.59000, 67.0
3.59500, 60.0
3.60000, 70.0
3.60500, 68.0
3.61000, 76.0
3.61500, 71.0
3.62000, 78.0
3.62500, 74.0
3.63000, 68.0
3.63500, 83.0
3.64000, 77.0
3.64500, 76.0
3.65000, 72.0
3.65500, 65.0
3.66000, 75.0
3.66500, 68.0
3.67000, 80.0
3.67500, 68.0
3.68000, 72.0
3.68500, 78.0
3.69000, 61.0
3.69500, 66.0
3.70000, 68.0
3.70500, 57.0
3.71000, 87.0
3.71500, 72.0
3.72000, 68.0
3.72500, 79.0
3.73000, 76.0
3.73500, 67.0
3.74000, 58.0
3.74500, 66.0
3.75000, 65.0
3.75500, 62.0
3.76000, 73.0
3.76500, 64.0
3.77000, 69.0
3.77500, 71.0
3.78000, 63.0
3.78500, 53.0
3.79000, 64.0
3.79500, 67.0
3.80000, 68.0
3.80500, 63.0
3.81000, 61.0
3.81500, 65.0
3.82000, 68.0
3.82500, 84.0
3.83000, 73.0
3.83500, 59.0
3.84000, 62.0
3.84500, 58.0
3.85000, 59.0
3.85500, 78.0
3.86000, 63.0
3.86500, 69.0
3.87000, 66.0
3.87500, 59.0
3.88000, 64.0
3.88500, 62.0
3.89000, 68.0
3.89500, 55.0
3.90000, 67.0
3.90500, 61.0
3.91000, 56.0
3.91500, 69.0
3.92000, 59.0
3.92500, 72.0
3.93000, 69.0
3.93500, 72.0
3.94000, 76.0
3.94500, 72.0
3.95000, 59.0
3.95500, 68.0
3.96000, 61.0
3.96500, 48.0
3.97000, 59.0
3.97500, 59.0
3.98000, 63.0
3.98500, 69.0
3.99000, 60.0
3.99500, 65.0
4.00000, 66.0
4.00500, 59.0
4.01000, 57.0
4.01500, 54.0
4.02000, 64.0
4.02500, 75.0
4.03000, 79.0
4.03500, 67.0
4.04000, 65.0
4.04500, 70.0
4.05000, 74.0
4.05500, 72.0
4.06000, 74.0
4.06500, 75.0
4.07000, 78.0
4.07500, 59.0
4.08000, 53.0
4.08500, 61.0
4.09000, 61.0
4.09500, 63.0
4.10000, 60.0
4.10500, 56.0
4.11000, 55.0
4.11500, 48.0
4.12000, 60.0
4.12500, 58.0
4.13000, 69.0
4.13500, 65.0
4.14000, 60.0
4.14500, 69.0
4.15000, 68.0
4.15500, 55.0
4.16000, 66.0
4.16500, 51.0
4.17000, 59.0
4.17500, 76.0
4.18000, 63.0
4.18500, 60.0
4.19000, 61.0
4.19500, 67.0
4.20000, 63.0
4.20500, 60.0
4.21000, 56.0
4.21500, 54.0
4.22000, 65.0
4.22500, 43.0
4.23000, 64.0
4.23500, 53.0
4.24000, 52.0
4.24500, 48.0
4.25000, 53.0
4.25500, 58.0
4.26000, 63.0
4.26500, 54.0
4.27000, 55.0
4.27500, 45.0
4.28000, 55.0
4.28500, 68.0
4.29000, 60.0
4.29500, 51.0
4.30000, 57.0
4.30500, 55.0
4.31000, 48.0
4.31500, 51.0
4.32000, 54.0
4.32500, 40.0
4.33000, 48.0
4.33500, 55.0
4.34000, 49.0
4.34500, 59.0
4.35000, 59.0
4.35500, 61.0
4.36000, 45.0
4.36500, 48.0
4.37000, 50.0
4.37500, 48.0
4.38000, 51.0
4.38500, 61.0
4.39000, 63.0
4.39500, 50.0
4.40000, 55.0
4.40500, 54.0
4.41000, 58.0
4.41500, 54.0
4.42000, 58.0
4.42500, 63.0
4.43000, 49.0
4.43500, 53.0
4.44000, 59.0
4.44500, 63.0
4.45000, 48.0
4.45500, 50.0
4.46000, 45.0
4.46500, 53.0
4.47000, 60.0
4.47500, 36.0
4.48000, 54.0
4.48500, 52.0
4.49000, 56.0
4.49500, 52.0
4.50000, 42.0
4.50500, 62.0
4.51000, 44.0
4.51500, 46.0
4.52000, 49.0
4.52500, 54.0
4.53000, 50.0
4.53500, 45.0
4.54000, 59.0
4.54500, 56.0
4.55000, 57.0
4.55500, 62.0
4.56000, 47.0
4.56500, 45.0
4.57000, 57.0
4.57500, 42.0
4.58000, 60.0
4.58500, 57.0
4.59000, 55.0
4.59500, 57.0
4.60000, 55.0
4.60500, 50.0
4.61000, 63.0
4.61500, 50.0
4.62000, 60.0
4.62500, 56.0
4.63000, 46.0
4.63500, 53.0
4.64000, 60.0
4.64500, 43.0
4.65000, 42.0
4.65500, 47.0
4.66000, 59.0
4.66500, 51.0
4.67000, 42.0
4.67500, 43.0
4.68000, 44.0
4.68500, 51.0
4.69000, 41.0
4.69500, 47.0
4.70000, 69.0
4.70500, 41.0
4.71000, 55.0
4.71500, 50.0
4.72000, 45.0
4.72500, 56.0
4.73000, 47.0
4.73500, 44.0
4.74000, 44.0
4.74500, 61.0
4.75000, 48.0
4.75500, 43.0
4.76000, 42.0
4.76500, 43.0
4.77000, 52.0
4.77500, 51.0
4.78000, 57.0
4.78500, 54.0
4.79000, 48.0
4.79500, 47.0
4.80000, 64.0
4.80500, 59.0
4.81000, 46.0
4.81500, 47.0
4.82000, 48.0
4.82500, 48.0
4.83000, 47.0
4.83500, 52.0
4.84000, 56.0
4.84500, 54.0
4.85000, 45.0
4.85500, 38.0
4.86000, 42.0
4.86500, 54.0
4.87000, 47.0
4.87500, 43.0
4.88000, 48.0
4.88500, 53.0
4.89000, 43.0
4.89500, 43.0
4.90000, 49.0
4.90500, 40.0
4.91000, 38.0
4.91500, 37.0
4.92000, 47.0
4.92500, 52.0
4.93000, 40.0
4.93500, 55.0
4.94000, 39.0
4.94500, 38.0
4.95000, 49.0
4.95500, 44.0
4.96000, 50.0
4.96500, 37.0
4.97000, 44.0
4.97500, 42.0
4.98000, 48.0
4.98500, 35.0
4.99000, 43.0
4.99500, 45.0
5.00000, 40.0
5.00500, 46.0
5.01000, 56.0
5.01500, 54.0
5.02000, 36.0
5.02500, 44.0
5.03000, 39.0
5.03500, 39.0
5.04000, 46.0
5.04500, 40.0
5.05000, 40.0
5.05500, 44.0
5.06000, 48.0
5.06500, 42.0
5.07000, 44.0
5.07500, 45.0
5.08000, 39.0
5.08500, 35.0
5.09000, 45.0
5.09500, 45.0
5.10000, 42.0
5.10500, 38.0
5.11000, 50.0
5.11500, 40.0
5.12000, 36.0
5.12500, 48.0
5.13000, 47.0
5.13500, 42.0
5.14000, 47.0
5.14500, 44.0
5.15000, 46.0
5.15500, 40.0
5.16000, 42.0
5.16500, 52.0
5.17000, 32.0
5.17500, 35.0
5.18000, 37.0
5.18500, 31.0
5.19000, 32.0
5.19500, 40.0
5.20000, 46.0
5.20500, 41.0
5.21000, 48.0
5.21500, 52.0
5.22000, 34.0
5.22500, 44.0
5.23000, 38.0
5.23500, 38.0
5.24000, 40.0
5.24500, 56.0
5.25000, 40.0
5.25500, 36.0
5.26000, 45.0
5.26500, 45.0
5.27000, 38.0
5.27500, 31.0
5.28000, 44.0
5.28500, 56.0
5.29000, 31.0
5.29500, 38.0
5.30000, 38.0
5.30500, 43.0
5.31000, 51.0
5.31500, 40.0
5.32000, 41.0
5.32500, 42.0
5.33000, 42.0
5.33500, 41.0
5.34000, 36.0
5.34500, 34.0
5.35000, 39.0
5.35500, 32.0
5.36000, 43.0
5.36500, 36.0
5.37000, 42.0
5.37500, 36.0
5.38000, 33.0
5.38500, 38.0
5.39000, 42.0
5.39500, 36.0
5.40000, 39.0
5.40500, 32.0
5.41000, 40.0
5.41500, 47.0
5.42000, 46.0
5.42500, 36.0
5.43000, 35.0
5.43500, 38.0
5.44000, 46.0
5.44500, 33.0
5.45000, 41.0
5.45500, 48.0
5.46000, 40.0
5.46500, 45.0
5.47000, 29.0
5.47500, 37.0
5.48000, 40.0
5.48500, 38.0
5.49000, 35.0
5.49500, 35.0
5.50000, 39.0
5.50500, 30.0
5.51000, 32.0
5.51500, 37.0
5.52000, 34.0
5.52500, 31.0
5.53000, 30.0
5.53500, 30.0
5.54000, 48.0
5.54500, 40.0
5.55000, 48.0
5.55500, 29.0
5.56000, 32.0
5.56500, 34.0
5.57000, 34.0
5.57500, 31.0
5.58000, 40.0
5.58500, 38.0
5.59000, 32.0
5.59500, 36.0
5.60000, 33.0
5.60500, 36.0
5.61000, 46.0
5.61500, 42.0
5.62000, 37.0
5.62500, 28.0
5.63000, 32.0
5.63500, 30.0
5.64000, 31.0
5.64500, 34.0
5.65000, 31.0
5.65500, 27.0
5.66000, 37.0
5.66500, 29.0
5.67000, 30.0
5.67500, 33.0
5.68000, 36.0
5.68500, 44.0
5.69000, 35.0
5.69500, 35.0
5.70000, 31.0
5.70500, 33.0
5.71000, 28.0
5.71500, 36.0
5.72000, 32.0
5.72500, 32.0
5.73000, 29.0
5.73500, 37.0
5.74000, 28.0
5.74500, 32.0
5.75000, 35.0
5.75500, 38.0
5.76000, 39.0
5.76500, 27.0
5.77000, 30.0
5.77500, 42.0
5.78000, 38.0
5.78500, 40.0
5.79000, 29.0
5.79500, 40.0
5.80000, 36.0
5.80500, 32.0
5.81000, 30.0
5.81500, 31.0
5.82000, 29.0
5.82500, 35.0
5.83000, 22.0
5.83500, 34.0
5.84000, 26.0
5.84500, 29.0
5.85000, 35.0
5.85500, 36.0
5.86000, 41.0
5.86500, 27.0
5.87000, 27.0
5.87500, 31.0
5.88000, 30.0
5.88500, 38.0
5.89000, 35.0
5.89500, 24.0
5.90000, 38.0
5.90500, 28.0
5.91000, 21.0
5.91500, 26.0
5.92000, 37.0
5.92500, 42.0
5.93000, 28.0
5.93500, 33.0
5.94000, 28.0
5.94500, 27.0
5.95000, 27.0
5.95500, 30.0
5.96000, 33.0
5.96500, 29.0
5.97000, 33.0
5.97500, 26.0
5.98000, 31.0
5.98500, 28.0
5.99000, 27.0
5.99500, 27.0
6.00000, 33.0
6.00500, 34.0
6.01000, 29.0
6.01500, 30.0
6.02000, 28.0
6.02500, 31.0
6.03000, 38.0
6.03500, 24.0
6.04000, 24.0
6.04500, 24.0
6.05000, 29.0
6.05500, 23.0
6.06000, 36.0
6.06500, 34.0
6.07000, 41.0
6.07500, 33.0
6.08000, 29.0
6.08500, 25.0
6.09000, 28.0
6.09500, 42.0
6.10000, 34.0
6.10500, 25.0
6.11000, 24.0
6.11500, 26.0
6.12000, 24.0
6.12500, 23.0
6.13000, 31.0
6.13500, 31.0
6.14000, 30.0
6.14500, 32.0
6.15000, 28.0
6.15500, 31.0
6.16000, 26.0
6.16500, 25.0
6.17000, 40.0
6.17500, 31.0
6.18000, 28.0
6.18500, 26.0
6.19000, 26.0
6.19500, 30.0
6.20000, 27.0
6.20500, 30.0
6.21000, 35.0
6.21500, 23.0
6.22000, 35.0
6.22500, 20.0
6.23000, 36.0
6.23500, 33.0
6.24000, 31.0
6.24500, 27.0
6.25000, 29.0
6.25500, 30.0
6.26000, 25.0
6.26500, 31.0
6.27000, 30.0
6.27500, 33.0
6.28000, 34.0
6.28500, 26.0
6.29000, 27.0
6.29500, 31.0
6.30000, 26.0
6.30500, 26.0
6.31000, 28.0
6.31500, 26.0
6.32000, 31.0
6.32500, 26.0
6.33000, 34.0
6.33500, 41.0
6.34000, 24.0
6.34500, 27.0
6.35000, 33.0
6.35500, 19.0
6.36000, 27.0
6.36500, 31.0
6.37000, 20.0
6.37500, 27.0
6.38000, 22.0
6.38500, 28.0
6.39000, 28.0
6.39500, 24.0
6.40000, 34.0
6.40500, 40.0
6.41000, 22.0
6.41500, 23.0
6.42000, 38.0
6.42500, 26.0
6.43000, 25.0
6.43500, 20.0
6.44000, 21.0
6.44500, 26.0
6.45000, 28.0
6.45500, 27.0
6.46000, 28.0
6.46500, 23.0
6.47000, 25.0
6.47500, 34.0
6.48000, 25.0
6.48500, 20.0
6.49000, 26.0
6.49500, 26.0
6.50000, 26.0
6.50500, 22.0
6.51000, 29.0
6.51500, 20.0
6.52000, 33.0
6.52500, 30.0
6.53000, 24.0
6.53500, 29.0
6.54000, 30.0
6.54500, 27.0
6.55000, 19.0
6.55500, 29.0
6.56000, 27.0
6.56500, 19.0
6.57000, 29.0
6.57500, 31.0
6.58000, 40.0
6.58500, 21.0
6.59000, 17.0
6.59500, 16.0
6.60000, 24.0
6.60500, 26.0
6.61000, 18.0
6.61500, 15.0
6.62000, 27.0
6.62500, 27.0
6.63000, 18.0
6.63500, 31.0
6.64000, 27.0
6.64500, 19.0
6.65000, 19.0
6.65500, 31.0
6.66000, 34.0
6.66500, 29.0
6.67000, 22.0
6.67500, 26.0
6.68000, 27.0
6.68500, 19.0
6.69000, 27.0
6.69500, 29.0
6.70000, 31.0
6.70500, 18.0
6.71000, 25.0
6.71500, 22.0
6.72000, 23.0
6.72500, 29.0
6.73000, 29.0
6.73500, 18.0
6.74000, 17.0
6.74500, 26.0
6.75000, 29.0
6.75500, 25.0
6.76000, 22.0
6.76500, 25.0
6.77000, 18.0
6.77500, 17.0
6.78000, 30.0
6.78500, 25.0
6.79000, 30.0
6.79500, 25.0
6.80000, 31.0
6.80500, 31.0
6.81000, 24.0
6.81500, 15.0
6.82000, 23.0
6.82500, 26.0
6.83000, 25.0
6.83500, 28.0
6.84000, 26.0
6.84500, 14.0
6.85000, 33.0
6.85500, 25.0
6.86000, 36.0
6.86500, 27.0
6.87000, 24.0
6.87500, 18.0
6.88000, 17.0
6.88500, 23.0
6.89000, 29.0
6.89500, 30.0
6.90000, 23.0
6.90500, 31.0
6.91000, 23.0
6.91500, 19.0
6.92000, 19.0
6.92500, 24.0
6.93000, 22.0
6.93500, 25.0
6.94000, 23.0
6.94500, 22.0
6.95000, 18.0
6.95500, 27.0
6.96000, 20.0
6.96500, 24.0
6.97000, 23.0
6.97500, 24.0
6.98000, 14.0
6.98500, 24.0
6.99000, 18.0
6.99500, 18.0
7.00000, 25.0
7.00500, 19.0
7.01000, 20.0
7.01500, 20.0
7.02000, 24.0
7.02500, 28.0
7.03000, 21.0
7.03500, 25.0
7.04000, 22.0
7.04500, 12.0
7.05000, 23.0
7.05500, 23.0
7.06000, 20.0
7.06500, 10.0
7.07000, 25.0
7.07500, 24.0
7.08000, 18.0
7.08500, 23.0
7.09000, 18.0
7.09500, 18.0
7.10000, 22.0
7.10500, 19.0
7.11000, 10.0
7.11500, 27.0
7.12000, 27.0
7.12500, 23.0
7.13000, 27.0
7.13500, 20.0
7.14000, 20.0
7.14500, 21.0
7.15000, 21.0
7.15500, 28.0
7.16000, 25.0
7.16500, 17.0
7.17000, 14.0
7.17500, 32.0
7.18000, 29.0
7.18500, 25.0
7.19000, 9.0
7.19500, 25.0
7.20000, 24.0
7.20500, 18.0
7.21000, 30.0
7.21500, 28.0
7.22000, 21.0
7.22500, 24.0
7.23000, 18.0
7.23500, 17.0
7.24000, 22.0
7.24500, 21.0
7.25000, 23.0
7.25500, 16.0
7.26000, 21.0
7.26500, 15.0
7.27000, 15.0
7.27500, 28.0
7.28000, 8.0
7.28500, 16.0
7.29000, 21.0
7.29500, 26.0
7.30000, 18.0
7.30500, 14.0
7.31000, 21.0
7.31500, 19.0
7.32000, 16.0
7.32500, 15.0
7.33000, 20.0
7.33500, 14.0
7.34000, 14.0
7.34500, 27.0
7.35000, 20.0
7.35500, 20.0
7.36000, 23.0
7.36500, 18.0
7.37000, 24.0
7.37500, 19.0
7.38000, 15.0
7.38500, 19.0
7.39000, 21.0
7.39500, 15.0
7.40000, 17.0
7.40500, 24.0
7.41000, 23.0
7.41500, 18.0
7.42000, 18.0
7.42500, 18.0
7.43000, 22.0
7.43500, 22.0
7.44000, 14.0
7.44500, 15.0
7.45000, 19.0
7.45500, 15.0
7.46000, 20.0
7.46500, 20.0
7.47000, 13.0
7.47500, 16.0
7.48000, 14.0
7.48500, 13.0
7.49000, 20.0
7.49500, 19.0
7.50000, 19.0
7.50500, 18.0
7.51000, 15.0
7.51500, 23.0
7.52000, 27.0
7.52500, 19.0
7.53000, 22.0
7.53500, 26.0
7.54000, 15.0
7.54500, 28.0
7.55000, 19.0
7.55500, 20.0
7.56000, 24.0
7.56500, 13.0
7.57000, 15.0
7.57500, 15.0
7.58000, 22.0
7.58500, 18.0
7.59000, 18.0
7.59500, 18.0
7.60000, 18.0
7.60500, 19.0
7.61000, 15.0
7.61500, 20.0
7.62000, 17.0
7.62500, 12.0
7.63000, 21.0
7.63500, 13.0
7.64000, 19.0
7.64500, 14.0
7.65000, 17.0
7.65500, 26.0
7.66000, 11.0
7.66500, 31.0
7.67000, 16.0
7.67500, 21.0
7.68000, 17.0
7.68500, 15.0
7.69000, 19.0
7.69500, 11.0
7.70000, 22.0
7.70500, 19.0
7.71000, 21.0
7.71500, 12.0
7.72000, 15.0
7.72500, 12.0
7.73000, 19.0
7.73500, 15.0
7.74000, 21.0
7.74500, 20.0
7.75000, 25.0
7.75500, 19.0
7.76000, 14.0
7.76500, 19.0
7.77000, 14.0
7.77500, 17.0
7.78000, 16.0
7.78500, 12.0
7.79000, 13.0
7.79500, 11.0
7.80000, 20.0
7.80500, 17.0
7.81000, 22.0
7.81500, 12.0
7.82000, 19.0
7.82500, 14.0
7.83000, 13.0
7.83500, 19.0
7.84000, 15.0
7.84500, 11.0
7.85000, 15.0
7.85500, 20.0
7.86000, 14.0
7.86500, 11.0
7.87000, 20.0
7.87500, 17.0
7.88000, 18.0
7.88500, 7.0
7.89000, 22.0
7.89500, 17.0
7.90000, 16.0
7.90500, 14.0
7.91000, 18.0
7.91500, 15.0
7.92000, 13.0
7.92500, 12.0
7.93000, 16.0
7.93500, 15.0
7.94000, 11.0
7.94500, 11.0
7.95000, 12.0
7.95500, 15.0
7.96000, 18.0
7.96500, 18.0
7.97000, 17.0
7.97500, 17.0
7.98000, 16.0
7.98500, 18.0
7.99000, 20.0
7.99500, 15.0
8.00000, 19.0
8.00500, 21.0
8.01000, 9.0
8.01500, 10.0
8.02000, 20.0
8.02500, 13.0
8.03000, 14.0
8.03500, 13.0
8.04000, 17.0
8.04500, 16.0
8.05000, 22.0
8.05500, 19.0
8.06000, 18.0
8.06500, 15.0
8.07000, 12.0
8.07500, 21.0
8.08000, 8.0
8.08500, 18.0
8.09000, 14.0
8.09500, 17.0
8.10000, 8.0
8.10500, 12.0
8.11000, 14.0
8.11500, 17.0
8.12000, 15.0
8.12500, 13.0
8.13000, 17.0
8.13500, 11.0
8.14000, 20.0
8.14500, 15.0
8.15000, 14.0
8.15500, 17.0
8.16000, 14.0
8.16500, 7.0
8.17000, 12.0
8.17500, 15.0
8.18000, 10.0
8.18500, 15.0
8.19000, 15.0
8.19500, 19.0
8.20000, 14.0
8.20500, 13.0
8.21000, 5.0
8.21500, 7.0
8.22000, 18.0
8.22500, 16.0
8.23000, 9.0
8.23500, 14.0
8.24000, 14.0
8.24500, 16.0
8.25000, 14.0
8.25500, 16.0
8.26000, 15.0
8.26500, 12.0
8.27000, 6.0
8.27500, 15.0
8.28000, 12.0
8.28500, 13.0
8.29000, 8.0
8.29500, 7.0
8.30000, 14.0
8.30500, 18.0
8.31000, 10.0
8.31500, 15.0
8.32000, 16.0
8.32500, 18.0
8.33000, 6.0
8.33500, 11.0
8.34000, 10.0
8.34500, 15.0
8.35000, 8.0
8.35500, 16.0
8.36000, 13.0
8.36500, 15.0
8.37000, 7.0
8.37500, 10.0
8.38000, 5.0
8.38500, 10.0
8.39000, 7.0
8.39500, 9.0
8.40000, 8.0
8.40500, 9.0
8.41000, 12.0
8.41500, 17.0
8.42000, 14.0
8.42500, 14.0
8.43000, 8.0
8.43500, 13.0
8.44000, 15.0
8.44500, 15.0
8.45000, 20.0
8.45500, 12.0
8.46000, 14.0
8.46500, 13.0
8.47000, 14.0
8.47500, 6.0
8.48000, 16.0
8.48500, 11.0
8.49000, 11.0
8.49500, 10.0
8.50000, 15.0
8.50500, 13.0
8.51000, 12.0
8.51500, 13.0
8.52000, 9.0
8.52500, 11.0
8.53000, 11.0
8.53500, 13.0
8.54000, 11.0
8.54500, 6.0
8.55000, 14.0
8.55500, 13.0
8.56000, 8.0
8.56500, 6.0
8.57000, 19.0
8.57500, 12.0
8.58000, 9.0
8.58500, 11.0
8.59000, 5.0
8.59500, 9.0
8.60000, 10.0
8.60500, 14.0
8.61000, 5.0
8.61500, 11.0
8.62000, 10.0
8.62500, 11.0
8.63000, 11.0
8.63500, 8.0
8.64000, 6.0
8.64500, 8.0
8.65000, 16.0
8.65500, 7.0
8.66000, 9.0
8.66500, 15.0
8.67000, 14.0
8.67500, 10.0
8.68000, 17.0
8.68500, 12.0
8.69000, 19.0
8.69500, 9.0
8.70000, 5.0
8.70500, 8.0
8.71000, 14.0
8.71500, 10.0
8.72000, 6.0
8.72500, 9.0
8.73000, 10.0
8.73500, 18.0
8.74000, 10.0
8.74500, 6.0
8.75000, 14.0
8.75500, 10.0
8.76000, 11.0
8.76500, 5.0
8.77000, 5.0
8.77500, 9.0
8.78000, 10.0
8.78500, 5.0
8.79000, 9.0
8.79500, 8.0
8.80000, 16.0
8.80500, 7.0
8.81000, 10.0
8.81500, 9.0
8.82000, 8.0
8.82500, 9.0
8.83000, 9.0
8.83500, 5.0
8.84000, 6.0
8.84500, 4.0
8.85000, 5.0
8.85500, 7.0
8.86000, 9.0
8.86500, 13.0
8.87000, 10.0
8.87500, 13.0
8.88000, 14.0
8.88500, 12.0
8.89000, 8.0
8.89500, 5.0
8.90000, 9.0
8.90500, 11.0
8.91000, 9.0
8.91500, 9.0
8.92000, 9.0
8.92500, 5.0
8.93000, 10.0
8.93500, 8.0
8.94000, 12.0
8.94500, 7.0
8.95000, 13.0
8.95500, 13.0
8.96000, 6.0
8.96500, 6.0
8.97000, 8.0
8.97500, 10.0
8.98000, 10.0
8.98500, 9.0
8.99000, 8.0
8.99500, 4.0
9.00000, 14.0
9.00500, 10.0
9.01000, 5.0
9.01500, 9.0
9.02000, 9.0
9.02500, 13.0
9.03000, 6.0
9.03500, 5.0
9.04000, 7.0
9.04500, 10.0
9.05000, 7.0
9.05500, 9.0
9.06000, 8.0
9.06500, 8.0
9.07000, 8.0
9.07500, 10.0
9.08000, 3.0
9.08500, 5.0
9.09000, 10.0
9.09500, 8.0
9.10000, 10.0
9.10500, 8.0
9.11000, 5.0
9.11500, 1.0
9.12000, 5.0
9.12500, 12.0
9.13000, 6.0
9.13500, 7.0
9.14000, 3.0
9.14500, 5.0
9.15000, 6.0
9.15500, 4.0
9.16000, 10.0
9.16500, 9.0
9.17000, 10.0
9.17500, 4.0
9.18000, 10.0
9.18500, 6.0
9.19000, 7.0
9.19500, 4.0
9.20000, 6.0
9.20500, 6.0
9.21000, 9.0
9.21500, 12.0
9.22000, 4.0
9.22500, 4.0
9.23000, 7.0
9.23500, 5.0
9.24000, 6.0
9.24500, 7.0
9.25000, 4.0
9.25500, 4.0
9.26000, 7.0
9.26500, 5.0
9.27000, 6.0
9.27500, 3.0
9.28000, 7.0
9.28500, 6.0
9.29000, 6.0
9.29500, 8.0
9.30000, 11.0
9.30500, 5.0
9.31000, 6.0
9.31500, 6.0
9.32000, 8.0
9.32500, 6.0
9.33000, 13.0
9.33500, 5.0
9.34000, 8.0
9.34500, 6.0
9.35000, 7.0
9.35500, 8.0
9.36000, 5.0
9.36500, 10.0
9.37000, 8.0
9.37500, 9.0
9.38000, 5.0
9.38500, 6.0
9.39000, 12.0
9.39500, 6.0
9.40000, 5.0
9.40500, 9.0
9.41000, 6.0
9.41500, 9.0
9.42000, 6.0
9.42500, 5.0
9.43000, 3.0
9.43500, 5.0
9.44000, 7.0
9.44500, 6.0
9.45000, 6.0
9.45500, 5.0
9.46000, 8.0
9.46500, 4.0
9.47000, 4.0
9.47500, 5.0
9.48000, 3.0
9.48500, 1.0
9.49000, 6.0
9.49500, 6.0
9.50000, 5.0
9.50500, 6.0
9.51000, 3.0
9.51500, 5.0
9.52000, 6.0
9.52500, 6.0
9.53000, 8.0
9.53500, 4.0
9.54000, 2.0
9.54500, 6.0
9.55000, 3.0
9.55500, 6.0
9.56000, 4.0
9.56500, 4.0
9.57000, 7.0
9.57500, 3.0
9.58000, 4.0
9.58500, 1.0
9.59000, 3.0
9.59500, 5.0
9.60000, 5.0
9.60500, 0.0
9.61000, 3.0
9.61500, 4.0
9.62000, 5.0
9.62500, 4.0
9.63000, 1.0
9.63500, 6.0
9.64000, 3.0
9.64500, 6.0
9.65000, 4.0
9.65500, 3.0
9.66000, 5.0
9.66500, 4.0
9.67000, 4.0
9.67500, 4.0
9.68000, 5.0
9.68500, 4.0
9.69000, 4.0
9.69500, 3.0
9.70000, 3.0
9.70500, 5.0
9.71000, 2.0
9.71500, 4.0
9.72000, 4.0
9.72500, 3.0
9.73000, 4.0
9.73500, 1.0
9.74000, 2.0
9.74500, 1.0
9.75000, 4.0
9.75500, 2.0
9.76000, 5.0
9.76500, 3.0
9.77000, 3.0
9.77500, 4.0
9.78000, 3.0
9.78500, 1.0
9.79000, 2.0
9.79500, 2.0
9.80000, 6.0
9.80500, 2.0
9.81000, 4.0
9.81500, 5.0
9.82000, 1.0
9.82500, 1.0
9.83000, 1.0
9.83500, 3.0
9.84000, 2.0
9.84500, 1.0
9.85000, 2.0
9.85500, 1.0
9.86000, 3.0
9.86500, 0.0
9.87000, 3.0
9.87500, 0.0
9.88000, 2.0
9.88500, 1.0
9.89000, 2.0
9.89500, 2.0
9.90000, 1.0
9.90500, 1.0
9.91000, 0.0
9.91500, 2.0
9.92000, 0.0
9.92500, 2.0
9.93000, 2.0
9.93500, 0.0
9.94000, 1.0
9.94500, 0.0
9.95000, 1.0
9.95500, 0.0
9.96000, 0.0
9.96500, 1.0
9.97000, 0.0
9.97500, 2.0
9.98000, 0.0
9.98500, 0.0
9.99000, 0.0
9.99500, 0.0
10.00000, 1.0
10.00500, 1.0
10.01000, 0.0
10.01500, 0.0
10.02000, 0.0
10.02500, 2.0
10.03000, 0.0
10.03500, 0.0
10.04000, 0.0
10.04500, 0.0
10.05000, 1.0
10.05500, 0.0
10.06000, 0.0
10.06500, 1.0
10.07000, 0.0
10.07500, 0.0
10.08000, 0.0
10.08500, 0.0
10.09000, 0.0
10.09500, 0.0
10.10000, 0.0
10.10500, 0.0
10.11000, 0.0
10.11500, 0.0
10.12000, 0.0
10.12500, 0.0
10.13000, 0.0
10.13500, 0.0
#ENDOFDATA   : 
