#FORMAT      : EMSA/MAS Spectral Data File
#VERSION     : 1.0
#TITLE       : A10_10keV_250616_1
#DATE        : 16-APR-2025
#TIME        : 09:53
#OWNER       : 
#NPOINTS     : 2048.0
#NCOLUMNS    : 1.0
#XUNITS      : keV
#YUNITS      : counts
#DATATYPE    : XY
#XPERCHAN    : 0.005
#OFFSET      : -0.1
#SIGNALTYPE  : EDS
#CHOFFSET    : 20.0
#LIVETIME    : 60.02399826
#REALTIME    : 60.481708527
#BEAMKV      : 10.0
#MAGCAM      : 600.0
#XTILTSTGE   : 0.0
#AZIMANGLE   : 0.0
#ELEVANGLE   : 29.0
#XPOSITION mm: 1.6428
#YPOSITION mm: -0.1045
#ZPOSITION mm: 13.4020
##OXINSTPT   : 2
##OXINSTSTROB: 67.56
##OXINSTNDET : 1
##OXINSTELEMS: 20,22
##OXINSTLABEL: 20, 3.692, Ca
##OXINSTLABEL: 20, 4.013, Ca
##OXINSTLABEL: 20, 0.341, Ca
##OXINSTLABEL: 20, 0.303, Ca
##OXINSTLABEL: 22, 4.511, Ti
##OXINSTLABEL: 22, 4.932, Ti
##OXINSTLABEL: 22, 0.452, Ti
##OXINSTLABEL: 22, 0.395, Ti
#SPECTRUM    : Spectral Data Starts Here
-0.10000, 0.0
-0.09500, 0.0
-0.09000, 0.0
-0.08500, 0.0
-0.08000, 0.0
-0.07500, 1.0
-0.07000, 2.0
-0.06500, 3.0
-0.06000, 2.0
-0.05500, 6.0
-0.05000, 9.0
-0.04500, 18.0
-0.04000, 37.0
-0.03500, 47.0
-0.03000, 73.0
-0.02500, 88.0
-0.02000, 130.0
-0.01500, 185.0
-0.01000, 247.0
-0.00500, 327.0
0.00000, 365.0
0.00500, 486.0
0.01000, 581.0
0.01500, 696.0
0.02000, 783.0
0.02500, 832.0
0.03000, 947.0
0.03500, 1050.0
0.04000, 1136.0
0.04500, 1105.0
0.05000, 1087.0
0.05500, 1077.0
0.06000, 1054.0
0.06500, 971.0
0.07000, 894.0
0.07500, 819.0
0.08000, 697.0
0.08500, 576.0
0.09000, 482.0
0.09500, 403.0
0.10000, 298.0
0.10500, 250.0
0.11000, 215.0
0.11500, 188.0
0.12000, 167.0
0.12500, 148.0
0.13000, 133.0
0.13500, 155.0
0.14000, 170.0
0.14500, 183.0
0.15000, 185.0
0.15500, 183.0
0.16000, 187.0
0.16500, 174.0
0.17000, 183.0
0.17500, 141.0
0.18000, 122.0
0.18500, 134.0
0.19000, 130.0
0.19500, 112.0
0.20000, 92.0
0.20500, 83.0
0.21000, 69.0
0.21500, 63.0
0.22000, 67.0
0.22500, 69.0
0.23000, 57.0
0.23500, 53.0
0.24000, 53.0
0.24500, 58.0
0.25000, 48.0
0.25500, 37.0
0.26000, 37.0
0.26500, 50.0
0.27000, 39.0
0.27500, 41.0
0.28000, 37.0
0.28500, 34.0
0.29000, 36.0
0.29500, 32.0
0.30000, 26.0
0.30500, 31.0
0.31000, 31.0
0.31500, 25.0
0.32000, 22.0
0.32500, 18.0
0.33000, 19.0
0.33500, 12.0
0.34000, 17.0
0.34500, 12.0
0.35000, 11.0
0.35500, 19.0
0.36000, 17.0
0.36500, 18.0
0.37000, 15.0
0.37500, 16.0
0.38000, 12.0
0.38500, 13.0
0.39000, 15.0
0.39500, 17.0
0.40000, 16.0
0.40500, 11.0
0.41000, 17.0
0.41500, 17.0
0.42000, 18.0
0.42500, 15.0
0.43000, 23.0
0.43500, 20.0
0.44000, 16.0
0.44500, 19.0
0.45000, 22.0
0.45500, 18.0
0.46000, 24.0
0.46500, 18.0
0.47000, 19.0
0.47500, 24.0
0.48000, 23.0
0.48500, 27.0
0.49000, 33.0
0.49500, 29.0
0.50000, 41.0
0.50500, 42.0
0.51000, 34.0
0.51500, 48.0
0.52000, 49.0
0.52500, 49.0
0.53000, 59.0
0.53500, 68.0
0.54000, 68.0
0.54500, 66.0
0.55000, 59.0
0.55500, 50.0
0.56000, 60.0
0.56500, 69.0
0.57000, 62.0
0.57500, 54.0
0.58000, 65.0
0.58500, 64.0
0.59000, 57.0
0.59500, 53.0
0.60000, 43.0
0.60500, 53.0
0.61000, 52.0
0.61500, 47.0
0.62000, 42.0
0.62500, 36.0
0.63000, 42.0
0.63500, 37.0
0.64000, 35.0
0.64500, 31.0
0.65000, 50.0
0.65500, 47.0
0.66000, 42.0
0.66500, 38.0
0.67000, 43.0
0.67500, 44.0
0.68000, 34.0
0.68500, 36.0
0.69000, 49.0
0.69500, 37.0
0.70000, 37.0
0.70500, 42.0
0.71000, 52.0
0.71500, 38.0
0.72000, 42.0
0.72500, 41.0
0.73000, 42.0
0.73500, 37.0
0.74000, 47.0
0.74500, 45.0
0.75000, 51.0
0.75500, 53.0
0.76000, 49.0
0.76500, 47.0
0.77000, 47.0
0.77500, 48.0
0.78000, 50.0
0.78500, 45.0
0.79000, 52.0
0.79500, 51.0
0.80000, 48.0
0.80500, 49.0
0.81000, 55.0
0.81500, 56.0
0.82000, 43.0
0.82500, 54.0
0.83000, 56.0
0.83500, 48.0
0.84000, 48.0
0.84500, 46.0
0.85000, 51.0
0.85500, 46.0
0.86000, 48.0
0.86500, 61.0
0.87000, 48.0
0.87500, 40.0
0.88000, 49.0
0.88500, 43.0
0.89000, 51.0
0.89500, 51.0
0.90000, 52.0
0.90500, 56.0
0.91000, 46.0
0.91500, 53.0
0.92000, 52.0
0.92500, 58.0
0.93000, 58.0
0.93500, 54.0
0.94000, 51.0
0.94500, 56.0
0.95000, 52.0
0.95500, 46.0
0.96000, 53.0
0.96500, 48.0
0.97000, 50.0
0.97500, 53.0
0.98000, 60.0
0.98500, 58.0
0.99000, 59.0
0.99500, 59.0
1.00000, 53.0
1.00500, 50.0
1.01000, 47.0
1.01500, 53.0
1.02000, 53.0
1.02500, 52.0
1.03000, 49.0
1.03500, 57.0
1.04000, 58.0
1.04500, 62.0
1.05000, 58.0
1.05500, 59.0
1.06000, 55.0
1.06500, 56.0
1.07000, 51.0
1.07500, 63.0
1.08000, 54.0
1.08500, 52.0
1.09000, 59.0
1.09500, 64.0
1.10000, 57.0
1.10500, 65.0
1.11000, 53.0
1.11500, 50.0
1.12000, 68.0
1.12500, 64.0
1.13000, 55.0
1.13500, 53.0
1.14000, 65.0
1.14500, 60.0
1.15000, 52.0
1.15500, 68.0
1.16000, 52.0
1.16500, 62.0
1.17000, 69.0
1.17500, 59.0
1.18000, 57.0
1.18500, 64.0
1.19000, 56.0
1.19500, 63.0
1.20000, 59.0
1.20500, 63.0
1.21000, 49.0
1.21500, 54.0
1.22000, 55.0
1.22500, 55.0
1.23000, 54.0
1.23500, 57.0
1.24000, 42.0
1.24500, 70.0
1.25000, 52.0
1.25500, 51.0
1.26000, 60.0
1.26500, 64.0
1.27000, 56.0
1.27500, 59.0
1.28000, 70.0
1.28500, 59.0
1.29000, 61.0
1.29500, 60.0
1.30000, 65.0
1.30500, 65.0
1.31000, 74.0
1.31500, 68.0
1.32000, 61.0
1.32500, 54.0
1.33000, 63.0
1.33500, 51.0
1.34000, 50.0
1.34500, 66.0
1.35000, 55.0
1.35500, 41.0
1.36000, 53.0
1.36500, 51.0
1.37000, 56.0
1.37500, 55.0
1.38000, 69.0
1.38500, 72.0
1.39000, 68.0
1.39500, 55.0
1.40000, 54.0
1.40500, 73.0
1.41000, 63.0
1.41500, 62.0
1.42000, 56.0
1.42500, 52.0
1.43000, 61.0
1.43500, 57.0
1.44000, 56.0
1.44500, 61.0
1.45000, 69.0
1.45500, 59.0
1.46000, 62.0
1.46500, 56.0
1.47000, 57.0
1.47500, 66.0
1.48000, 58.0
1.48500, 53.0
1.49000, 61.0
1.49500, 58.0
1.50000, 54.0
1.50500, 55.0
1.51000, 44.0
1.51500, 56.0
1.52000, 41.0
1.52500, 43.0
1.53000, 44.0
1.53500, 44.0
1.54000, 55.0
1.54500, 54.0
1.55000, 65.0
1.55500, 53.0
1.56000, 50.0
1.56500, 61.0
1.57000, 58.0
1.57500, 62.0
1.58000, 49.0
1.58500, 51.0
1.59000, 58.0
1.59500, 52.0
1.60000, 57.0
1.60500, 54.0
1.61000, 52.0
1.61500, 59.0
1.62000, 54.0
1.62500, 49.0
1.63000, 49.0
1.63500, 63.0
1.64000, 58.0
1.64500, 57.0
1.65000, 61.0
1.65500, 50.0
1.66000, 58.0
1.66500, 49.0
1.67000, 53.0
1.67500, 52.0
1.68000, 66.0
1.68500, 61.0
1.69000, 67.0
1.69500, 76.0
1.70000, 68.0
1.70500, 71.0
1.71000, 70.0
1.71500, 66.0
1.72000, 51.0
1.72500, 76.0
1.73000, 89.0
1.73500, 78.0
1.74000, 89.0
1.74500, 81.0
1.75000, 80.0
1.75500, 79.0
1.76000, 77.0
1.76500, 68.0
1.77000, 64.0
1.77500, 57.0
1.78000, 63.0
1.78500, 55.0
1.79000, 67.0
1.79500, 58.0
1.80000, 63.0
1.80500, 58.0
1.81000, 59.0
1.81500, 66.0
1.82000, 66.0
1.82500, 48.0
1.83000, 43.0
1.83500, 46.0
1.84000, 51.0
1.84500, 47.0
1.85000, 52.0
1.85500, 42.0
1.86000, 50.0
1.86500, 48.0
1.87000, 45.0
1.87500, 42.0
1.88000, 48.0
1.88500, 43.0
1.89000, 44.0
1.89500, 47.0
1.90000, 42.0
1.90500, 46.0
1.91000, 43.0
1.91500, 42.0
1.92000, 51.0
1.92500, 51.0
1.93000, 47.0
1.93500, 56.0
1.94000, 58.0
1.94500, 51.0
1.95000, 48.0
1.95500, 60.0
1.96000, 75.0
1.96500, 75.0
1.97000, 73.0
1.97500, 61.0
1.98000, 60.0
1.98500, 73.0
1.99000, 84.0
1.99500, 70.0
2.00000, 73.0
2.00500, 72.0
2.01000, 74.0
2.01500, 86.0
2.02000, 79.0
2.02500, 70.0
2.03000, 72.0
2.03500, 75.0
2.04000, 76.0
2.04500, 68.0
2.05000, 76.0
2.05500, 66.0
2.06000, 81.0
2.06500, 67.0
2.07000, 64.0
2.07500, 67.0
2.08000, 66.0
2.08500, 61.0
2.09000, 58.0
2.09500, 62.0
2.10000, 54.0
2.10500, 54.0
2.11000, 51.0
2.11500, 51.0
2.12000, 46.0
2.12500, 55.0
2.13000, 64.0
2.13500, 61.0
2.14000, 55.0
2.14500, 58.0
2.15000, 51.0
2.15500, 57.0
2.16000, 55.0
2.16500, 59.0
2.17000, 74.0
2.17500, 83.0
2.18000, 90.0
2.18500, 99.0
2.19000, 114.0
2.19500, 130.0
2.20000, 161.0
2.20500, 176.0
2.21000, 206.0
2.21500, 288.0
2.22000, 334.0
2.22500, 377.0
2.23000, 465.0
2.23500, 540.0
2.24000, 653.0
2.24500, 767.0
2.25000, 866.0
2.25500, 1008.0
2.26000, 1112.0
2.26500, 1309.0
2.27000, 1444.0
2.27500, 1512.0
2.28000, 1629.0
2.28500, 1787.0
2.29000, 1790.0
2.29500, 1859.0
2.30000, 1939.0
2.30500, 1897.0
2.31000, 1916.0
2.31500, 1889.0
2.32000, 1895.0
2.32500, 1758.0
2.33000, 1749.0
2.33500, 1675.0
2.34000, 1579.0
2.34500, 1422.0
2.35000, 1323.0
2.35500, 1206.0
2.36000, 1107.0
2.36500, 1051.0
2.37000, 949.0
2.37500, 866.0
2.38000, 753.0
2.38500, 702.0
2.39000, 637.0
2.39500, 585.0
2.40000, 534.0
2.40500, 503.0
2.41000, 507.0
2.41500, 438.0
2.42000, 408.0
2.42500, 423.0
2.43000, 374.0
2.43500, 354.0
2.44000, 356.0
2.44500, 321.0
2.45000, 317.0
2.45500, 274.0
2.46000, 283.0
2.46500, 255.0
2.47000, 224.0
2.47500, 235.0
2.48000, 218.0
2.48500, 220.0
2.49000, 183.0
2.49500, 191.0
2.50000, 189.0
2.50500, 172.0
2.51000, 141.0
2.51500, 144.0
2.52000, 110.0
2.52500, 125.0
2.53000, 111.0
2.53500, 104.0
2.54000, 83.0
2.54500, 88.0
2.55000, 75.0
2.55500, 57.0
2.56000, 57.0
2.56500, 49.0
2.57000, 53.0
2.57500, 51.0
2.58000, 48.0
2.58500, 45.0
2.59000, 47.0
2.59500, 43.0
2.60000, 41.0
2.60500, 37.0
2.61000, 39.0
2.61500, 41.0
2.62000, 31.0
2.62500, 37.0
2.63000, 32.0
2.63500, 29.0
2.64000, 41.0
2.64500, 32.0
2.65000, 31.0
2.65500, 26.0
2.66000, 27.0
2.66500, 21.0
2.67000, 23.0
2.67500, 26.0
2.68000, 28.0
2.68500, 24.0
2.69000, 19.0
2.69500, 21.0
2.70000, 25.0
2.70500, 23.0
2.71000, 21.0
2.71500, 26.0
2.72000, 23.0
2.72500, 22.0
2.73000, 17.0
2.73500, 25.0
2.74000, 21.0
2.74500, 20.0
2.75000, 26.0
2.75500, 22.0
2.76000, 28.0
2.76500, 26.0
2.77000, 26.0
2.77500, 26.0
2.78000, 27.0
2.78500, 27.0
2.79000, 26.0
2.79500, 35.0
2.80000, 26.0
2.80500, 34.0
2.81000, 26.0
2.81500, 27.0
2.82000, 36.0
2.82500, 30.0
2.83000, 31.0
2.83500, 24.0
2.84000, 18.0
2.84500, 27.0
2.85000, 32.0
2.85500, 30.0
2.86000, 30.0
2.86500, 30.0
2.87000, 17.0
2.87500, 22.0
2.88000, 30.0
2.88500, 19.0
2.89000, 33.0
2.89500, 23.0
2.90000, 18.0
2.90500, 23.0
2.91000, 30.0
2.91500, 22.0
2.92000, 21.0
2.92500, 22.0
2.93000, 25.0
2.93500, 25.0
2.94000, 22.0
2.94500, 24.0
2.95000, 27.0
2.95500, 27.0
2.96000, 20.0
2.96500, 20.0
2.97000, 26.0
2.97500, 19.0
2.98000, 20.0
2.98500, 26.0
2.99000, 20.0
2.99500, 16.0
3.00000, 20.0
3.00500, 24.0
3.01000, 23.0
3.01500, 22.0
3.02000, 14.0
3.02500, 25.0
3.03000, 20.0
3.03500, 19.0
3.04000, 18.0
3.04500, 21.0
3.05000, 29.0
3.05500, 31.0
3.06000, 23.0
3.06500, 21.0
3.07000, 12.0
3.07500, 21.0
3.08000, 18.0
3.08500, 23.0
3.09000, 24.0
3.09500, 25.0
3.10000, 22.0
3.10500, 19.0
3.11000, 24.0
3.11500, 22.0
3.12000, 23.0
3.12500, 20.0
3.13000, 17.0
3.13500, 18.0
3.14000, 20.0
3.14500, 21.0
3.15000, 18.0
3.15500, 19.0
3.16000, 16.0
3.16500, 19.0
3.17000, 17.0
3.17500, 21.0
3.18000, 20.0
3.18500, 22.0
3.19000, 25.0
3.19500, 18.0
3.20000, 17.0
3.20500, 14.0
3.21000, 11.0
3.21500, 18.0
3.22000, 18.0
3.22500, 21.0
3.23000, 16.0
3.23500, 17.0
3.24000, 20.0
3.24500, 32.0
3.25000, 24.0
3.25500, 20.0
3.26000, 22.0
3.26500, 21.0
3.27000, 19.0
3.27500, 22.0
3.28000, 21.0
3.28500, 22.0
3.29000, 15.0
3.29500, 19.0
3.30000, 24.0
3.30500, 19.0
3.31000, 20.0
3.31500, 20.0
3.32000, 18.0
3.32500, 22.0
3.33000, 27.0
3.33500, 23.0
3.34000, 24.0
3.34500, 19.0
3.35000, 14.0
3.35500, 13.0
3.36000, 16.0
3.36500, 23.0
3.37000, 19.0
3.37500, 20.0
3.38000, 19.0
3.38500, 17.0
3.39000, 19.0
3.39500, 16.0
3.40000, 22.0
3.40500, 10.0
3.41000, 16.0
3.41500, 24.0
3.42000, 16.0
3.42500, 14.0
3.43000, 18.0
3.43500, 20.0
3.44000, 15.0
3.44500, 14.0
3.45000, 14.0
3.45500, 18.0
3.46000, 21.0
3.46500, 17.0
3.47000, 14.0
3.47500, 22.0
3.48000, 16.0
3.48500, 18.0
3.49000, 23.0
3.49500, 16.0
3.50000, 19.0
3.50500, 22.0
3.51000, 20.0
3.51500, 16.0
3.52000, 13.0
3.52500, 15.0
3.53000, 12.0
3.53500, 14.0
3.54000, 23.0
3.54500, 16.0
3.55000, 14.0
3.55500, 13.0
3.56000, 17.0
3.56500, 19.0
3.57000, 15.0
3.57500, 14.0
3.58000, 16.0
3.58500, 25.0
3.59000, 22.0
3.59500, 22.0
3.60000, 11.0
3.60500, 19.0
3.61000, 14.0
3.61500, 24.0
3.62000, 21.0
3.62500, 16.0
3.63000, 28.0
3.63500, 17.0
3.64000, 18.0
3.64500, 22.0
3.65000, 17.0
3.65500, 14.0
3.66000, 21.0
3.66500, 18.0
3.67000, 18.0
3.67500, 22.0
3.68000, 19.0
3.68500, 24.0
3.69000, 16.0
3.69500, 18.0
3.70000, 10.0
3.70500, 21.0
3.71000, 14.0
3.71500, 14.0
3.72000, 21.0
3.72500, 17.0
3.73000, 20.0
3.73500, 16.0
3.74000, 15.0
3.74500, 22.0
3.75000, 25.0
3.75500, 17.0
3.76000, 15.0
3.76500, 21.0
3.77000, 14.0
3.77500, 8.0
3.78000, 12.0
3.78500, 26.0
3.79000, 20.0
3.79500, 16.0
3.80000, 13.0
3.80500, 17.0
3.81000, 17.0
3.81500, 20.0
3.82000, 14.0
3.82500, 15.0
3.83000, 22.0
3.83500, 18.0
3.84000, 12.0
3.84500, 15.0
3.85000, 20.0
3.85500, 12.0
3.86000, 18.0
3.86500, 17.0
3.87000, 16.0
3.87500, 20.0
3.88000, 9.0
3.88500, 19.0
3.89000, 11.0
3.89500, 18.0
3.90000, 19.0
3.90500, 15.0
3.91000, 17.0
3.91500, 18.0
3.92000, 20.0
3.92500, 15.0
3.93000, 16.0
3.93500, 19.0
3.94000, 21.0
3.94500, 17.0
3.95000, 15.0
3.95500, 17.0
3.96000, 14.0
3.96500, 16.0
3.97000, 15.0
3.97500, 16.0
3.98000, 14.0
3.98500, 10.0
3.99000, 11.0
3.99500, 15.0
4.00000, 19.0
4.00500, 17.0
4.01000, 20.0
4.01500, 16.0
4.02000, 16.0
4.02500, 15.0
4.03000, 16.0
4.03500, 11.0
4.04000, 21.0
4.04500, 17.0
4.05000, 15.0
4.05500, 14.0
4.06000, 20.0
4.06500, 15.0
4.07000, 15.0
4.07500, 19.0
4.08000, 17.0
4.08500, 12.0
4.09000, 16.0
4.09500, 21.0
4.10000, 14.0
4.10500, 11.0
4.11000, 15.0
4.11500, 21.0
4.12000, 21.0
4.12500, 16.0
4.13000, 21.0
4.13500, 11.0
4.14000, 15.0
4.14500, 13.0
4.15000, 13.0
4.15500, 14.0
4.16000, 16.0
4.16500, 16.0
4.17000, 13.0
4.17500, 6.0
4.18000, 15.0
4.18500, 12.0
4.19000, 11.0
4.19500, 13.0
4.20000, 13.0
4.20500, 8.0
4.21000, 21.0
4.21500, 17.0
4.22000, 18.0
4.22500, 15.0
4.23000, 9.0
4.23500, 16.0
4.24000, 12.0
4.24500, 16.0
4.25000, 11.0
4.25500, 15.0
4.26000, 17.0
4.26500, 21.0
4.27000, 15.0
4.27500, 14.0
4.28000, 22.0
4.28500, 8.0
4.29000, 16.0
4.29500, 16.0
4.30000, 11.0
4.30500, 18.0
4.31000, 13.0
4.31500, 13.0
4.32000, 10.0
4.32500, 18.0
4.33000, 13.0
4.33500, 14.0
4.34000, 15.0
4.34500, 13.0
4.35000, 16.0
4.35500, 21.0
4.36000, 18.0
4.36500, 13.0
4.37000, 14.0
4.37500, 18.0
4.38000, 13.0
4.38500, 13.0
4.39000, 14.0
4.39500, 10.0
4.40000, 7.0
4.40500, 16.0
4.41000, 12.0
4.41500, 13.0
4.42000, 15.0
4.42500, 12.0
4.43000, 17.0
4.43500, 9.0
4.44000, 16.0
4.44500, 12.0
4.45000, 15.0
4.45500, 21.0
4.46000, 17.0
4.46500, 11.0
4.47000, 12.0
4.47500, 12.0
4.48000, 17.0
4.48500, 9.0
4.49000, 17.0
4.49500, 13.0
4.50000, 18.0
4.50500, 15.0
4.51000, 17.0
4.51500, 15.0
4.52000, 10.0
4.52500, 8.0
4.53000, 9.0
4.53500, 11.0
4.54000, 16.0
4.54500, 17.0
4.55000, 11.0
4.55500, 8.0
4.56000, 10.0
4.56500, 11.0
4.57000, 13.0
4.57500, 14.0
4.58000, 18.0
4.58500, 18.0
4.59000, 13.0
4.59500, 15.0
4.60000, 15.0
4.60500, 15.0
4.61000, 17.0
4.61500, 11.0
4.62000, 17.0
4.62500, 13.0
4.63000, 15.0
4.63500, 13.0
4.64000, 10.0
4.64500, 13.0
4.65000, 15.0
4.65500, 12.0
4.66000, 16.0
4.66500, 14.0
4.67000, 16.0
4.67500, 11.0
4.68000, 8.0
4.68500, 14.0
4.69000, 10.0
4.69500, 16.0
4.70000, 10.0
4.70500, 16.0
4.71000, 13.0
4.71500, 15.0
4.72000, 18.0
4.72500, 9.0
4.73000, 12.0
4.73500, 15.0
4.74000, 17.0
4.74500, 16.0
4.75000, 8.0
4.75500, 13.0
4.76000, 6.0
4.76500, 12.0
4.77000, 16.0
4.77500, 16.0
4.78000, 11.0
4.78500, 19.0
4.79000, 13.0
4.79500, 8.0
4.80000, 17.0
4.80500, 11.0
4.81000, 7.0
4.81500, 14.0
4.82000, 9.0
4.82500, 15.0
4.83000, 9.0
4.83500, 14.0
4.84000, 12.0
4.84500, 8.0
4.85000, 11.0
4.85500, 10.0
4.86000, 10.0
4.86500, 8.0
4.87000, 15.0
4.87500, 14.0
4.88000, 9.0
4.88500, 10.0
4.89000, 9.0
4.89500, 14.0
4.90000, 7.0
4.90500, 13.0
4.91000, 12.0
4.91500, 11.0
4.92000, 18.0
4.92500, 12.0
4.93000, 11.0
4.93500, 15.0
4.94000, 15.0
4.94500, 14.0
4.95000, 10.0
4.95500, 14.0
4.96000, 13.0
4.96500, 16.0
4.97000, 11.0
4.97500, 11.0
4.98000, 13.0
4.98500, 9.0
4.99000, 14.0
4.99500, 11.0
5.00000, 10.0
5.00500, 13.0
5.01000, 13.0
5.01500, 17.0
5.02000, 14.0
5.02500, 14.0
5.03000, 17.0
5.03500, 5.0
5.04000, 7.0
5.04500, 9.0
5.05000, 9.0
5.05500, 10.0
5.06000, 7.0
5.06500, 10.0
5.07000, 15.0
5.07500, 11.0
5.08000, 9.0
5.08500, 7.0
5.09000, 8.0
5.09500, 11.0
5.10000, 15.0
5.10500, 11.0
5.11000, 8.0
5.11500, 10.0
5.12000, 9.0
5.12500, 16.0
5.13000, 11.0
5.13500, 15.0
5.14000, 12.0
5.14500, 15.0
5.15000, 11.0
5.15500, 16.0
5.16000, 9.0
5.16500, 17.0
5.17000, 12.0
5.17500, 14.0
5.18000, 11.0
5.18500, 10.0
5.19000, 8.0
5.19500, 8.0
5.20000, 9.0
5.20500, 8.0
5.21000, 14.0
5.21500, 9.0
5.22000, 14.0
5.22500, 12.0
5.23000, 7.0
5.23500, 13.0
5.24000, 13.0
5.24500, 7.0
5.25000, 10.0
5.25500, 13.0
5.26000, 7.0
5.26500, 8.0
5.27000, 7.0
5.27500, 13.0
5.28000, 12.0
5.28500, 11.0
5.29000, 11.0
5.29500, 7.0
5.30000, 8.0
5.30500, 14.0
5.31000, 11.0
5.31500, 8.0
5.32000, 10.0
5.32500, 11.0
5.33000, 12.0
5.33500, 12.0
5.34000, 10.0
5.34500, 15.0
5.35000, 11.0
5.35500, 20.0
5.36000, 10.0
5.36500, 13.0
5.37000, 5.0
5.37500, 9.0
5.38000, 12.0
5.38500, 21.0
5.39000, 11.0
5.39500, 11.0
5.40000, 16.0
5.40500, 4.0
5.41000, 9.0
5.41500, 12.0
5.42000, 10.0
5.42500, 10.0
5.43000, 10.0
5.43500, 10.0
5.44000, 8.0
5.44500, 7.0
5.45000, 12.0
5.45500, 9.0
5.46000, 10.0
5.46500, 3.0
5.47000, 13.0
5.47500, 9.0
5.48000, 8.0
5.48500, 9.0
5.49000, 5.0
5.49500, 10.0
5.50000, 10.0
5.50500, 12.0
5.51000, 6.0
5.51500, 12.0
5.52000, 12.0
5.52500, 11.0
5.53000, 6.0
5.53500, 10.0
5.54000, 3.0
5.54500, 4.0
5.55000, 7.0
5.55500, 14.0
5.56000, 11.0
5.56500, 7.0
5.57000, 7.0
5.57500, 7.0
5.58000, 13.0
5.58500, 7.0
5.59000, 11.0
5.59500, 14.0
5.60000, 7.0
5.60500, 10.0
5.61000, 8.0
5.61500, 6.0
5.62000, 4.0
5.62500, 9.0
5.63000, 5.0
5.63500, 12.0
5.64000, 14.0
5.64500, 10.0
5.65000, 4.0
5.65500, 11.0
5.66000, 5.0
5.66500, 2.0
5.67000, 3.0
5.67500, 7.0
5.68000, 9.0
5.68500, 5.0
5.69000, 9.0
5.69500, 2.0
5.70000, 6.0
5.70500, 6.0
5.71000, 5.0
5.71500, 2.0
5.72000, 11.0
5.72500, 12.0
5.73000, 12.0
5.73500, 9.0
5.74000, 9.0
5.74500, 11.0
5.75000, 13.0
5.75500, 7.0
5.76000, 20.0
5.76500, 11.0
5.77000, 9.0
5.77500, 6.0
5.78000, 9.0
5.78500, 8.0
5.79000, 6.0
5.79500, 9.0
5.80000, 10.0
5.80500, 4.0
5.81000, 8.0
5.81500, 9.0
5.82000, 12.0
5.82500, 10.0
5.83000, 4.0
5.83500, 7.0
5.84000, 6.0
5.84500, 5.0
5.85000, 7.0
5.85500, 8.0
5.86000, 8.0
5.86500, 11.0
5.87000, 7.0
5.87500, 7.0
5.88000, 7.0
5.88500, 5.0
5.89000, 10.0
5.89500, 6.0
5.90000, 7.0
5.90500, 12.0
5.91000, 8.0
5.91500, 4.0
5.92000, 11.0
5.92500, 11.0
5.93000, 10.0
5.93500, 10.0
5.94000, 7.0
5.94500, 8.0
5.95000, 7.0
5.95500, 12.0
5.96000, 7.0
5.96500, 8.0
5.97000, 8.0
5.97500, 8.0
5.98000, 16.0
5.98500, 7.0
5.99000, 5.0
5.99500, 10.0
6.00000, 7.0
6.00500, 8.0
6.01000, 3.0
6.01500, 8.0
6.02000, 9.0
6.02500, 12.0
6.03000, 11.0
6.03500, 9.0
6.04000, 6.0
6.04500, 9.0
6.05000, 5.0
6.05500, 6.0
6.06000, 9.0
6.06500, 12.0
6.07000, 6.0
6.07500, 8.0
6.08000, 11.0
6.08500, 14.0
6.09000, 12.0
6.09500, 10.0
6.10000, 10.0
6.10500, 3.0
6.11000, 4.0
6.11500, 7.0
6.12000, 5.0
6.12500, 12.0
6.13000, 6.0
6.13500, 9.0
6.14000, 7.0
6.14500, 5.0
6.15000, 4.0
6.15500, 4.0
6.16000, 6.0
6.16500, 11.0
6.17000, 3.0
6.17500, 13.0
6.18000, 8.0
6.18500, 7.0
6.19000, 8.0
6.19500, 8.0
6.20000, 8.0
6.20500, 9.0
6.21000, 8.0
6.21500, 6.0
6.22000, 8.0
6.22500, 7.0
6.23000, 8.0
6.23500, 6.0
6.24000, 6.0
6.24500, 12.0
6.25000, 5.0
6.25500, 6.0
6.26000, 3.0
6.26500, 3.0
6.27000, 13.0
6.27500, 4.0
6.28000, 9.0
6.28500, 10.0
6.29000, 10.0
6.29500, 7.0
6.30000, 11.0
6.30500, 7.0
6.31000, 5.0
6.31500, 5.0
6.32000, 13.0
6.32500, 5.0
6.33000, 7.0
6.33500, 9.0
6.34000, 4.0
6.34500, 8.0
6.35000, 7.0
6.35500, 6.0
6.36000, 5.0
6.36500, 6.0
6.37000, 5.0
6.37500, 5.0
6.38000, 3.0
6.38500, 3.0
6.39000, 4.0
6.39500, 7.0
6.40000, 4.0
6.40500, 8.0
6.41000, 5.0
6.41500, 9.0
6.42000, 6.0
6.42500, 7.0
6.43000, 6.0
6.43500, 8.0
6.44000, 10.0
6.44500, 8.0
6.45000, 4.0
6.45500, 4.0
6.46000, 6.0
6.46500, 4.0
6.47000, 5.0
6.47500, 6.0
6.48000, 4.0
6.48500, 2.0
6.49000, 10.0
6.49500, 9.0
6.50000, 2.0
6.50500, 5.0
6.51000, 10.0
6.51500, 5.0
6.52000, 5.0
6.52500, 4.0
6.53000, 7.0
6.53500, 7.0
6.54000, 7.0
6.54500, 4.0
6.55000, 8.0
6.55500, 6.0
6.56000, 8.0
6.56500, 6.0
6.57000, 6.0
6.57500, 12.0
6.58000, 6.0
6.58500, 5.0
6.59000, 6.0
6.59500, 5.0
6.60000, 8.0
6.60500, 4.0
6.61000, 8.0
6.61500, 8.0
6.62000, 12.0
6.62500, 5.0
6.63000, 12.0
6.63500, 8.0
6.64000, 3.0
6.64500, 7.0
6.65000, 4.0
6.65500, 10.0
6.66000, 10.0
6.66500, 5.0
6.67000, 7.0
6.67500, 8.0
6.68000, 8.0
6.68500, 1.0
6.69000, 8.0
6.69500, 1.0
6.70000, 4.0
6.70500, 9.0
6.71000, 8.0
6.71500, 2.0
6.72000, 7.0
6.72500, 3.0
6.73000, 6.0
6.73500, 5.0
6.74000, 3.0
6.74500, 3.0
6.75000, 4.0
6.75500, 3.0
6.76000, 8.0
6.76500, 9.0
6.77000, 6.0
6.77500, 9.0
6.78000, 7.0
6.78500, 3.0
6.79000, 3.0
6.79500, 6.0
6.80000, 11.0
6.80500, 5.0
6.81000, 10.0
6.81500, 9.0
6.82000, 12.0
6.82500, 3.0
6.83000, 3.0
6.83500, 5.0
6.84000, 5.0
6.84500, 4.0
6.85000, 3.0
6.85500, 7.0
6.86000, 4.0
6.86500, 9.0
6.87000, 6.0
6.87500, 8.0
6.88000, 4.0
6.88500, 4.0
6.89000, 2.0
6.89500, 6.0
6.90000, 6.0
6.90500, 2.0
6.91000, 4.0
6.91500, 8.0
6.92000, 3.0
6.92500, 9.0
6.93000, 6.0
6.93500, 11.0
6.94000, 10.0
6.94500, 6.0
6.95000, 7.0
6.95500, 7.0
6.96000, 4.0
6.96500, 5.0
6.97000, 7.0
6.97500, 6.0
6.98000, 4.0
6.98500, 3.0
6.99000, 3.0
6.99500, 9.0
7.00000, 7.0
7.00500, 9.0
7.01000, 6.0
7.01500, 5.0
7.02000, 4.0
7.02500, 3.0
7.03000, 4.0
7.03500, 1.0
7.04000, 9.0
7.04500, 2.0
7.05000, 7.0
7.05500, 6.0
7.06000, 4.0
7.06500, 5.0
7.07000, 6.0
7.07500, 8.0
7.08000, 6.0
7.08500, 8.0
7.09000, 2.0
7.09500, 12.0
7.10000, 3.0
7.10500, 6.0
7.11000, 5.0
7.11500, 9.0
7.12000, 8.0
7.12500, 7.0
7.13000, 5.0
7.13500, 6.0
7.14000, 3.0
7.14500, 3.0
7.15000, 3.0
7.15500, 5.0
7.16000, 2.0
7.16500, 3.0
7.17000, 7.0
7.17500, 3.0
7.18000, 4.0
7.18500, 6.0
7.19000, 6.0
7.19500, 8.0
7.20000, 5.0
7.20500, 5.0
7.21000, 2.0
7.21500, 1.0
7.22000, 3.0
7.22500, 7.0
7.23000, 3.0
7.23500, 3.0
7.24000, 4.0
7.24500, 5.0
7.25000, 7.0
7.25500, 6.0
7.26000, 1.0
7.26500, 10.0
7.27000, 3.0
7.27500, 6.0
7.28000, 5.0
7.28500, 11.0
7.29000, 2.0
7.29500, 5.0
7.30000, 1.0
7.30500, 8.0
7.31000, 6.0
7.31500, 5.0
7.32000, 7.0
7.32500, 4.0
7.33000, 5.0
7.33500, 4.0
7.34000, 2.0
7.34500, 4.0
7.35000, 8.0
7.35500, 2.0
7.36000, 8.0
7.36500, 1.0
7.37000, 3.0
7.37500, 6.0
7.38000, 2.0
7.38500, 5.0
7.39000, 8.0
7.39500, 1.0
7.40000, 8.0
7.40500, 4.0
7.41000, 3.0
7.41500, 4.0
7.42000, 5.0
7.42500, 8.0
7.43000, 4.0
7.43500, 7.0
7.44000, 4.0
7.44500, 5.0
7.45000, 4.0
7.45500, 4.0
7.46000, 6.0
7.46500, 1.0
7.47000, 3.0
7.47500, 9.0
7.48000, 2.0
7.48500, 5.0
7.49000, 2.0
7.49500, 3.0
7.50000, 10.0
7.50500, 4.0
7.51000, 3.0
7.51500, 7.0
7.52000, 6.0
7.52500, 4.0
7.53000, 6.0
7.53500, 7.0
7.54000, 5.0
7.54500, 3.0
7.55000, 4.0
7.55500, 4.0
7.56000, 1.0
7.56500, 4.0
7.57000, 2.0
7.57500, 4.0
7.58000, 2.0
7.58500, 4.0
7.59000, 2.0
7.59500, 4.0
7.60000, 7.0
7.60500, 3.0
7.61000, 11.0
7.61500, 6.0
7.62000, 5.0
7.62500, 4.0
7.63000, 3.0
7.63500, 3.0
7.64000, 4.0
7.64500, 5.0
7.65000, 4.0
7.65500, 5.0
7.66000, 4.0
7.66500, 4.0
7.67000, 5.0
7.67500, 3.0
7.68000, 4.0
7.68500, 0.0
7.69000, 6.0
7.69500, 6.0
7.70000, 4.0
7.70500, 2.0
7.71000, 5.0
7.71500, 5.0
7.72000, 4.0
7.72500, 2.0
7.73000, 5.0
7.73500, 5.0
7.74000, 2.0
7.74500, 4.0
7.75000, 4.0
7.75500, 3.0
7.76000, 3.0
7.76500, 2.0
7.77000, 4.0
7.77500, 2.0
7.78000, 7.0
7.78500, 2.0
7.79000, 4.0
7.79500, 3.0
7.80000, 4.0
7.80500, 4.0
7.81000, 5.0
7.81500, 7.0
7.82000, 3.0
7.82500, 2.0
7.83000, 4.0
7.83500, 4.0
7.84000, 1.0
7.84500, 2.0
7.85000, 4.0
7.85500, 1.0
7.86000, 5.0
7.86500, 1.0
7.87000, 1.0
7.87500, 9.0
7.88000, 4.0
7.88500, 3.0
7.89000, 3.0
7.89500, 4.0
7.90000, 2.0
7.90500, 2.0
7.91000, 6.0
7.91500, 3.0
7.92000, 3.0
7.92500, 3.0
7.93000, 3.0
7.93500, 4.0
7.94000, 4.0
7.94500, 1.0
7.95000, 6.0
7.95500, 5.0
7.96000, 3.0
7.96500, 9.0
7.97000, 3.0
7.97500, 2.0
7.98000, 2.0
7.98500, 4.0
7.99000, 6.0
7.99500, 4.0
8.00000, 3.0
8.00500, 4.0
8.01000, 3.0
8.01500, 5.0
8.02000, 4.0
8.02500, 2.0
8.03000, 7.0
8.03500, 3.0
8.04000, 5.0
8.04500, 1.0
8.05000, 6.0
8.05500, 2.0
8.06000, 6.0
8.06500, 4.0
8.07000, 2.0
8.07500, 2.0
8.08000, 4.0
8.08500, 8.0
8.09000, 2.0
8.09500, 1.0
8.10000, 3.0
8.10500, 4.0
8.11000, 2.0
8.11500, 4.0
8.12000, 5.0
8.12500, 5.0
8.13000, 5.0
8.13500, 3.0
8.14000, 7.0
8.14500, 2.0
8.15000, 3.0
8.15500, 4.0
8.16000, 4.0
8.16500, 1.0
8.17000, 3.0
8.17500, 1.0
8.18000, 3.0
8.18500, 2.0
8.19000, 7.0
8.19500, 4.0
8.20000, 3.0
8.20500, 7.0
8.21000, 1.0
8.21500, 4.0
8.22000, 4.0
8.22500, 2.0
8.23000, 2.0
8.23500, 4.0
8.24000, 3.0
8.24500, 0.0
8.25000, 1.0
8.25500, 4.0
8.26000, 2.0
8.26500, 3.0
8.27000, 1.0
8.27500, 2.0
8.28000, 2.0
8.28500, 7.0
8.29000, 1.0
8.29500, 1.0
8.30000, 2.0
8.30500, 3.0
8.31000, 3.0
8.31500, 7.0
8.32000, 2.0
8.32500, 2.0
8.33000, 4.0
8.33500, 2.0
8.34000, 4.0
8.34500, 3.0
8.35000, 2.0
8.35500, 4.0
8.36000, 3.0
8.36500, 2.0
8.37000, 1.0
8.37500, 1.0
8.38000, 2.0
8.38500, 4.0
8.39000, 5.0
8.39500, 4.0
8.40000, 3.0
8.40500, 5.0
8.41000, 2.0
8.41500, 1.0
8.42000, 3.0
8.42500, 3.0
8.43000, 4.0
8.43500, 1.0
8.44000, 5.0
8.44500, 3.0
8.45000, 4.0
8.45500, 2.0
8.46000, 1.0
8.46500, 3.0
8.47000, 3.0
8.47500, 1.0
8.48000, 2.0
8.48500, 2.0
8.49000, 0.0
8.49500, 0.0
8.50000, 6.0
8.50500, 1.0
8.51000, 1.0
8.51500, 2.0
8.52000, 3.0
8.52500, 1.0
8.53000, 5.0
8.53500, 1.0
8.54000, 2.0
8.54500, 3.0
8.55000, 4.0
8.55500, 3.0
8.56000, 3.0
8.56500, 1.0
8.57000, 2.0
8.57500, 1.0
8.58000, 2.0
8.58500, 4.0
8.59000, 2.0
8.59500, 0.0
8.60000, 4.0
8.60500, 0.0
8.61000, 3.0
8.61500, 3.0
8.62000, 1.0
8.62500, 2.0
8.63000, 1.0
8.63500, 5.0
8.64000, 1.0
8.64500, 4.0
8.65000, 3.0
8.65500, 4.0
8.66000, 2.0
8.66500, 4.0
8.67000, 2.0
8.67500, 2.0
8.68000, 3.0
8.68500, 0.0
8.69000, 5.0
8.69500, 3.0
8.70000, 2.0
8.70500, 1.0
8.71000, 4.0
8.71500, 1.0
8.72000, 4.0
8.72500, 2.0
8.73000, 2.0
8.73500, 2.0
8.74000, 5.0
8.74500, 2.0
8.75000, 3.0
8.75500, 3.0
8.76000, 3.0
8.76500, 0.0
8.77000, 3.0
8.77500, 5.0
8.78000, 0.0
8.78500, 3.0
8.79000, 2.0
8.79500, 1.0
8.80000, 0.0
8.80500, 3.0
8.81000, 3.0
8.81500, 0.0
8.82000, 0.0
8.82500, 2.0
8.83000, 0.0
8.83500, 2.0
8.84000, 2.0
8.84500, 0.0
8.85000, 3.0
8.85500, 2.0
8.86000, 3.0
8.86500, 5.0
8.87000, 0.0
8.87500, 5.0
8.88000, 1.0
8.88500, 1.0
8.89000, 2.0
8.89500, 1.0
8.90000, 1.0
8.90500, 2.0
8.91000, 1.0
8.91500, 3.0
8.92000, 1.0
8.92500, 3.0
8.93000, 2.0
8.93500, 1.0
8.94000, 3.0
8.94500, 1.0
8.95000, 0.0
8.95500, 1.0
8.96000, 1.0
8.96500, 2.0
8.97000, 4.0
8.97500, 1.0
8.98000, 6.0
8.98500, 1.0
8.99000, 1.0
8.99500, 2.0
9.00000, 4.0
9.00500, 1.0
9.01000, 1.0
9.01500, 3.0
9.02000, 4.0
9.02500, 1.0
9.03000, 1.0
9.03500, 0.0
9.04000, 1.0
9.04500, 4.0
9.05000, 1.0
9.05500, 0.0
9.06000, 3.0
9.06500, 2.0
9.07000, 3.0
9.07500, 2.0
9.08000, 1.0
9.08500, 2.0
9.09000, 4.0
9.09500, 2.0
9.10000, 0.0
9.10500, 2.0
9.11000, 2.0
9.11500, 2.0
9.12000, 1.0
9.12500, 3.0
9.13000, 4.0
9.13500, 4.0
9.14000, 3.0
9.14500, 1.0
9.15000, 0.0
9.15500, 3.0
9.16000, 2.0
9.16500, 2.0
9.17000, 3.0
9.17500, 1.0
9.18000, 0.0
9.18500, 1.0
9.19000, 2.0
9.19500, 0.0
9.20000, 2.0
9.20500, 1.0
9.21000, 2.0
9.21500, 0.0
9.22000, 2.0
9.22500, 1.0
9.23000, 3.0
9.23500, 1.0
9.24000, 2.0
9.24500, 2.0
9.25000, 1.0
9.25500, 0.0
9.26000, 3.0
9.26500, 0.0
9.27000, 1.0
9.27500, 1.0
9.28000, 1.0
9.28500, 0.0
9.29000, 1.0
9.29500, 1.0
9.30000, 1.0
9.30500, 1.0
9.31000, 0.0
9.31500, 4.0
9.32000, 1.0
9.32500, 1.0
9.33000, 0.0
9.33500, 4.0
9.34000, 2.0
9.34500, 2.0
9.35000, 3.0
9.35500, 2.0
9.36000, 1.0
9.36500, 1.0
9.37000, 1.0
9.37500, 3.0
9.38000, 0.0
9.38500, 3.0
9.39000, 2.0
9.39500, 0.0
9.40000, 0.0
9.40500, 0.0
9.41000, 4.0
9.41500, 1.0
9.42000, 1.0
9.42500, 1.0
9.43000, 4.0
9.43500, 1.0
9.44000, 1.0
9.44500, 0.0
9.45000, 0.0
9.45500, 3.0
9.46000, 2.0
9.46500, 3.0
9.47000, 1.0
9.47500, 0.0
9.48000, 1.0
9.48500, 2.0
9.49000, 0.0
9.49500, 1.0
9.50000, 0.0
9.50500, 3.0
9.51000, 1.0
9.51500, 0.0
9.52000, 0.0
9.52500, 2.0
9.53000, 0.0
9.53500, 1.0
9.54000, 0.0
9.54500, 1.0
9.55000, 1.0
9.55500, 2.0
9.56000, 1.0
9.56500, 1.0
9.57000, 0.0
9.57500, 1.0
9.58000, 1.0
9.58500, 0.0
9.59000, 0.0
9.59500, 0.0
9.60000, 0.0
9.60500, 0.0
9.61000, 1.0
9.61500, 3.0
9.62000, 0.0
9.62500, 1.0
9.63000, 2.0
9.63500, 0.0
9.64000, 1.0
9.64500, 0.0
9.65000, 1.0
9.65500, 0.0
9.66000, 0.0
9.66500, 0.0
9.67000, 0.0
9.67500, 0.0
9.68000, 1.0
9.68500, 0.0
9.69000, 1.0
9.69500, 0.0
9.70000, 0.0
9.70500, 0.0
9.71000, 0.0
9.71500, 0.0
9.72000, 1.0
9.72500, 1.0
9.73000, 1.0
9.73500, 1.0
9.74000, 0.0
9.74500, 0.0
9.75000, 0.0
9.75500, 0.0
9.76000, 0.0
9.76500, 1.0
9.77000, 0.0
9.77500, 0.0
9.78000, 1.0
9.78500, 1.0
9.79000, 0.0
9.79500, 0.0
9.80000, 0.0
9.80500, 1.0
9.81000, 0.0
9.81500, 0.0
9.82000, 0.0
9.82500, 2.0
9.83000, 0.0
9.83500, 0.0
9.84000, 0.0
9.84500, 0.0
9.85000, 0.0
9.85500, 0.0
9.86000, 0.0
9.86500, 0.0
9.87000, 0.0
9.87500, 1.0
9.88000, 0.0
9.88500, 0.0
9.89000, 0.0
9.89500, 0.0
9.90000, 0.0
9.90500, 0.0
9.91000, 0.0
9.91500, 0.0
9.92000, 0.0
9.92500, 0.0
9.93000, 0.0
9.93500, 1.0
9.94000, 0.0
9.94500, 0.0
9.95000, 0.0
9.95500, 0.0
9.96000, 0.0
9.96500, 0.0
9.97000, 0.0
9.97500, 0.0
9.98000, 0.0
9.98500, 0.0
9.99000, 0.0
9.99500, 0.0
10.00000, 0.0
10.00500, 0.0
10.01000, 1.0
10.01500, 0.0
10.02000, 0.0
10.02500, 0.0
10.03000, 0.0
10.03500, 0.0
10.04000, 0.0
10.04500, 0.0
10.05000, 0.0
10.05500, 0.0
10.06000, 0.0
10.06500, 0.0
10.07000, 0.0
10.07500, 0.0
10.08000, 0.0
10.08500, 0.0
10.09000, 0.0
10.09500, 0.0
10.10000, 0.0
10.10500, 0.0
10.11000, 0.0
10.11500, 0.0
10.12000, 0.0
10.12500, 0.0
10.13000, 0.0
10.13500, 0.0
#ENDOFDATA   : 
