#FORMAT      : EMSA/MAS Spectral Data File
#VERSION     : 1.0
#TITLE       : B6_10keV_300924_A2_1
#DATE        : 30-SEP-2024
#TIME        : 15:29
#OWNER       : 
#NPOINTS     : 2048.0
#NCOLUMNS    : 1.0
#XUNITS      : keV
#YUNITS      : counts
#DATATYPE    : XY
#XPERCHAN    : 0.02
#OFFSET      : -0.4
#SIGNALTYPE  : EDS
#CHOFFSET    : 20.0
#LIVETIME    : 60.029857635
#REALTIME    : 75.208564758
#BEAMKV      : 30.0
#MAGCAM      : 3700.0
#XTILTSTGE   : 0.0
#AZIMANGLE   : 0.0
#ELEVANGLE   : 25.5
#XPOSITION mm: 2.0353
#YPOSITION mm: 0.4190
#ZPOSITION mm: 12.8688
##OXINSTPT   : 2
##OXINSTSTROB: 74.68
##OXINSTELEMS: 30,8,16
##OXINSTLABEL: 30, 8.639, Zn K?1
##OXINSTLABEL: 30, 9.572, Zn K?1
##OXINSTLABEL: 30, 1.012, Zn L?1,2
##OXINSTLABEL: 30, 0.906, Zn L?
##OXINSTLABEL: 30, 0.884, Zn Ll
##OXINSTLABEL: 8, 0.525, O K?1
##OXINSTLABEL: 16, 2.308, S K?1
##OXINSTLABEL: 16, 2.464, S K?1
#SPECTRUM    : Spectral Data Starts Here
-0.40000, 0.0
-0.38000, 0.0
-0.36000, 0.0
-0.34000, 0.0
-0.32000, 0.0
-0.30000, 0.0
-0.28000, 0.0
-0.26000, 0.0
-0.24000, 0.0
-0.22000, 0.0
-0.20000, 0.0
-0.18000, 0.0
-0.16000, 0.0
-0.14000, 0.0
-0.12000, 0.0
-0.10000, 2.0
-0.08000, 8.0
-0.06000, 51.0
-0.04000, 207.0
-0.02000, 614.0
0.00000, 1395.0
0.02000, 2319.0
0.04000, 2785.0
0.06000, 2597.0
0.08000, 1942.0
0.10000, 1215.0
0.12000, 722.0
0.14000, 522.0
0.16000, 500.0
0.18000, 521.0
0.20000, 549.0
0.22000, 607.0
0.24000, 742.0
0.26000, 856.0
0.28000, 877.0
0.30000, 746.0
0.32000, 549.0
0.34000, 487.0
0.36000, 460.0
0.38000, 493.0
0.40000, 651.0
0.42000, 1083.0
0.44000, 2168.0
0.46000, 4646.0
0.48000, 8862.0
0.50000, 13427.0
0.52000, 15717.0
0.54000, 13979.0
0.56000, 9519.0
0.58000, 5074.0
0.60000, 2239.0
0.62000, 1006.0
0.64000, 623.0
0.66000, 541.0
0.68000, 569.0
0.70000, 646.0
0.72000, 662.0
0.74000, 709.0
0.76000, 787.0
0.78000, 834.0
0.80000, 894.0
0.82000, 953.0
0.84000, 1029.0
0.86000, 1090.0
0.88000, 1152.0
0.90000, 1241.0
0.92000, 1298.0
0.94000, 1309.0
0.96000, 1438.0
0.98000, 1517.0
1.00000, 1587.0
1.02000, 1696.0
1.04000, 1829.0
1.06000, 1881.0
1.08000, 1938.0
1.10000, 1997.0
1.12000, 2122.0
1.14000, 2278.0
1.16000, 2368.0
1.18000, 2383.0
1.20000, 2467.0
1.22000, 2554.0
1.24000, 2634.0
1.26000, 2756.0
1.28000, 2849.0
1.30000, 2950.0
1.32000, 3082.0
1.34000, 3221.0
1.36000, 3412.0
1.38000, 3632.0
1.40000, 3750.0
1.42000, 3871.0
1.44000, 4099.0
1.46000, 4543.0
1.48000, 4779.0
1.50000, 5000.0
1.52000, 5262.0
1.54000, 5574.0
1.56000, 5797.0
1.58000, 6376.0
1.60000, 8519.0
1.62000, 16531.0
1.64000, 40836.0
1.66000, 99207.0
1.68000, 206660.0
1.70000, 355627.0
1.72000, 496567.0
1.74000, 564952.0
1.76000, 524146.0
1.78000, 398662.0
1.80000, 253835.0
1.82000, 139517.0
1.84000, 71288.0
1.86000, 36447.0
1.88000, 18944.0
1.90000, 9658.0
1.92000, 4557.0
1.94000, 2124.0
1.96000, 1137.0
1.98000, 778.0
2.00000, 681.0
2.02000, 649.0
2.04000, 669.0
2.06000, 714.0
2.08000, 692.0
2.10000, 656.0
2.12000, 651.0
2.14000, 676.0
2.16000, 725.0
2.18000, 794.0
2.20000, 889.0
2.22000, 1156.0
2.24000, 1468.0
2.26000, 1714.0
2.28000, 1921.0
2.30000, 2033.0
2.32000, 1917.0
2.34000, 1716.0
2.36000, 1399.0
2.38000, 1188.0
2.40000, 1033.0
2.42000, 947.0
2.44000, 891.0
2.46000, 911.0
2.48000, 908.0
2.50000, 887.0
2.52000, 854.0
2.54000, 857.0
2.56000, 892.0
2.58000, 890.0
2.60000, 857.0
2.62000, 878.0
2.64000, 924.0
2.66000, 936.0
2.68000, 925.0
2.70000, 970.0
2.72000, 940.0
2.74000, 928.0
2.76000, 981.0
2.78000, 1021.0
2.80000, 1047.0
2.82000, 1057.0
2.84000, 1046.0
2.86000, 1030.0
2.88000, 1072.0
2.90000, 1096.0
2.92000, 1078.0
2.94000, 1056.0
2.96000, 1089.0
2.98000, 1115.0
3.00000, 1129.0
3.02000, 1137.0
3.04000, 1148.0
3.06000, 1166.0
3.08000, 1159.0
3.10000, 1129.0
3.12000, 1154.0
3.14000, 1223.0
3.16000, 1225.0
3.18000, 1220.0
3.20000, 1248.0
3.22000, 1263.0
3.24000, 1283.0
3.26000, 1319.0
3.28000, 1322.0
3.30000, 1371.0
3.32000, 1414.0
3.34000, 1586.0
3.36000, 1918.0
3.38000, 2718.0
3.40000, 4126.0
3.42000, 6220.0
3.44000, 8754.0
3.46000, 10997.0
3.48000, 12218.0
3.50000, 12018.0
3.52000, 10442.0
3.54000, 8247.0
3.56000, 5982.0
3.58000, 4191.0
3.60000, 2992.0
3.62000, 2257.0
3.64000, 1767.0
3.66000, 1518.0
3.68000, 1322.0
3.70000, 1220.0
3.72000, 1227.0
3.74000, 1210.0
3.76000, 1140.0
3.78000, 1151.0
3.80000, 1100.0
3.82000, 1158.0
3.84000, 1173.0
3.86000, 1159.0
3.88000, 1140.0
3.90000, 1175.0
3.92000, 1163.0
3.94000, 1160.0
3.96000, 1174.0
3.98000, 1182.0
4.00000, 1184.0
4.02000, 1187.0
4.04000, 1205.0
4.06000, 1221.0
4.08000, 1211.0
4.10000, 1222.0
4.12000, 1195.0
4.14000, 1176.0
4.16000, 1112.0
4.18000, 1142.0
4.20000, 1208.0
4.22000, 1205.0
4.24000, 1153.0
4.26000, 1107.0
4.28000, 1138.0
4.30000, 1153.0
4.32000, 1150.0
4.34000, 1140.0
4.36000, 1137.0
4.38000, 1140.0
4.40000, 1156.0
4.42000, 1173.0
4.44000, 1138.0
4.46000, 1130.0
4.48000, 1129.0
4.50000, 1173.0
4.52000, 1176.0
4.54000, 1169.0
4.56000, 1156.0
4.58000, 1137.0
4.60000, 1114.0
4.62000, 1131.0
4.64000, 1157.0
4.66000, 1186.0
4.68000, 1125.0
4.70000, 1109.0
4.72000, 1115.0
4.74000, 1109.0
4.76000, 1149.0
4.78000, 1136.0
4.80000, 1157.0
4.82000, 1131.0
4.84000, 1124.0
4.86000, 1126.0
4.88000, 1099.0
4.90000, 1085.0
4.92000, 1088.0
4.94000, 1136.0
4.96000, 1108.0
4.98000, 1120.0
5.00000, 1095.0
5.02000, 1152.0
5.04000, 1133.0
5.06000, 1123.0
5.08000, 1155.0
5.10000, 1120.0
5.12000, 1119.0
5.14000, 1167.0
5.16000, 1258.0
5.18000, 1286.0
5.20000, 1293.0
5.22000, 1317.0
5.24000, 1389.0
5.26000, 1328.0
5.28000, 1266.0
5.30000, 1248.0
5.32000, 1195.0
5.34000, 1155.0
5.36000, 1124.0
5.38000, 1103.0
5.40000, 1069.0
5.42000, 1061.0
5.44000, 1035.0
5.46000, 1013.0
5.48000, 1062.0
5.50000, 1069.0
5.52000, 1029.0
5.54000, 1030.0
5.56000, 1040.0
5.58000, 1023.0
5.60000, 1003.0
5.62000, 1030.0
5.64000, 1025.0
5.66000, 1029.0
5.68000, 1046.0
5.70000, 1040.0
5.72000, 1034.0
5.74000, 1009.0
5.76000, 970.0
5.78000, 1045.0
5.80000, 1003.0
5.82000, 985.0
5.84000, 1014.0
5.86000, 994.0
5.88000, 1011.0
5.90000, 1001.0
5.92000, 968.0
5.94000, 978.0
5.96000, 993.0
5.98000, 1017.0
6.00000, 978.0
6.02000, 967.0
6.04000, 965.0
6.06000, 996.0
6.08000, 966.0
6.10000, 948.0
6.12000, 952.0
6.14000, 962.0
6.16000, 975.0
6.18000, 993.0
6.20000, 974.0
6.22000, 960.0
6.24000, 934.0
6.26000, 924.0
6.28000, 927.0
6.30000, 944.0
6.32000, 959.0
6.34000, 957.0
6.36000, 908.0
6.38000, 895.0
6.40000, 910.0
6.42000, 916.0
6.44000, 931.0
6.46000, 961.0
6.48000, 912.0
6.50000, 868.0
6.52000, 910.0
6.54000, 922.0
6.56000, 912.0
6.58000, 902.0
6.60000, 874.0
6.62000, 901.0
6.64000, 914.0
6.66000, 904.0
6.68000, 879.0
6.70000, 877.0
6.72000, 883.0
6.74000, 878.0
6.76000, 874.0
6.78000, 866.0
6.80000, 871.0
6.82000, 855.0
6.84000, 873.0
6.86000, 892.0
6.88000, 888.0
6.90000, 868.0
6.92000, 833.0
6.94000, 833.0
6.96000, 859.0
6.98000, 894.0
7.00000, 862.0
7.02000, 828.0
7.04000, 810.0
7.06000, 819.0
7.08000, 808.0
7.10000, 809.0
7.12000, 850.0
7.14000, 865.0
7.16000, 872.0
7.18000, 840.0
7.20000, 817.0
7.22000, 797.0
7.24000, 761.0
7.26000, 762.0
7.28000, 804.0
7.30000, 797.0
7.32000, 818.0
7.34000, 802.0
7.36000, 792.0
7.38000, 776.0
7.40000, 804.0
7.42000, 823.0
7.44000, 788.0
7.46000, 793.0
7.48000, 782.0
7.50000, 793.0
7.52000, 792.0
7.54000, 765.0
7.56000, 751.0
7.58000, 764.0
7.60000, 771.0
7.62000, 765.0
7.64000, 775.0
7.66000, 752.0
7.68000, 759.0
7.70000, 780.0
7.72000, 749.0
7.74000, 718.0
7.76000, 736.0
7.78000, 740.0
7.80000, 734.0
7.82000, 747.0
7.84000, 749.0
7.86000, 736.0
7.88000, 725.0
7.90000, 718.0
7.92000, 740.0
7.94000, 778.0
7.96000, 729.0
7.98000, 696.0
8.00000, 721.0
8.02000, 713.0
8.04000, 697.0
8.06000, 704.0
8.08000, 703.0
8.10000, 679.0
8.12000, 685.0
8.14000, 707.0
8.16000, 714.0
8.18000, 696.0
8.20000, 699.0
8.22000, 723.0
8.24000, 737.0
8.26000, 752.0
8.28000, 768.0
8.30000, 810.0
8.32000, 840.0
8.34000, 869.0
8.36000, 859.0
8.38000, 897.0
8.40000, 870.0
8.42000, 823.0
8.44000, 850.0
8.46000, 813.0
8.48000, 801.0
8.50000, 763.0
8.52000, 652.0
8.54000, 633.0
8.56000, 665.0
8.58000, 641.0
8.60000, 650.0
8.62000, 637.0
8.64000, 632.0
8.66000, 646.0
8.68000, 664.0
8.70000, 649.0
8.72000, 625.0
8.74000, 640.0
8.76000, 635.0
8.78000, 627.0
8.80000, 624.0
8.82000, 602.0
8.84000, 610.0
8.86000, 623.0
8.88000, 611.0
8.90000, 605.0
8.92000, 607.0
8.94000, 582.0
8.96000, 612.0
8.98000, 606.0
9.00000, 594.0
9.02000, 632.0
9.04000, 621.0
9.06000, 578.0
9.08000, 576.0
9.10000, 598.0
9.12000, 604.0
9.14000, 581.0
9.16000, 567.0
9.18000, 569.0
9.20000, 590.0
9.22000, 596.0
9.24000, 577.0
9.26000, 598.0
9.28000, 602.0
9.30000, 567.0
9.32000, 570.0
9.34000, 590.0
9.36000, 606.0
9.38000, 567.0
9.40000, 528.0
9.42000, 555.0
9.44000, 556.0
9.46000, 555.0
9.48000, 565.0
9.50000, 577.0
9.52000, 586.0
9.54000, 589.0
9.56000, 611.0
9.58000, 605.0
9.60000, 580.0
9.62000, 602.0
9.64000, 610.0
9.66000, 623.0
9.68000, 634.0
9.70000, 620.0
9.72000, 606.0
9.74000, 615.0
9.76000, 593.0
9.78000, 570.0
9.80000, 573.0
9.82000, 531.0
9.84000, 531.0
9.86000, 549.0
9.88000, 545.0
9.90000, 529.0
9.92000, 524.0
9.94000, 548.0
9.96000, 545.0
9.98000, 523.0
10.00000, 528.0
10.02000, 526.0
10.04000, 505.0
10.06000, 499.0
10.08000, 506.0
10.10000, 519.0
10.12000, 529.0
10.14000, 522.0
10.16000, 492.0
10.18000, 487.0
10.20000, 506.0
10.22000, 497.0
10.24000, 489.0
10.26000, 497.0
10.28000, 504.0
10.30000, 499.0
10.32000, 476.0
10.34000, 483.0
10.36000, 486.0
10.38000, 461.0
10.40000, 468.0
10.42000, 494.0
10.44000, 482.0
10.46000, 450.0
10.48000, 463.0
10.50000, 463.0
10.52000, 449.0
10.54000, 457.0
10.56000, 468.0
10.58000, 444.0
10.60000, 433.0
10.62000, 450.0
10.64000, 454.0
10.66000, 450.0
10.68000, 454.0
10.70000, 459.0
10.72000, 452.0
10.74000, 447.0
10.76000, 438.0
10.78000, 441.0
10.80000, 449.0
10.82000, 439.0
10.84000, 433.0
10.86000, 440.0
10.88000, 454.0
10.90000, 428.0
10.92000, 420.0
10.94000, 440.0
10.96000, 439.0
10.98000, 440.0
11.00000, 440.0
11.02000, 422.0
11.04000, 420.0
11.06000, 433.0
11.08000, 430.0
11.10000, 435.0
11.12000, 419.0
11.14000, 408.0
11.16000, 422.0
11.18000, 415.0
11.20000, 414.0
11.22000, 417.0
11.24000, 439.0
11.26000, 428.0
11.28000, 408.0
11.30000, 399.0
11.32000, 383.0
11.34000, 400.0
11.36000, 401.0
11.38000, 389.0
11.40000, 409.0
11.42000, 410.0
11.44000, 399.0
11.46000, 410.0
11.48000, 397.0
11.50000, 376.0
11.52000, 389.0
11.54000, 384.0
11.56000, 377.0
11.58000, 380.0
11.60000, 376.0
11.62000, 378.0
11.64000, 386.0
11.66000, 384.0
11.68000, 372.0
11.70000, 375.0
11.72000, 388.0
11.74000, 386.0
11.76000, 377.0
11.78000, 365.0
11.80000, 365.0
11.82000, 368.0
11.84000, 351.0
11.86000, 340.0
11.88000, 327.0
11.90000, 338.0
11.92000, 357.0
11.94000, 344.0
11.96000, 330.0
11.98000, 343.0
12.00000, 369.0
12.02000, 351.0
12.04000, 331.0
12.06000, 346.0
12.08000, 355.0
12.10000, 342.0
12.12000, 338.0
12.14000, 353.0
12.16000, 342.0
12.18000, 338.0
12.20000, 338.0
12.22000, 342.0
12.24000, 341.0
12.26000, 345.0
12.28000, 348.0
12.30000, 321.0
12.32000, 301.0
12.34000, 307.0
12.36000, 321.0
12.38000, 330.0
12.40000, 324.0
12.42000, 320.0
12.44000, 331.0
12.46000, 311.0
12.48000, 306.0
12.50000, 324.0
12.52000, 315.0
12.54000, 296.0
12.56000, 310.0
12.58000, 322.0
12.60000, 326.0
12.62000, 319.0
12.64000, 295.0
12.66000, 287.0
12.68000, 309.0
12.70000, 307.0
12.72000, 281.0
12.74000, 293.0
12.76000, 318.0
12.78000, 302.0
12.80000, 292.0
12.82000, 303.0
12.84000, 294.0
12.86000, 296.0
12.88000, 281.0
12.90000, 272.0
12.92000, 295.0
12.94000, 284.0
12.96000, 278.0
12.98000, 296.0
13.00000, 281.0
13.02000, 278.0
13.04000, 282.0
13.06000, 264.0
13.08000, 260.0
13.10000, 270.0
13.12000, 261.0
13.14000, 259.0
13.16000, 270.0
13.18000, 265.0
13.20000, 272.0
13.22000, 273.0
13.24000, 290.0
13.26000, 283.0
13.28000, 256.0
13.30000, 265.0
13.32000, 267.0
13.34000, 268.0
13.36000, 270.0
13.38000, 256.0
13.40000, 240.0
13.42000, 264.0
13.44000, 266.0
13.46000, 252.0
13.48000, 266.0
13.50000, 258.0
13.52000, 239.0
13.54000, 242.0
13.56000, 247.0
13.58000, 253.0
13.60000, 246.0
13.62000, 240.0
13.64000, 255.0
13.66000, 258.0
13.68000, 254.0
13.70000, 246.0
13.72000, 226.0
13.74000, 230.0
13.76000, 241.0
13.78000, 227.0
13.80000, 216.0
13.82000, 218.0
13.84000, 223.0
13.86000, 224.0
13.88000, 221.0
13.90000, 233.0
13.92000, 244.0
13.94000, 251.0
13.96000, 227.0
13.98000, 224.0
14.00000, 237.0
14.02000, 222.0
14.04000, 224.0
14.06000, 224.0
14.08000, 232.0
14.10000, 228.0
14.12000, 218.0
14.14000, 209.0
14.16000, 206.0
14.18000, 220.0
14.20000, 208.0
14.22000, 204.0
14.24000, 208.0
14.26000, 200.0
14.28000, 208.0
14.30000, 217.0
14.32000, 218.0
14.34000, 213.0
14.36000, 191.0
14.38000, 195.0
14.40000, 196.0
14.42000, 183.0
14.44000, 200.0
14.46000, 219.0
14.48000, 198.0
14.50000, 198.0
14.52000, 208.0
14.54000, 208.0
14.56000, 191.0
14.58000, 183.0
14.60000, 196.0
14.62000, 189.0
14.64000, 192.0
14.66000, 186.0
14.68000, 173.0
14.70000, 182.0
14.72000, 188.0
14.74000, 182.0
14.76000, 187.0
14.78000, 188.0
14.80000, 181.0
14.82000, 182.0
14.84000, 187.0
14.86000, 172.0
14.88000, 174.0
14.90000, 188.0
14.92000, 174.0
14.94000, 166.0
14.96000, 174.0
14.98000, 178.0
15.00000, 175.0
15.02000, 186.0
15.04000, 204.0
15.06000, 214.0
15.08000, 179.0
15.10000, 160.0
15.12000, 167.0
15.14000, 169.0
15.16000, 186.0
15.18000, 182.0
15.20000, 175.0
15.22000, 177.0
15.24000, 176.0
15.26000, 168.0
15.28000, 172.0
15.30000, 179.0
15.32000, 183.0
15.34000, 159.0
15.36000, 155.0
15.38000, 166.0
15.40000, 164.0
15.42000, 156.0
15.44000, 153.0
15.46000, 157.0
15.48000, 160.0
15.50000, 155.0
15.52000, 159.0
15.54000, 151.0
15.56000, 149.0
15.58000, 155.0
15.60000, 140.0
15.62000, 138.0
15.64000, 146.0
15.66000, 153.0
15.68000, 145.0
15.70000, 142.0
15.72000, 148.0
15.74000, 143.0
15.76000, 145.0
15.78000, 143.0
15.80000, 130.0
15.82000, 126.0
15.84000, 125.0
15.86000, 131.0
15.88000, 132.0
15.90000, 134.0
15.92000, 139.0
15.94000, 136.0
15.96000, 140.0
15.98000, 137.0
16.00000, 131.0
16.02000, 124.0
16.04000, 119.0
16.06000, 121.0
16.08000, 129.0
16.10000, 131.0
16.12000, 142.0
16.14000, 137.0
16.16000, 128.0
16.18000, 136.0
16.20000, 128.0
16.22000, 123.0
16.24000, 123.0
16.26000, 134.0
16.28000, 129.0
16.30000, 127.0
16.32000, 130.0
16.34000, 126.0
16.36000, 126.0
16.38000, 122.0
16.40000, 118.0
16.42000, 131.0
16.44000, 125.0
16.46000, 119.0
16.48000, 124.0
16.50000, 129.0
16.52000, 123.0
16.54000, 124.0
16.56000, 133.0
16.58000, 118.0
16.60000, 109.0
16.62000, 113.0
16.64000, 110.0
16.66000, 118.0
16.68000, 130.0
16.70000, 109.0
16.72000, 105.0
16.74000, 111.0
16.76000, 109.0
16.78000, 98.0
16.80000, 102.0
16.82000, 108.0
16.84000, 108.0
16.86000, 110.0
16.88000, 112.0
16.90000, 121.0
16.92000, 114.0
16.94000, 111.0
16.96000, 115.0
16.98000, 113.0
17.00000, 97.0
17.02000, 94.0
17.04000, 101.0
17.06000, 108.0
17.08000, 108.0
17.10000, 110.0
17.12000, 108.0
17.14000, 102.0
17.16000, 101.0
17.18000, 96.0
17.20000, 99.0
17.22000, 91.0
17.24000, 95.0
17.26000, 96.0
17.28000, 90.0
17.30000, 90.0
17.32000, 88.0
17.34000, 96.0
17.36000, 87.0
17.38000, 92.0
17.40000, 102.0
17.42000, 97.0
17.44000, 98.0
17.46000, 98.0
17.48000, 93.0
17.50000, 83.0
17.52000, 91.0
17.54000, 101.0
17.56000, 98.0
17.58000, 89.0
17.60000, 84.0
17.62000, 94.0
17.64000, 94.0
17.66000, 88.0
17.68000, 85.0
17.70000, 84.0
17.72000, 81.0
17.74000, 97.0
17.76000, 98.0
17.78000, 79.0
17.80000, 86.0
17.82000, 90.0
17.84000, 81.0
17.86000, 76.0
17.88000, 87.0
17.90000, 82.0
17.92000, 71.0
17.94000, 78.0
17.96000, 71.0
17.98000, 77.0
18.00000, 85.0
18.02000, 71.0
18.04000, 65.0
18.06000, 84.0
18.08000, 85.0
18.10000, 79.0
18.12000, 76.0
18.14000, 79.0
18.16000, 84.0
18.18000, 72.0
18.20000, 79.0
18.22000, 75.0
18.24000, 67.0
18.26000, 79.0
18.28000, 78.0
18.30000, 74.0
18.32000, 77.0
18.34000, 73.0
18.36000, 79.0
18.38000, 72.0
18.40000, 72.0
18.42000, 81.0
18.44000, 68.0
18.46000, 68.0
18.48000, 62.0
18.50000, 65.0
18.52000, 70.0
18.54000, 62.0
18.56000, 54.0
18.58000, 67.0
18.60000, 66.0
18.62000, 62.0
18.64000, 69.0
18.66000, 81.0
18.68000, 67.0
18.70000, 70.0
18.72000, 68.0
18.74000, 64.0
18.76000, 70.0
18.78000, 65.0
18.80000, 63.0
18.82000, 60.0
18.84000, 57.0
18.86000, 73.0
18.88000, 75.0
18.90000, 70.0
18.92000, 62.0
18.94000, 64.0
18.96000, 64.0
18.98000, 65.0
19.00000, 60.0
19.02000, 56.0
19.04000, 57.0
19.06000, 61.0
19.08000, 62.0
19.10000, 57.0
19.12000, 54.0
19.14000, 52.0
19.16000, 52.0
19.18000, 56.0
19.20000, 58.0
19.22000, 62.0
19.24000, 57.0
19.26000, 63.0
19.28000, 68.0
19.30000, 63.0
19.32000, 49.0
19.34000, 48.0
19.36000, 52.0
19.38000, 57.0
19.40000, 56.0
19.42000, 51.0
19.44000, 53.0
19.46000, 55.0
19.48000, 59.0
19.50000, 54.0
19.52000, 53.0
19.54000, 52.0
19.56000, 49.0
19.58000, 57.0
19.60000, 55.0
19.62000, 53.0
19.64000, 56.0
19.66000, 52.0
19.68000, 50.0
19.70000, 52.0
19.72000, 49.0
19.74000, 47.0
19.76000, 43.0
19.78000, 37.0
19.80000, 48.0
19.82000, 57.0
19.84000, 51.0
19.86000, 54.0
19.88000, 51.0
19.90000, 45.0
19.92000, 40.0
19.94000, 46.0
19.96000, 46.0
19.98000, 44.0
20.00000, 56.0
20.02000, 56.0
20.04000, 45.0
20.06000, 38.0
20.08000, 48.0
20.10000, 52.0
20.12000, 40.0
20.14000, 38.0
20.16000, 48.0
20.18000, 45.0
20.20000, 39.0
20.22000, 41.0
20.24000, 40.0
20.26000, 50.0
20.28000, 52.0
20.30000, 42.0
20.32000, 42.0
20.34000, 38.0
20.36000, 42.0
20.38000, 49.0
20.40000, 44.0
20.42000, 40.0
20.44000, 37.0
20.46000, 46.0
20.48000, 47.0
20.50000, 45.0
20.52000, 44.0
20.54000, 49.0
20.56000, 44.0
20.58000, 42.0
20.60000, 41.0
20.62000, 49.0
20.64000, 41.0
20.66000, 33.0
20.68000, 36.0
20.70000, 28.0
20.72000, 31.0
20.74000, 35.0
20.76000, 37.0
20.78000, 39.0
20.80000, 36.0
20.82000, 35.0
20.84000, 41.0
20.86000, 36.0
20.88000, 38.0
20.90000, 33.0
20.92000, 35.0
20.94000, 40.0
20.96000, 36.0
20.98000, 31.0
21.00000, 30.0
21.02000, 25.0
21.04000, 24.0
21.06000, 34.0
21.08000, 42.0
21.10000, 32.0
21.12000, 31.0
21.14000, 41.0
21.16000, 36.0
21.18000, 31.0
21.20000, 33.0
21.22000, 34.0
21.24000, 30.0
21.26000, 37.0
21.28000, 32.0
21.30000, 29.0
21.32000, 30.0
21.34000, 30.0
21.36000, 33.0
21.38000, 33.0
21.40000, 35.0
21.42000, 34.0
21.44000, 24.0
21.46000, 23.0
21.48000, 26.0
21.50000, 34.0
21.52000, 34.0
21.54000, 35.0
21.56000, 27.0
21.58000, 26.0
21.60000, 25.0
21.62000, 26.0
21.64000, 29.0
21.66000, 27.0
21.68000, 26.0
21.70000, 30.0
21.72000, 38.0
21.74000, 29.0
21.76000, 24.0
21.78000, 30.0
21.80000, 32.0
21.82000, 30.0
21.84000, 27.0
21.86000, 27.0
21.88000, 29.0
21.90000, 30.0
21.92000, 33.0
21.94000, 30.0
21.96000, 37.0
21.98000, 28.0
22.00000, 27.0
22.02000, 35.0
22.04000, 29.0
22.06000, 24.0
22.08000, 29.0
22.10000, 26.0
22.12000, 26.0
22.14000, 33.0
22.16000, 27.0
22.18000, 21.0
22.20000, 25.0
22.22000, 33.0
22.24000, 33.0
22.26000, 28.0
22.28000, 21.0
22.30000, 23.0
22.32000, 23.0
22.34000, 28.0
22.36000, 27.0
22.38000, 28.0
22.40000, 27.0
22.42000, 31.0
22.44000, 27.0
22.46000, 18.0
22.48000, 19.0
22.50000, 24.0
22.52000, 23.0
22.54000, 24.0
22.56000, 19.0
22.58000, 19.0
22.60000, 20.0
22.62000, 20.0
22.64000, 22.0
22.66000, 23.0
22.68000, 20.0
22.70000, 19.0
22.72000, 21.0
22.74000, 20.0
22.76000, 18.0
22.78000, 13.0
22.80000, 18.0
22.82000, 25.0
22.84000, 18.0
22.86000, 20.0
22.88000, 21.0
22.90000, 19.0
22.92000, 22.0
22.94000, 16.0
22.96000, 25.0
22.98000, 32.0
23.00000, 20.0
23.02000, 18.0
23.04000, 18.0
23.06000, 19.0
23.08000, 17.0
23.10000, 17.0
23.12000, 20.0
23.14000, 19.0
23.16000, 19.0
23.18000, 24.0
23.20000, 19.0
23.22000, 25.0
23.24000, 19.0
23.26000, 14.0
23.28000, 21.0
23.30000, 20.0
23.32000, 15.0
23.34000, 16.0
23.36000, 23.0
23.38000, 22.0
23.40000, 16.0
23.42000, 21.0
23.44000, 13.0
23.46000, 11.0
23.48000, 10.0
23.50000, 14.0
23.52000, 13.0
23.54000, 18.0
23.56000, 17.0
23.58000, 18.0
23.60000, 19.0
23.62000, 15.0
23.64000, 17.0
23.66000, 16.0
23.68000, 22.0
23.70000, 23.0
23.72000, 23.0
23.74000, 23.0
23.76000, 17.0
23.78000, 17.0
23.80000, 19.0
23.82000, 17.0
23.84000, 16.0
23.86000, 16.0
23.88000, 19.0
23.90000, 23.0
23.92000, 21.0
23.94000, 21.0
23.96000, 19.0
23.98000, 22.0
24.00000, 14.0
24.02000, 8.0
24.04000, 11.0
24.06000, 15.0
24.08000, 13.0
24.10000, 17.0
24.12000, 16.0
24.14000, 14.0
24.16000, 20.0
24.18000, 15.0
24.20000, 19.0
24.22000, 15.0
24.24000, 16.0
24.26000, 15.0
24.28000, 8.0
24.30000, 11.0
24.32000, 7.0
24.34000, 8.0
24.36000, 13.0
24.38000, 14.0
24.40000, 11.0
24.42000, 11.0
24.44000, 10.0
24.46000, 14.0
24.48000, 10.0
24.50000, 9.0
24.52000, 6.0
24.54000, 10.0
24.56000, 11.0
24.58000, 11.0
24.60000, 8.0
24.62000, 10.0
24.64000, 12.0
24.66000, 11.0
24.68000, 12.0
24.70000, 10.0
24.72000, 10.0
24.74000, 12.0
24.76000, 11.0
24.78000, 11.0
24.80000, 11.0
24.82000, 8.0
24.84000, 7.0
24.86000, 9.0
24.88000, 16.0
24.90000, 15.0
24.92000, 9.0
24.94000, 9.0
24.96000, 10.0
24.98000, 7.0
25.00000, 11.0
25.02000, 13.0
25.04000, 7.0
25.06000, 11.0
25.08000, 11.0
25.10000, 8.0
25.12000, 12.0
25.14000, 12.0
25.16000, 8.0
25.18000, 11.0
25.20000, 14.0
25.22000, 14.0
25.24000, 10.0
25.26000, 11.0
25.28000, 8.0
25.30000, 12.0
25.32000, 6.0
25.34000, 7.0
25.36000, 12.0
25.38000, 11.0
25.40000, 9.0
25.42000, 8.0
25.44000, 9.0
25.46000, 8.0
25.48000, 6.0
25.50000, 10.0
25.52000, 13.0
25.54000, 9.0
25.56000, 13.0
25.58000, 12.0
25.60000, 6.0
25.62000, 11.0
25.64000, 6.0
25.66000, 10.0
25.68000, 8.0
25.70000, 8.0
25.72000, 11.0
25.74000, 8.0
25.76000, 9.0
25.78000, 12.0
25.80000, 8.0
25.82000, 11.0
25.84000, 3.0
25.86000, 5.0
25.88000, 10.0
25.90000, 9.0
25.92000, 12.0
25.94000, 9.0
25.96000, 10.0
25.98000, 5.0
26.00000, 5.0
26.02000, 6.0
26.04000, 7.0
26.06000, 8.0
26.08000, 3.0
26.10000, 5.0
26.12000, 5.0
26.14000, 6.0
26.16000, 6.0
26.18000, 6.0
26.20000, 8.0
26.22000, 10.0
26.24000, 7.0
26.26000, 8.0
26.28000, 10.0
26.30000, 9.0
26.32000, 11.0
26.34000, 11.0
26.36000, 5.0
26.38000, 4.0
26.40000, 7.0
26.42000, 4.0
26.44000, 1.0
26.46000, 2.0
26.48000, 4.0
26.50000, 6.0
26.52000, 4.0
26.54000, 5.0
26.56000, 5.0
26.58000, 7.0
26.60000, 5.0
26.62000, 6.0
26.64000, 6.0
26.66000, 4.0
26.68000, 2.0
26.70000, 3.0
26.72000, 5.0
26.74000, 6.0
26.76000, 4.0
26.78000, 6.0
26.80000, 6.0
26.82000, 7.0
26.84000, 4.0
26.86000, 4.0
26.88000, 2.0
26.90000, 4.0
26.92000, 6.0
26.94000, 5.0
26.96000, 4.0
26.98000, 5.0
27.00000, 3.0
27.02000, 2.0
27.04000, 3.0
27.06000, 5.0
27.08000, 3.0
27.10000, 3.0
27.12000, 7.0
27.14000, 5.0
27.16000, 3.0
27.18000, 4.0
27.20000, 5.0
27.22000, 4.0
27.24000, 8.0
27.26000, 4.0
27.28000, 3.0
27.30000, 3.0
27.32000, 1.0
27.34000, 3.0
27.36000, 4.0
27.38000, 3.0
27.40000, 5.0
27.42000, 1.0
27.44000, 3.0
27.46000, 3.0
27.48000, 1.0
27.50000, 3.0
27.52000, 2.0
27.54000, 3.0
27.56000, 4.0
27.58000, 3.0
27.60000, 6.0
27.62000, 4.0
27.64000, 4.0
27.66000, 5.0
27.68000, 2.0
27.70000, 2.0
27.72000, 5.0
27.74000, 4.0
27.76000, 3.0
27.78000, 3.0
27.80000, 2.0
27.82000, 3.0
27.84000, 3.0
27.86000, 2.0
27.88000, 2.0
27.90000, 4.0
27.92000, 6.0
27.94000, 4.0
27.96000, 2.0
27.98000, 1.0
28.00000, 6.0
28.02000, 3.0
28.04000, 3.0
28.06000, 3.0
28.08000, 3.0
28.10000, 3.0
28.12000, 2.0
28.14000, 2.0
28.16000, 6.0
28.18000, 1.0
28.20000, 2.0
28.22000, 3.0
28.24000, 2.0
28.26000, 4.0
28.28000, 3.0
28.30000, 1.0
28.32000, 2.0
28.34000, 2.0
28.36000, 4.0
28.38000, 4.0
28.40000, 2.0
28.42000, 3.0
28.44000, 2.0
28.46000, 1.0
28.48000, 3.0
28.50000, 2.0
28.52000, 1.0
28.54000, 2.0
28.56000, 3.0
28.58000, 2.0
28.60000, 2.0
28.62000, 3.0
28.64000, 2.0
28.66000, 4.0
28.68000, 4.0
28.70000, 2.0
28.72000, 1.0
28.74000, 3.0
28.76000, 1.0
28.78000, 0.0
28.80000, 2.0
28.82000, 1.0
28.84000, 2.0
28.86000, 0.0
28.88000, 1.0
28.90000, 2.0
28.92000, 4.0
28.94000, 2.0
28.96000, 2.0
28.98000, 0.0
29.00000, 1.0
29.02000, 1.0
29.04000, 3.0
29.06000, 1.0
29.08000, 0.0
29.10000, 2.0
29.12000, 2.0
29.14000, 1.0
29.16000, 1.0
29.18000, 2.0
29.20000, 2.0
29.22000, 4.0
29.24000, 2.0
29.26000, 2.0
29.28000, 1.0
29.30000, 1.0
29.32000, 0.0
29.34000, 0.0
29.36000, 2.0
29.38000, 0.0
29.40000, 0.0
29.42000, 2.0
29.44000, 0.0
29.46000, 0.0
29.48000, 1.0
29.50000, 0.0
29.52000, 2.0
29.54000, 1.0
29.56000, 1.0
29.58000, 1.0
29.60000, 0.0
29.62000, 2.0
29.64000, 1.0
29.66000, 2.0
29.68000, 1.0
29.70000, 0.0
29.72000, 1.0
29.74000, 2.0
29.76000, 2.0
29.78000, 0.0
29.80000, 1.0
29.82000, 1.0
29.84000, 1.0
29.86000, 3.0
29.88000, 0.0
29.90000, 0.0
29.92000, 0.0
29.94000, 0.0
29.96000, 0.0
29.98000, 2.0
30.00000, 0.0
30.02000, 1.0
30.04000, 1.0
30.06000, 2.0
30.08000, 0.0
30.10000, 1.0
30.12000, 0.0
30.14000, 1.0
30.16000, 0.0
30.18000, 0.0
30.20000, 0.0
30.22000, 1.0
30.24000, 1.0
30.26000, 0.0
30.28000, 1.0
30.30000, 0.0
30.32000, 1.0
30.34000, 0.0
30.36000, 0.0
30.38000, 0.0
30.40000, 1.0
30.42000, 1.0
30.44000, 1.0
30.46000, 0.0
30.48000, 0.0
30.50000, 0.0
30.52000, 0.0
30.54000, 0.0
30.56000, 0.0
30.58000, 0.0
30.60000, 0.0
30.62000, 1.0
30.64000, 0.0
30.66000, 0.0
30.68000, 0.0
30.70000, 0.0
30.72000, 0.0
30.74000, 0.0
30.76000, 1.0
30.78000, 2.0
30.80000, 0.0
30.82000, 0.0
30.84000, 0.0
30.86000, 0.0
30.88000, 0.0
30.90000, 0.0
30.92000, 0.0
30.94000, 0.0
30.96000, 0.0
30.98000, 0.0
31.00000, 0.0
31.02000, 0.0
31.04000, 0.0
31.06000, 1.0
31.08000, 0.0
31.10000, 0.0
31.12000, 0.0
31.14000, 0.0
31.16000, 0.0
31.18000, 0.0
31.20000, 0.0
31.22000, 0.0
31.24000, 1.0
31.26000, 0.0
31.28000, 0.0
31.30000, 0.0
31.32000, 1.0
31.34000, 0.0
31.36000, 0.0
31.38000, 0.0
31.40000, 0.0
31.42000, 1.0
31.44000, 1.0
31.46000, 0.0
31.48000, 0.0
31.50000, 0.0
31.52000, 0.0
31.54000, 0.0
31.56000, 0.0
31.58000, 0.0
31.60000, 1.0
31.62000, 0.0
31.64000, 0.0
31.66000, 0.0
31.68000, 0.0
31.70000, 0.0
31.72000, 0.0
31.74000, 0.0
31.76000, 0.0
31.78000, 1.0
31.80000, 0.0
31.82000, 0.0
31.84000, 0.0
31.86000, 0.0
31.88000, 1.0
31.90000, 0.0
31.92000, 0.0
31.94000, 1.0
31.96000, 0.0
31.98000, 0.0
32.00000, 0.0
32.02000, 2.0
32.04000, 0.0
32.06000, 0.0
32.08000, 0.0
32.10000, 0.0
32.12000, 0.0
32.14000, 0.0
32.16000, 0.0
32.18000, 0.0
32.20000, 0.0
32.22000, 0.0
32.24000, 0.0
32.26000, 0.0
32.28000, 0.0
32.30000, 0.0
32.32000, 0.0
32.34000, 0.0
32.36000, 0.0
32.38000, 0.0
32.40000, 0.0
32.42000, 0.0
32.44000, 0.0
32.46000, 1.0
32.48000, 0.0
32.50000, 0.0
32.52000, 0.0
32.54000, 0.0
32.56000, 0.0
32.58000, 0.0
32.60000, 0.0
32.62000, 1.0
32.64000, 0.0
32.66000, 0.0
32.68000, 0.0
32.70000, 0.0
32.72000, 0.0
32.74000, 1.0
32.76000, 1.0
32.78000, 0.0
32.80000, 0.0
32.82000, 1.0
32.84000, 0.0
32.86000, 1.0
32.88000, 0.0
32.90000, 0.0
32.92000, 0.0
32.94000, 0.0
32.96000, 0.0
32.98000, 0.0
33.00000, 0.0
33.02000, 0.0
33.04000, 0.0
33.06000, 1.0
33.08000, 0.0
33.10000, 0.0
33.12000, 0.0
33.14000, 0.0
33.16000, 0.0
33.18000, 0.0
33.20000, 0.0
33.22000, 0.0
33.24000, 0.0
33.26000, 0.0
33.28000, 0.0
33.30000, 0.0
33.32000, 0.0
33.34000, 0.0
33.36000, 0.0
33.38000, 0.0
33.40000, 0.0
33.42000, 1.0
33.44000, 0.0
33.46000, 0.0
33.48000, 1.0
33.50000, 0.0
33.52000, 1.0
33.54000, 0.0
33.56000, 0.0
33.58000, 0.0
33.60000, 0.0
33.62000, 0.0
33.64000, 0.0
33.66000, 0.0
33.68000, 0.0
33.70000, 0.0
33.72000, 0.0
33.74000, 1.0
33.76000, 0.0
33.78000, 0.0
33.80000, 0.0
33.82000, 0.0
33.84000, 0.0
33.86000, 0.0
33.88000, 0.0
33.90000, 0.0
33.92000, 0.0
33.94000, 0.0
33.96000, 0.0
33.98000, 0.0
34.00000, 0.0
34.02000, 0.0
34.04000, 0.0
34.06000, 0.0
34.08000, 1.0
34.10000, 0.0
34.12000, 0.0
34.14000, 0.0
34.16000, 0.0
34.18000, 0.0
34.20000, 0.0
34.22000, 1.0
34.24000, 0.0
34.26000, 0.0
34.28000, 0.0
34.30000, 0.0
34.32000, 0.0
34.34000, 0.0
34.36000, 0.0
34.38000, 0.0
34.40000, 0.0
34.42000, 0.0
34.44000, 0.0
34.46000, 0.0
34.48000, 0.0
34.50000, 0.0
34.52000, 0.0
34.54000, 0.0
34.56000, 0.0
34.58000, 0.0
34.60000, 0.0
34.62000, 0.0
34.64000, 0.0
34.66000, 0.0
34.68000, 0.0
34.70000, 0.0
34.72000, 1.0
34.74000, 0.0
34.76000, 0.0
34.78000, 0.0
34.80000, 0.0
34.82000, 0.0
34.84000, 0.0
34.86000, 0.0
34.88000, 0.0
34.90000, 0.0
34.92000, 1.0
34.94000, 0.0
34.96000, 0.0
34.98000, 0.0
35.00000, 0.0
35.02000, 0.0
35.04000, 0.0
35.06000, 0.0
35.08000, 1.0
35.10000, 0.0
35.12000, 0.0
35.14000, 0.0
35.16000, 0.0
35.18000, 0.0
35.20000, 0.0
35.22000, 0.0
35.24000, 0.0
35.26000, 0.0
35.28000, 0.0
35.30000, 0.0
35.32000, 0.0
35.34000, 0.0
35.36000, 0.0
35.38000, 0.0
35.40000, 0.0
35.42000, 0.0
35.44000, 0.0
35.46000, 0.0
35.48000, 0.0
35.50000, 0.0
35.52000, 0.0
35.54000, 1.0
35.56000, 0.0
35.58000, 0.0
35.60000, 0.0
35.62000, 0.0
35.64000, 0.0
35.66000, 0.0
35.68000, 0.0
35.70000, 0.0
35.72000, 0.0
35.74000, 0.0
35.76000, 0.0
35.78000, 0.0
35.80000, 0.0
35.82000, 0.0
35.84000, 0.0
35.86000, 0.0
35.88000, 0.0
35.90000, 0.0
35.92000, 0.0
35.94000, 0.0
35.96000, 0.0
35.98000, 0.0
36.00000, 0.0
36.02000, 0.0
36.04000, 1.0
36.06000, 0.0
36.08000, 0.0
36.10000, 0.0
36.12000, 0.0
36.14000, 0.0
36.16000, 0.0
36.18000, 0.0
36.20000, 0.0
36.22000, 0.0
36.24000, 0.0
36.26000, 0.0
36.28000, 0.0
36.30000, 0.0
36.32000, 0.0
36.34000, 1.0
36.36000, 1.0
36.38000, 1.0
36.40000, 0.0
36.42000, 0.0
36.44000, 0.0
36.46000, 1.0
36.48000, 0.0
36.50000, 0.0
36.52000, 0.0
36.54000, 0.0
36.56000, 0.0
36.58000, 0.0
36.60000, 0.0
36.62000, 0.0
36.64000, 0.0
36.66000, 0.0
36.68000, 0.0
36.70000, 0.0
36.72000, 0.0
36.74000, 0.0
36.76000, 0.0
36.78000, 0.0
36.80000, 0.0
36.82000, 0.0
36.84000, 0.0
36.86000, 0.0
36.88000, 0.0
36.90000, 0.0
36.92000, 0.0
36.94000, 0.0
36.96000, 0.0
36.98000, 0.0
37.00000, 0.0
37.02000, 0.0
37.04000, 0.0
37.06000, 0.0
37.08000, 0.0
37.10000, 0.0
37.12000, 0.0
37.14000, 0.0
37.16000, 0.0
37.18000, 0.0
37.20000, 0.0
37.22000, 0.0
37.24000, 0.0
37.26000, 0.0
37.28000, 0.0
37.30000, 0.0
37.32000, 0.0
37.34000, 0.0
37.36000, 0.0
37.38000, 0.0
37.40000, 0.0
37.42000, 0.0
37.44000, 0.0
37.46000, 0.0
37.48000, 0.0
37.50000, 0.0
37.52000, 0.0
37.54000, 0.0
37.56000, 0.0
37.58000, 0.0
37.60000, 0.0
37.62000, 0.0
37.64000, 0.0
37.66000, 0.0
37.68000, 0.0
37.70000, 0.0
37.72000, 0.0
37.74000, 0.0
37.76000, 0.0
37.78000, 0.0
37.80000, 0.0
37.82000, 0.0
37.84000, 0.0
37.86000, 0.0
37.88000, 0.0
37.90000, 0.0
37.92000, 0.0
37.94000, 0.0
37.96000, 0.0
37.98000, 0.0
38.00000, 0.0
38.02000, 0.0
38.04000, 0.0
38.06000, 0.0
38.08000, 0.0
38.10000, 0.0
38.12000, 0.0
38.14000, 0.0
38.16000, 0.0
38.18000, 0.0
38.20000, 0.0
38.22000, 0.0
38.24000, 0.0
38.26000, 0.0
38.28000, 0.0
38.30000, 0.0
38.32000, 0.0
38.34000, 0.0
38.36000, 0.0
38.38000, 0.0
38.40000, 0.0
38.42000, 0.0
38.44000, 0.0
38.46000, 0.0
38.48000, 0.0
38.50000, 0.0
38.52000, 0.0
38.54000, 0.0
38.56000, 0.0
38.58000, 0.0
38.60000, 0.0
38.62000, 0.0
38.64000, 0.0
38.66000, 0.0
38.68000, 0.0
38.70000, 0.0
38.72000, 0.0
38.74000, 0.0
38.76000, 0.0
38.78000, 0.0
38.80000, 0.0
38.82000, 0.0
38.84000, 0.0
38.86000, 0.0
38.88000, 0.0
38.90000, 0.0
38.92000, 0.0
38.94000, 0.0
38.96000, 0.0
38.98000, 0.0
39.00000, 0.0
39.02000, 0.0
39.04000, 0.0
39.06000, 0.0
39.08000, 0.0
39.10000, 0.0
39.12000, 0.0
39.14000, 0.0
39.16000, 0.0
39.18000, 0.0
39.20000, 0.0
39.22000, 0.0
39.24000, 0.0
39.26000, 0.0
39.28000, 0.0
39.30000, 0.0
39.32000, 0.0
39.34000, 0.0
39.36000, 0.0
39.38000, 0.0
39.40000, 0.0
39.42000, 0.0
39.44000, 0.0
39.46000, 0.0
39.48000, 0.0
39.50000, 0.0
39.52000, 0.0
39.54000, 0.0
39.56000, 0.0
39.58000, 0.0
39.60000, 1.0
39.62000, 0.0
39.64000, 0.0
39.66000, 0.0
39.68000, 1.0
39.70000, 0.0
39.72000, 0.0
39.74000, 0.0
39.76000, 0.0
39.78000, 0.0
39.80000, 0.0
39.82000, 0.0
39.84000, 0.0
39.86000, 0.0
39.88000, 0.0
39.90000, 0.0
39.92000, 0.0
39.94000, 0.0
39.96000, 0.0
39.98000, 0.0
40.00000, 0.0
40.02000, 0.0
40.04000, 0.0
40.06000, 0.0
40.08000, 0.0
40.10000, 0.0
40.12000, 0.0
40.14000, 0.0
40.16000, 0.0
40.18000, 0.0
40.20000, 0.0
40.22000, 0.0
40.24000, 0.0
40.26000, 0.0
40.28000, 0.0
40.30000, 0.0
40.32000, 0.0
40.34000, 0.0
40.36000, 0.0
40.38000, 0.0
40.40000, 0.0
40.42000, 0.0
40.44000, 0.0
40.46000, 0.0
40.48000, 0.0
40.50000, 0.0
40.52000, 0.0
40.54000, 0.0
#ENDOFDATA   : 
