#FORMAT      : EMSA/MAS Spectral Data File
#VERSION     : 1.0
#TITLE       : C10A2_10k_310724_Point_2
#DATE        : 30-JUL-2024
#TIME        : 10:49
#OWNER       : 
#NPOINTS     : 2048.0
#NCOLUMNS    : 1.0
#XUNITS      : keV
#YUNITS      : counts
#DATATYPE    : XY
#XPERCHAN    : 0.005
#OFFSET      : -0.1
#SIGNALTYPE  : EDS
#CHOFFSET    : 20.0
#LIVETIME    : 60.0
#REALTIME    : 60.647937775
#BEAMKV      : 10.0
#MAGCAM      : 5000.0
#XTILTSTGE   : 0.0
#AZIMANGLE   : 0.0
#ELEVANGLE   : 25.5
#XPOSITION mm: -0.4063
#YPOSITION mm: -1.2208
#ZPOSITION mm: 13.8600
##OXINSTPT   : 2
##OXINSTSTROB: 69.76
##OXINSTELEMS: 6,8,29,79,78,14
##OXINSTLABEL: 6, 0.277, C K?1_2
##OXINSTLABEL: 8, 0.525, O K?1
##OXINSTLABEL: 29, 8.048, Cu K?1
##OXINSTLABEL: 29, 8.905, Cu K?1
##OXINSTLABEL: 29, 0.930, Cu L?1,2
##OXINSTLABEL: 29, 0.832, Cu L?
##OXINSTLABEL: 29, 0.811, Cu Ll
##OXINSTLABEL: 79, 9.713, Au L?1
##OXINSTLABEL: 79, 8.494, Au Ll
##OXINSTLABEL: 79, 2.123, Au M?1
##OXINSTLABEL: 79, 2.410, Au M?
##OXINSTLABEL: 79, 1.648, Au M?2
##OXINSTLABEL: 79, 0.265, Au N4-N6
##OXINSTLABEL: 79, 0.251, Au N5-N6,7
##OXINSTLABEL: 78, 9.442, Pt L?1
##OXINSTLABEL: 78, 9.975, Pt L?
##OXINSTLABEL: 78, 8.268, Pt Ll
##OXINSTLABEL: 78, 2.050, Pt M?1
##OXINSTLABEL: 78, 2.331, Pt M?
##OXINSTLABEL: 78, 1.592, Pt M?2
##OXINSTLABEL: 78, 0.258, Pt N4-N6
##OXINSTLABEL: 78, 0.244, Pt N5-N6,7
##OXINSTLABEL: 14, 1.740, Si K?1
#SPECTRUM    : Spectral Data Starts Here
-0.10000, 0.0
-0.09500, 0.0
-0.09000, 0.0
-0.08500, 0.0
-0.08000, 1.0
-0.07500, 4.0
-0.07000, 4.0
-0.06500, 9.0
-0.06000, 8.0
-0.05500, 15.0
-0.05000, 21.0
-0.04500, 34.0
-0.04000, 45.0
-0.03500, 74.0
-0.03000, 101.0
-0.02500, 150.0
-0.02000, 210.0
-0.01500, 285.0
-0.01000, 361.0
-0.00500, 491.0
0.00000, 556.0
0.00500, 664.0
0.01000, 801.0
0.01500, 918.0
0.02000, 1016.0
0.02500, 1163.0
0.03000, 1213.0
0.03500, 1277.0
0.04000, 1314.0
0.04500, 1324.0
0.05000, 1320.0
0.05500, 1338.0
0.06000, 1225.0
0.06500, 1136.0
0.07000, 1014.0
0.07500, 882.0
0.08000, 733.0
0.08500, 602.0
0.09000, 504.0
0.09500, 413.0
0.10000, 328.0
0.10500, 240.0
0.11000, 186.0
0.11500, 153.0
0.12000, 119.0
0.12500, 82.0
0.13000, 77.0
0.13500, 67.0
0.14000, 74.0
0.14500, 59.0
0.15000, 67.0
0.15500, 79.0
0.16000, 80.0
0.16500, 67.0
0.17000, 71.0
0.17500, 65.0
0.18000, 63.0
0.18500, 54.0
0.19000, 54.0
0.19500, 57.0
0.20000, 56.0
0.20500, 60.0
0.21000, 43.0
0.21500, 44.0
0.22000, 48.0
0.22500, 49.0
0.23000, 49.0
0.23500, 51.0
0.24000, 46.0
0.24500, 62.0
0.25000, 74.0
0.25500, 72.0
0.26000, 86.0
0.26500, 78.0
0.27000, 78.0
0.27500, 85.0
0.28000, 80.0
0.28500, 61.0
0.29000, 70.0
0.29500, 64.0
0.30000, 61.0
0.30500, 62.0
0.31000, 50.0
0.31500, 36.0
0.32000, 28.0
0.32500, 30.0
0.33000, 23.0
0.33500, 20.0
0.34000, 17.0
0.34500, 20.0
0.35000, 20.0
0.35500, 15.0
0.36000, 13.0
0.36500, 12.0
0.37000, 12.0
0.37500, 15.0
0.38000, 16.0
0.38500, 15.0
0.39000, 16.0
0.39500, 15.0
0.40000, 14.0
0.40500, 10.0
0.41000, 15.0
0.41500, 18.0
0.42000, 18.0
0.42500, 21.0
0.43000, 27.0
0.43500, 36.0
0.44000, 34.0
0.44500, 31.0
0.45000, 38.0
0.45500, 48.0
0.46000, 62.0
0.46500, 63.0
0.47000, 70.0
0.47500, 101.0
0.48000, 111.0
0.48500, 129.0
0.49000, 148.0
0.49500, 178.0
0.50000, 182.0
0.50500, 190.0
0.51000, 207.0
0.51500, 222.0
0.52000, 218.0
0.52500, 222.0
0.53000, 223.0
0.53500, 202.0
0.54000, 191.0
0.54500, 189.0
0.55000, 192.0
0.55500, 168.0
0.56000, 139.0
0.56500, 116.0
0.57000, 107.0
0.57500, 103.0
0.58000, 72.0
0.58500, 54.0
0.59000, 50.0
0.59500, 48.0
0.60000, 37.0
0.60500, 34.0
0.61000, 30.0
0.61500, 26.0
0.62000, 27.0
0.62500, 24.0
0.63000, 19.0
0.63500, 22.0
0.64000, 24.0
0.64500, 19.0
0.65000, 27.0
0.65500, 25.0
0.66000, 20.0
0.66500, 21.0
0.67000, 20.0
0.67500, 22.0
0.68000, 24.0
0.68500, 26.0
0.69000, 25.0
0.69500, 22.0
0.70000, 18.0
0.70500, 26.0
0.71000, 20.0
0.71500, 17.0
0.72000, 20.0
0.72500, 24.0
0.73000, 25.0
0.73500, 24.0
0.74000, 25.0
0.74500, 25.0
0.75000, 27.0
0.75500, 32.0
0.76000, 25.0
0.76500, 26.0
0.77000, 23.0
0.77500, 21.0
0.78000, 24.0
0.78500, 25.0
0.79000, 23.0
0.79500, 23.0
0.80000, 26.0
0.80500, 26.0
0.81000, 27.0
0.81500, 27.0
0.82000, 32.0
0.82500, 33.0
0.83000, 30.0
0.83500, 30.0
0.84000, 27.0
0.84500, 30.0
0.85000, 28.0
0.85500, 32.0
0.86000, 36.0
0.86500, 35.0
0.87000, 31.0
0.87500, 31.0
0.88000, 31.0
0.88500, 27.0
0.89000, 23.0
0.89500, 30.0
0.90000, 33.0
0.90500, 30.0
0.91000, 32.0
0.91500, 32.0
0.92000, 35.0
0.92500, 30.0
0.93000, 29.0
0.93500, 33.0
0.94000, 29.0
0.94500, 32.0
0.95000, 30.0
0.95500, 27.0
0.96000, 27.0
0.96500, 31.0
0.97000, 32.0
0.97500, 36.0
0.98000, 37.0
0.98500, 39.0
0.99000, 42.0
0.99500, 37.0
1.00000, 32.0
1.00500, 32.0
1.01000, 27.0
1.01500, 30.0
1.02000, 35.0
1.02500, 35.0
1.03000, 42.0
1.03500, 45.0
1.04000, 33.0
1.04500, 33.0
1.05000, 36.0
1.05500, 31.0
1.06000, 32.0
1.06500, 34.0
1.07000, 38.0
1.07500, 38.0
1.08000, 33.0
1.08500, 30.0
1.09000, 34.0
1.09500, 36.0
1.10000, 33.0
1.10500, 37.0
1.11000, 36.0
1.11500, 33.0
1.12000, 35.0
1.12500, 39.0
1.13000, 38.0
1.13500, 32.0
1.14000, 29.0
1.14500, 27.0
1.15000, 34.0
1.15500, 34.0
1.16000, 26.0
1.16500, 33.0
1.17000, 37.0
1.17500, 32.0
1.18000, 32.0
1.18500, 34.0
1.19000, 34.0
1.19500, 37.0
1.20000, 34.0
1.20500, 33.0
1.21000, 30.0
1.21500, 34.0
1.22000, 38.0
1.22500, 35.0
1.23000, 33.0
1.23500, 36.0
1.24000, 37.0
1.24500, 30.0
1.25000, 27.0
1.25500, 34.0
1.26000, 32.0
1.26500, 27.0
1.27000, 32.0
1.27500, 37.0
1.28000, 32.0
1.28500, 31.0
1.29000, 32.0
1.29500, 38.0
1.30000, 41.0
1.30500, 35.0
1.31000, 36.0
1.31500, 40.0
1.32000, 37.0
1.32500, 33.0
1.33000, 35.0
1.33500, 31.0
1.34000, 32.0
1.34500, 34.0
1.35000, 34.0
1.35500, 30.0
1.36000, 31.0
1.36500, 38.0
1.37000, 42.0
1.37500, 40.0
1.38000, 36.0
1.38500, 36.0
1.39000, 38.0
1.39500, 39.0
1.40000, 34.0
1.40500, 29.0
1.41000, 36.0
1.41500, 36.0
1.42000, 30.0
1.42500, 32.0
1.43000, 40.0
1.43500, 44.0
1.44000, 39.0
1.44500, 40.0
1.45000, 41.0
1.45500, 48.0
1.46000, 42.0
1.46500, 33.0
1.47000, 30.0
1.47500, 28.0
1.48000, 35.0
1.48500, 33.0
1.49000, 35.0
1.49500, 41.0
1.50000, 44.0
1.50500, 39.0
1.51000, 27.0
1.51500, 28.0
1.52000, 33.0
1.52500, 30.0
1.53000, 37.0
1.53500, 44.0
1.54000, 36.0
1.54500, 33.0
1.55000, 40.0
1.55500, 34.0
1.56000, 33.0
1.56500, 36.0
1.57000, 34.0
1.57500, 34.0
1.58000, 30.0
1.58500, 32.0
1.59000, 38.0
1.59500, 40.0
1.60000, 50.0
1.60500, 52.0
1.61000, 38.0
1.61500, 44.0
1.62000, 58.0
1.62500, 65.0
1.63000, 73.0
1.63500, 89.0
1.64000, 99.0
1.64500, 113.0
1.65000, 152.0
1.65500, 180.0
1.66000, 238.0
1.66500, 287.0
1.67000, 326.0
1.67500, 407.0
1.68000, 505.0
1.68500, 615.0
1.69000, 720.0
1.69500, 833.0
1.70000, 963.0
1.70500, 1051.0
1.71000, 1146.0
1.71500, 1249.0
1.72000, 1337.0
1.72500, 1390.0
1.73000, 1484.0
1.73500, 1590.0
1.74000, 1618.0
1.74500, 1592.0
1.75000, 1527.0
1.75500, 1487.0
1.76000, 1453.0
1.76500, 1412.0
1.77000, 1304.0
1.77500, 1174.0
1.78000, 1077.0
1.78500, 973.0
1.79000, 833.0
1.79500, 695.0
1.80000, 643.0
1.80500, 567.0
1.81000, 473.0
1.81500, 406.0
1.82000, 324.0
1.82500, 271.0
1.83000, 222.0
1.83500, 191.0
1.84000, 167.0
1.84500, 156.0
1.85000, 137.0
1.85500, 116.0
1.86000, 112.0
1.86500, 92.0
1.87000, 81.0
1.87500, 67.0
1.88000, 55.0
1.88500, 62.0
1.89000, 60.0
1.89500, 48.0
1.90000, 35.0
1.90500, 37.0
1.91000, 39.0
1.91500, 31.0
1.92000, 34.0
1.92500, 24.0
1.93000, 27.0
1.93500, 24.0
1.94000, 22.0
1.94500, 24.0
1.95000, 25.0
1.95500, 29.0
1.96000, 28.0
1.96500, 23.0
1.97000, 17.0
1.97500, 22.0
1.98000, 28.0
1.98500, 25.0
1.99000, 23.0
1.99500, 25.0
2.00000, 30.0
2.00500, 28.0
2.01000, 27.0
2.01500, 28.0
2.02000, 26.0
2.02500, 28.0
2.03000, 28.0
2.03500, 29.0
2.04000, 29.0
2.04500, 21.0
2.05000, 23.0
2.05500, 19.0
2.06000, 18.0
2.06500, 23.0
2.07000, 31.0
2.07500, 30.0
2.08000, 23.0
2.08500, 20.0
2.09000, 21.0
2.09500, 27.0
2.10000, 27.0
2.10500, 20.0
2.11000, 23.0
2.11500, 23.0
2.12000, 25.0
2.12500, 25.0
2.13000, 24.0
2.13500, 26.0
2.14000, 22.0
2.14500, 18.0
2.15000, 19.0
2.15500, 25.0
2.16000, 21.0
2.16500, 17.0
2.17000, 26.0
2.17500, 22.0
2.18000, 22.0
2.18500, 24.0
2.19000, 33.0
2.19500, 36.0
2.20000, 40.0
2.20500, 50.0
2.21000, 58.0
2.21500, 69.0
2.22000, 79.0
2.22500, 100.0
2.23000, 108.0
2.23500, 118.0
2.24000, 145.0
2.24500, 163.0
2.25000, 174.0
2.25500, 199.0
2.26000, 217.0
2.26500, 248.0
2.27000, 289.0
2.27500, 326.0
2.28000, 330.0
2.28500, 351.0
2.29000, 332.0
2.29500, 356.0
2.30000, 387.0
2.30500, 383.0
2.31000, 395.0
2.31500, 386.0
2.32000, 373.0
2.32500, 382.0
2.33000, 344.0
2.33500, 319.0
2.34000, 296.0
2.34500, 266.0
2.35000, 257.0
2.35500, 255.0
2.36000, 233.0
2.36500, 200.0
2.37000, 161.0
2.37500, 178.0
2.38000, 156.0
2.38500, 146.0
2.39000, 142.0
2.39500, 135.0
2.40000, 118.0
2.40500, 104.0
2.41000, 111.0
2.41500, 115.0
2.42000, 107.0
2.42500, 93.0
2.43000, 94.0
2.43500, 98.0
2.44000, 84.0
2.44500, 75.0
2.45000, 66.0
2.45500, 81.0
2.46000, 74.0
2.46500, 57.0
2.47000, 62.0
2.47500, 57.0
2.48000, 58.0
2.48500, 48.0
2.49000, 47.0
2.49500, 46.0
2.50000, 41.0
2.50500, 40.0
2.51000, 38.0
2.51500, 35.0
2.52000, 35.0
2.52500, 27.0
2.53000, 25.0
2.53500, 26.0
2.54000, 22.0
2.54500, 22.0
2.55000, 22.0
2.55500, 29.0
2.56000, 25.0
2.56500, 23.0
2.57000, 21.0
2.57500, 21.0
2.58000, 21.0
2.58500, 16.0
2.59000, 20.0
2.59500, 14.0
2.60000, 16.0
2.60500, 17.0
2.61000, 17.0
2.61500, 17.0
2.62000, 17.0
2.62500, 19.0
2.63000, 17.0
2.63500, 15.0
2.64000, 12.0
2.64500, 19.0
2.65000, 18.0
2.65500, 18.0
2.66000, 12.0
2.66500, 17.0
2.67000, 12.0
2.67500, 18.0
2.68000, 20.0
2.68500, 10.0
2.69000, 15.0
2.69500, 19.0
2.70000, 18.0
2.70500, 19.0
2.71000, 14.0
2.71500, 12.0
2.72000, 15.0
2.72500, 14.0
2.73000, 14.0
2.73500, 11.0
2.74000, 8.0
2.74500, 10.0
2.75000, 12.0
2.75500, 15.0
2.76000, 17.0
2.76500, 17.0
2.77000, 13.0
2.77500, 19.0
2.78000, 16.0
2.78500, 12.0
2.79000, 16.0
2.79500, 16.0
2.80000, 16.0
2.80500, 12.0
2.81000, 13.0
2.81500, 12.0
2.82000, 18.0
2.82500, 10.0
2.83000, 11.0
2.83500, 25.0
2.84000, 17.0
2.84500, 20.0
2.85000, 12.0
2.85500, 16.0
2.86000, 10.0
2.86500, 14.0
2.87000, 11.0
2.87500, 16.0
2.88000, 13.0
2.88500, 14.0
2.89000, 10.0
2.89500, 19.0
2.90000, 12.0
2.90500, 9.0
2.91000, 10.0
2.91500, 7.0
2.92000, 10.0
2.92500, 11.0
2.93000, 9.0
2.93500, 8.0
2.94000, 15.0
2.94500, 22.0
2.95000, 13.0
2.95500, 10.0
2.96000, 12.0
2.96500, 12.0
2.97000, 12.0
2.97500, 18.0
2.98000, 10.0
2.98500, 10.0
2.99000, 16.0
2.99500, 12.0
3.00000, 11.0
3.00500, 14.0
3.01000, 7.0
3.01500, 10.0
3.02000, 8.0
3.02500, 6.0
3.03000, 8.0
3.03500, 10.0
3.04000, 9.0
3.04500, 10.0
3.05000, 15.0
3.05500, 12.0
3.06000, 18.0
3.06500, 14.0
3.07000, 16.0
3.07500, 8.0
3.08000, 11.0
3.08500, 18.0
3.09000, 10.0
3.09500, 15.0
3.10000, 10.0
3.10500, 8.0
3.11000, 8.0
3.11500, 6.0
3.12000, 8.0
3.12500, 16.0
3.13000, 11.0
3.13500, 11.0
3.14000, 17.0
3.14500, 13.0
3.15000, 13.0
3.15500, 8.0
3.16000, 8.0
3.16500, 13.0
3.17000, 15.0
3.17500, 10.0
3.18000, 10.0
3.18500, 17.0
3.19000, 10.0
3.19500, 9.0
3.20000, 17.0
3.20500, 14.0
3.21000, 8.0
3.21500, 9.0
3.22000, 14.0
3.22500, 17.0
3.23000, 11.0
3.23500, 8.0
3.24000, 7.0
3.24500, 14.0
3.25000, 13.0
3.25500, 10.0
3.26000, 10.0
3.26500, 7.0
3.27000, 11.0
3.27500, 10.0
3.28000, 14.0
3.28500, 11.0
3.29000, 14.0
3.29500, 17.0
3.30000, 14.0
3.30500, 8.0
3.31000, 12.0
3.31500, 8.0
3.32000, 13.0
3.32500, 10.0
3.33000, 10.0
3.33500, 12.0
3.34000, 15.0
3.34500, 10.0
3.35000, 10.0
3.35500, 12.0
3.36000, 9.0
3.36500, 9.0
3.37000, 14.0
3.37500, 14.0
3.38000, 9.0
3.38500, 11.0
3.39000, 5.0
3.39500, 12.0
3.40000, 7.0
3.40500, 7.0
3.41000, 11.0
3.41500, 6.0
3.42000, 11.0
3.42500, 8.0
3.43000, 11.0
3.43500, 9.0
3.44000, 10.0
3.44500, 7.0
3.45000, 14.0
3.45500, 10.0
3.46000, 13.0
3.46500, 9.0
3.47000, 7.0
3.47500, 11.0
3.48000, 11.0
3.48500, 12.0
3.49000, 10.0
3.49500, 9.0
3.50000, 8.0
3.50500, 14.0
3.51000, 7.0
3.51500, 3.0
3.52000, 9.0
3.52500, 6.0
3.53000, 11.0
3.53500, 8.0
3.54000, 18.0
3.54500, 10.0
3.55000, 5.0
3.55500, 10.0
3.56000, 14.0
3.56500, 9.0
3.57000, 7.0
3.57500, 12.0
3.58000, 14.0
3.58500, 6.0
3.59000, 10.0
3.59500, 18.0
3.60000, 10.0
3.60500, 10.0
3.61000, 15.0
3.61500, 8.0
3.62000, 9.0
3.62500, 12.0
3.63000, 9.0
3.63500, 6.0
3.64000, 11.0
3.64500, 8.0
3.65000, 11.0
3.65500, 11.0
3.66000, 11.0
3.66500, 7.0
3.67000, 10.0
3.67500, 8.0
3.68000, 8.0
3.68500, 5.0
3.69000, 7.0
3.69500, 7.0
3.70000, 10.0
3.70500, 11.0
3.71000, 7.0
3.71500, 8.0
3.72000, 15.0
3.72500, 12.0
3.73000, 7.0
3.73500, 12.0
3.74000, 9.0
3.74500, 7.0
3.75000, 5.0
3.75500, 15.0
3.76000, 8.0
3.76500, 9.0
3.77000, 12.0
3.77500, 11.0
3.78000, 14.0
3.78500, 14.0
3.79000, 10.0
3.79500, 9.0
3.80000, 9.0
3.80500, 8.0
3.81000, 15.0
3.81500, 12.0
3.82000, 8.0
3.82500, 14.0
3.83000, 6.0
3.83500, 13.0
3.84000, 14.0
3.84500, 12.0
3.85000, 6.0
3.85500, 7.0
3.86000, 7.0
3.86500, 5.0
3.87000, 8.0
3.87500, 7.0
3.88000, 12.0
3.88500, 7.0
3.89000, 5.0
3.89500, 8.0
3.90000, 9.0
3.90500, 13.0
3.91000, 6.0
3.91500, 10.0
3.92000, 7.0
3.92500, 12.0
3.93000, 11.0
3.93500, 9.0
3.94000, 12.0
3.94500, 7.0
3.95000, 5.0
3.95500, 10.0
3.96000, 7.0
3.96500, 6.0
3.97000, 10.0
3.97500, 7.0
3.98000, 2.0
3.98500, 9.0
3.99000, 15.0
3.99500, 9.0
4.00000, 11.0
4.00500, 7.0
4.01000, 14.0
4.01500, 5.0
4.02000, 10.0
4.02500, 13.0
4.03000, 7.0
4.03500, 12.0
4.04000, 11.0
4.04500, 10.0
4.05000, 13.0
4.05500, 9.0
4.06000, 10.0
4.06500, 6.0
4.07000, 9.0
4.07500, 10.0
4.08000, 9.0
4.08500, 3.0
4.09000, 9.0
4.09500, 7.0
4.10000, 11.0
4.10500, 8.0
4.11000, 11.0
4.11500, 6.0
4.12000, 8.0
4.12500, 8.0
4.13000, 6.0
4.13500, 11.0
4.14000, 7.0
4.14500, 4.0
4.15000, 4.0
4.15500, 4.0
4.16000, 10.0
4.16500, 11.0
4.17000, 6.0
4.17500, 5.0
4.18000, 9.0
4.18500, 14.0
4.19000, 7.0
4.19500, 8.0
4.20000, 9.0
4.20500, 11.0
4.21000, 9.0
4.21500, 14.0
4.22000, 8.0
4.22500, 7.0
4.23000, 12.0
4.23500, 6.0
4.24000, 6.0
4.24500, 7.0
4.25000, 5.0
4.25500, 3.0
4.26000, 12.0
4.26500, 4.0
4.27000, 12.0
4.27500, 10.0
4.28000, 10.0
4.28500, 8.0
4.29000, 9.0
4.29500, 7.0
4.30000, 8.0
4.30500, 9.0
4.31000, 6.0
4.31500, 11.0
4.32000, 7.0
4.32500, 6.0
4.33000, 2.0
4.33500, 7.0
4.34000, 7.0
4.34500, 12.0
4.35000, 5.0
4.35500, 5.0
4.36000, 10.0
4.36500, 8.0
4.37000, 4.0
4.37500, 9.0
4.38000, 9.0
4.38500, 9.0
4.39000, 3.0
4.39500, 8.0
4.40000, 8.0
4.40500, 7.0
4.41000, 3.0
4.41500, 10.0
4.42000, 7.0
4.42500, 6.0
4.43000, 6.0
4.43500, 7.0
4.44000, 4.0
4.44500, 7.0
4.45000, 9.0
4.45500, 9.0
4.46000, 12.0
4.46500, 7.0
4.47000, 4.0
4.47500, 4.0
4.48000, 5.0
4.48500, 8.0
4.49000, 7.0
4.49500, 5.0
4.50000, 7.0
4.50500, 5.0
4.51000, 5.0
4.51500, 8.0
4.52000, 9.0
4.52500, 8.0
4.53000, 4.0
4.53500, 6.0
4.54000, 8.0
4.54500, 13.0
4.55000, 10.0
4.55500, 5.0
4.56000, 7.0
4.56500, 5.0
4.57000, 5.0
4.57500, 6.0
4.58000, 9.0
4.58500, 6.0
4.59000, 6.0
4.59500, 9.0
4.60000, 9.0
4.60500, 6.0
4.61000, 3.0
4.61500, 7.0
4.62000, 6.0
4.62500, 7.0
4.63000, 6.0
4.63500, 9.0
4.64000, 6.0
4.64500, 16.0
4.65000, 9.0
4.65500, 6.0
4.66000, 4.0
4.66500, 7.0
4.67000, 7.0
4.67500, 5.0
4.68000, 11.0
4.68500, 5.0
4.69000, 5.0
4.69500, 8.0
4.70000, 6.0
4.70500, 7.0
4.71000, 6.0
4.71500, 8.0
4.72000, 8.0
4.72500, 7.0
4.73000, 7.0
4.73500, 6.0
4.74000, 8.0
4.74500, 6.0
4.75000, 4.0
4.75500, 3.0
4.76000, 9.0
4.76500, 8.0
4.77000, 2.0
4.77500, 3.0
4.78000, 4.0
4.78500, 11.0
4.79000, 7.0
4.79500, 6.0
4.80000, 6.0
4.80500, 9.0
4.81000, 6.0
4.81500, 5.0
4.82000, 7.0
4.82500, 4.0
4.83000, 6.0
4.83500, 5.0
4.84000, 6.0
4.84500, 5.0
4.85000, 7.0
4.85500, 5.0
4.86000, 3.0
4.86500, 2.0
4.87000, 4.0
4.87500, 6.0
4.88000, 4.0
4.88500, 5.0
4.89000, 5.0
4.89500, 10.0
4.90000, 5.0
4.90500, 3.0
4.91000, 5.0
4.91500, 3.0
4.92000, 6.0
4.92500, 5.0
4.93000, 4.0
4.93500, 3.0
4.94000, 8.0
4.94500, 6.0
4.95000, 10.0
4.95500, 7.0
4.96000, 3.0
4.96500, 6.0
4.97000, 5.0
4.97500, 4.0
4.98000, 9.0
4.98500, 7.0
4.99000, 7.0
4.99500, 2.0
5.00000, 4.0
5.00500, 3.0
5.01000, 4.0
5.01500, 5.0
5.02000, 6.0
5.02500, 8.0
5.03000, 10.0
5.03500, 8.0
5.04000, 5.0
5.04500, 6.0
5.05000, 6.0
5.05500, 5.0
5.06000, 6.0
5.06500, 8.0
5.07000, 7.0
5.07500, 8.0
5.08000, 8.0
5.08500, 7.0
5.09000, 5.0
5.09500, 5.0
5.10000, 5.0
5.10500, 5.0
5.11000, 2.0
5.11500, 4.0
5.12000, 6.0
5.12500, 5.0
5.13000, 7.0
5.13500, 6.0
5.14000, 4.0
5.14500, 4.0
5.15000, 6.0
5.15500, 5.0
5.16000, 5.0
5.16500, 5.0
5.17000, 5.0
5.17500, 3.0
5.18000, 6.0
5.18500, 5.0
5.19000, 6.0
5.19500, 6.0
5.20000, 4.0
5.20500, 2.0
5.21000, 3.0
5.21500, 5.0
5.22000, 5.0
5.22500, 6.0
5.23000, 7.0
5.23500, 5.0
5.24000, 3.0
5.24500, 4.0
5.25000, 4.0
5.25500, 7.0
5.26000, 5.0
5.26500, 4.0
5.27000, 6.0
5.27500, 10.0
5.28000, 8.0
5.28500, 6.0
5.29000, 4.0
5.29500, 4.0
5.30000, 5.0
5.30500, 3.0
5.31000, 6.0
5.31500, 6.0
5.32000, 7.0
5.32500, 7.0
5.33000, 5.0
5.33500, 6.0
5.34000, 5.0
5.34500, 3.0
5.35000, 7.0
5.35500, 9.0
5.36000, 5.0
5.36500, 4.0
5.37000, 5.0
5.37500, 4.0
5.38000, 4.0
5.38500, 3.0
5.39000, 2.0
5.39500, 3.0
5.40000, 4.0
5.40500, 3.0
5.41000, 1.0
5.41500, 3.0
5.42000, 5.0
5.42500, 4.0
5.43000, 6.0
5.43500, 5.0
5.44000, 3.0
5.44500, 3.0
5.45000, 4.0
5.45500, 5.0
5.46000, 3.0
5.46500, 4.0
5.47000, 6.0
5.47500, 7.0
5.48000, 8.0
5.48500, 7.0
5.49000, 6.0
5.49500, 6.0
5.50000, 6.0
5.50500, 2.0
5.51000, 5.0
5.51500, 5.0
5.52000, 4.0
5.52500, 4.0
5.53000, 2.0
5.53500, 6.0
5.54000, 6.0
5.54500, 4.0
5.55000, 3.0
5.55500, 5.0
5.56000, 4.0
5.56500, 6.0
5.57000, 5.0
5.57500, 3.0
5.58000, 5.0
5.58500, 3.0
5.59000, 4.0
5.59500, 3.0
5.60000, 2.0
5.60500, 4.0
5.61000, 4.0
5.61500, 3.0
5.62000, 5.0
5.62500, 5.0
5.63000, 3.0
5.63500, 4.0
5.64000, 4.0
5.64500, 5.0
5.65000, 5.0
5.65500, 6.0
5.66000, 7.0
5.66500, 8.0
5.67000, 5.0
5.67500, 4.0
5.68000, 6.0
5.68500, 6.0
5.69000, 3.0
5.69500, 6.0
5.70000, 8.0
5.70500, 5.0
5.71000, 4.0
5.71500, 2.0
5.72000, 2.0
5.72500, 3.0
5.73000, 4.0
5.73500, 4.0
5.74000, 5.0
5.74500, 4.0
5.75000, 5.0
5.75500, 3.0
5.76000, 3.0
5.76500, 6.0
5.77000, 6.0
5.77500, 4.0
5.78000, 2.0
5.78500, 2.0
5.79000, 3.0
5.79500, 4.0
5.80000, 6.0
5.80500, 5.0
5.81000, 4.0
5.81500, 4.0
5.82000, 5.0
5.82500, 7.0
5.83000, 5.0
5.83500, 4.0
5.84000, 4.0
5.84500, 6.0
5.85000, 5.0
5.85500, 5.0
5.86000, 5.0
5.86500, 3.0
5.87000, 4.0
5.87500, 4.0
5.88000, 5.0
5.88500, 3.0
5.89000, 2.0
5.89500, 4.0
5.90000, 5.0
5.90500, 4.0
5.91000, 2.0
5.91500, 3.0
5.92000, 3.0
5.92500, 3.0
5.93000, 2.0
5.93500, 6.0
5.94000, 8.0
5.94500, 7.0
5.95000, 2.0
5.95500, 1.0
5.96000, 1.0
5.96500, 3.0
5.97000, 5.0
5.97500, 5.0
5.98000, 4.0
5.98500, 4.0
5.99000, 5.0
5.99500, 4.0
6.00000, 5.0
6.00500, 5.0
6.01000, 6.0
6.01500, 5.0
6.02000, 4.0
6.02500, 6.0
6.03000, 5.0
6.03500, 4.0
6.04000, 4.0
6.04500, 4.0
6.05000, 3.0
6.05500, 5.0
6.06000, 4.0
6.06500, 1.0
6.07000, 2.0
6.07500, 3.0
6.08000, 4.0
6.08500, 5.0
6.09000, 3.0
6.09500, 4.0
6.10000, 4.0
6.10500, 2.0
6.11000, 3.0
6.11500, 2.0
6.12000, 2.0
6.12500, 2.0
6.13000, 3.0
6.13500, 3.0
6.14000, 3.0
6.14500, 2.0
6.15000, 3.0
6.15500, 5.0
6.16000, 4.0
6.16500, 4.0
6.17000, 3.0
6.17500, 4.0
6.18000, 5.0
6.18500, 3.0
6.19000, 3.0
6.19500, 4.0
6.20000, 3.0
6.20500, 3.0
6.21000, 3.0
6.21500, 5.0
6.22000, 6.0
6.22500, 4.0
6.23000, 2.0
6.23500, 3.0
6.24000, 2.0
6.24500, 1.0
6.25000, 3.0
6.25500, 5.0
6.26000, 7.0
6.26500, 5.0
6.27000, 6.0
6.27500, 5.0
6.28000, 4.0
6.28500, 3.0
6.29000, 4.0
6.29500, 3.0
6.30000, 3.0
6.30500, 4.0
6.31000, 3.0
6.31500, 2.0
6.32000, 3.0
6.32500, 2.0
6.33000, 0.0
6.33500, 2.0
6.34000, 4.0
6.34500, 3.0
6.35000, 4.0
6.35500, 3.0
6.36000, 1.0
6.36500, 0.0
6.37000, 2.0
6.37500, 4.0
6.38000, 5.0
6.38500, 3.0
6.39000, 4.0
6.39500, 5.0
6.40000, 4.0
6.40500, 6.0
6.41000, 4.0
6.41500, 1.0
6.42000, 2.0
6.42500, 3.0
6.43000, 4.0
6.43500, 3.0
6.44000, 4.0
6.44500, 3.0
6.45000, 4.0
6.45500, 2.0
6.46000, 2.0
6.46500, 3.0
6.47000, 2.0
6.47500, 4.0
6.48000, 4.0
6.48500, 4.0
6.49000, 6.0
6.49500, 4.0
6.50000, 3.0
6.50500, 3.0
6.51000, 4.0
6.51500, 4.0
6.52000, 4.0
6.52500, 3.0
6.53000, 4.0
6.53500, 2.0
6.54000, 1.0
6.54500, 3.0
6.55000, 3.0
6.55500, 4.0
6.56000, 4.0
6.56500, 4.0
6.57000, 5.0
6.57500, 6.0
6.58000, 4.0
6.58500, 3.0
6.59000, 2.0
6.59500, 3.0
6.60000, 3.0
6.60500, 2.0
6.61000, 1.0
6.61500, 2.0
6.62000, 1.0
6.62500, 2.0
6.63000, 2.0
6.63500, 2.0
6.64000, 2.0
6.64500, 2.0
6.65000, 2.0
6.65500, 2.0
6.66000, 4.0
6.66500, 4.0
6.67000, 2.0
6.67500, 3.0
6.68000, 3.0
6.68500, 3.0
6.69000, 1.0
6.69500, 2.0
6.70000, 1.0
6.70500, 2.0
6.71000, 3.0
6.71500, 3.0
6.72000, 3.0
6.72500, 1.0
6.73000, 0.0
6.73500, 1.0
6.74000, 2.0
6.74500, 1.0
6.75000, 1.0
6.75500, 1.0
6.76000, 2.0
6.76500, 3.0
6.77000, 2.0
6.77500, 2.0
6.78000, 4.0
6.78500, 4.0
6.79000, 3.0
6.79500, 4.0
6.80000, 3.0
6.80500, 4.0
6.81000, 4.0
6.81500, 5.0
6.82000, 4.0
6.82500, 3.0
6.83000, 2.0
6.83500, 3.0
6.84000, 3.0
6.84500, 2.0
6.85000, 3.0
6.85500, 4.0
6.86000, 3.0
6.86500, 3.0
6.87000, 4.0
6.87500, 3.0
6.88000, 2.0
6.88500, 2.0
6.89000, 3.0
6.89500, 3.0
6.90000, 3.0
6.90500, 5.0
6.91000, 3.0
6.91500, 2.0
6.92000, 2.0
6.92500, 1.0
6.93000, 3.0
6.93500, 3.0
6.94000, 4.0
6.94500, 4.0
6.95000, 2.0
6.95500, 1.0
6.96000, 3.0
6.96500, 4.0
6.97000, 3.0
6.97500, 2.0
6.98000, 3.0
6.98500, 5.0
6.99000, 5.0
6.99500, 3.0
7.00000, 4.0
7.00500, 4.0
7.01000, 5.0
7.01500, 2.0
7.02000, 1.0
7.02500, 3.0
7.03000, 4.0
7.03500, 4.0
7.04000, 5.0
7.04500, 3.0
7.05000, 1.0
7.05500, 2.0
7.06000, 1.0
7.06500, 1.0
7.07000, 2.0
7.07500, 3.0
7.08000, 2.0
7.08500, 1.0
7.09000, 2.0
7.09500, 2.0
7.10000, 3.0
7.10500, 4.0
7.11000, 2.0
7.11500, 2.0
7.12000, 3.0
7.12500, 2.0
7.13000, 5.0
7.13500, 6.0
7.14000, 3.0
7.14500, 4.0
7.15000, 3.0
7.15500, 3.0
7.16000, 3.0
7.16500, 4.0
7.17000, 5.0
7.17500, 4.0
7.18000, 3.0
7.18500, 3.0
7.19000, 2.0
7.19500, 3.0
7.20000, 3.0
7.20500, 2.0
7.21000, 3.0
7.21500, 2.0
7.22000, 2.0
7.22500, 1.0
7.23000, 1.0
7.23500, 3.0
7.24000, 3.0
7.24500, 2.0
7.25000, 4.0
7.25500, 3.0
7.26000, 2.0
7.26500, 4.0
7.27000, 2.0
7.27500, 2.0
7.28000, 3.0
7.28500, 3.0
7.29000, 5.0
7.29500, 4.0
7.30000, 4.0
7.30500, 2.0
7.31000, 1.0
7.31500, 2.0
7.32000, 2.0
7.32500, 1.0
7.33000, 3.0
7.33500, 3.0
7.34000, 0.0
7.34500, 1.0
7.35000, 3.0
7.35500, 3.0
7.36000, 2.0
7.36500, 1.0
7.37000, 3.0
7.37500, 3.0
7.38000, 3.0
7.38500, 4.0
7.39000, 2.0
7.39500, 3.0
7.40000, 0.0
7.40500, 0.0
7.41000, 2.0
7.41500, 3.0
7.42000, 2.0
7.42500, 2.0
7.43000, 2.0
7.43500, 5.0
7.44000, 2.0
7.44500, 2.0
7.45000, 3.0
7.45500, 2.0
7.46000, 2.0
7.46500, 3.0
7.47000, 3.0
7.47500, 1.0
7.48000, 2.0
7.48500, 1.0
7.49000, 2.0
7.49500, 1.0
7.50000, 1.0
7.50500, 2.0
7.51000, 2.0
7.51500, 2.0
7.52000, 1.0
7.52500, 1.0
7.53000, 2.0
7.53500, 3.0
7.54000, 3.0
7.54500, 3.0
7.55000, 2.0
7.55500, 1.0
7.56000, 3.0
7.56500, 3.0
7.57000, 4.0
7.57500, 1.0
7.58000, 2.0
7.58500, 4.0
7.59000, 5.0
7.59500, 3.0
7.60000, 0.0
7.60500, 1.0
7.61000, 2.0
7.61500, 1.0
7.62000, 3.0
7.62500, 5.0
7.63000, 2.0
7.63500, 3.0
7.64000, 2.0
7.64500, 4.0
7.65000, 4.0
7.65500, 1.0
7.66000, 1.0
7.66500, 1.0
7.67000, 3.0
7.67500, 1.0
7.68000, 1.0
7.68500, 1.0
7.69000, 2.0
7.69500, 1.0
7.70000, 3.0
7.70500, 3.0
7.71000, 1.0
7.71500, 1.0
7.72000, 1.0
7.72500, 0.0
7.73000, 2.0
7.73500, 3.0
7.74000, 1.0
7.74500, 0.0
7.75000, 2.0
7.75500, 3.0
7.76000, 1.0
7.76500, 1.0
7.77000, 1.0
7.77500, 4.0
7.78000, 2.0
7.78500, 3.0
7.79000, 0.0
7.79500, 2.0
7.80000, 4.0
7.80500, 2.0
7.81000, 4.0
7.81500, 2.0
7.82000, 2.0
7.82500, 0.0
7.83000, 2.0
7.83500, 3.0
7.84000, 3.0
7.84500, 1.0
7.85000, 4.0
7.85500, 3.0
7.86000, 2.0
7.86500, 2.0
7.87000, 2.0
7.87500, 1.0
7.88000, 2.0
7.88500, 0.0
7.89000, 1.0
7.89500, 3.0
7.90000, 4.0
7.90500, 3.0
7.91000, 3.0
7.91500, 3.0
7.92000, 4.0
7.92500, 2.0
7.93000, 1.0
7.93500, 2.0
7.94000, 2.0
7.94500, 3.0
7.95000, 1.0
7.95500, 3.0
7.96000, 3.0
7.96500, 3.0
7.97000, 5.0
7.97500, 2.0
7.98000, 0.0
7.98500, 1.0
7.99000, 2.0
7.99500, 0.0
8.00000, 1.0
8.00500, 0.0
8.01000, 1.0
8.01500, 1.0
8.02000, 2.0
8.02500, 2.0
8.03000, 1.0
8.03500, 2.0
8.04000, 1.0
8.04500, 2.0
8.05000, 2.0
8.05500, 1.0
8.06000, 1.0
8.06500, 1.0
8.07000, 2.0
8.07500, 0.0
8.08000, 0.0
8.08500, 1.0
8.09000, 3.0
8.09500, 0.0
8.10000, 3.0
8.10500, 2.0
8.11000, 1.0
8.11500, 1.0
8.12000, 2.0
8.12500, 3.0
8.13000, 1.0
8.13500, 0.0
8.14000, 1.0
8.14500, 4.0
8.15000, 2.0
8.15500, 4.0
8.16000, 1.0
8.16500, 2.0
8.17000, 3.0
8.17500, 3.0
8.18000, 1.0
8.18500, 2.0
8.19000, 1.0
8.19500, 2.0
8.20000, 3.0
8.20500, 1.0
8.21000, 2.0
8.21500, 2.0
8.22000, 0.0
8.22500, 1.0
8.23000, 5.0
8.23500, 2.0
8.24000, 2.0
8.24500, 0.0
8.25000, 0.0
8.25500, 1.0
8.26000, 1.0
8.26500, 0.0
8.27000, 0.0
8.27500, 0.0
8.28000, 3.0
8.28500, 1.0
8.29000, 2.0
8.29500, 2.0
8.30000, 2.0
8.30500, 2.0
8.31000, 1.0
8.31500, 0.0
8.32000, 0.0
8.32500, 2.0
8.33000, 1.0
8.33500, 5.0
8.34000, 1.0
8.34500, 2.0
8.35000, 1.0
8.35500, 1.0
8.36000, 3.0
8.36500, 4.0
8.37000, 1.0
8.37500, 3.0
8.38000, 3.0
8.38500, 2.0
8.39000, 0.0
8.39500, 0.0
8.40000, 2.0
8.40500, 2.0
8.41000, 2.0
8.41500, 4.0
8.42000, 0.0
8.42500, 2.0
8.43000, 2.0
8.43500, 2.0
8.44000, 3.0
8.44500, 3.0
8.45000, 1.0
8.45500, 1.0
8.46000, 1.0
8.46500, 0.0
8.47000, 1.0
8.47500, 1.0
8.48000, 1.0
8.48500, 3.0
8.49000, 2.0
8.49500, 1.0
8.50000, 1.0
8.50500, 0.0
8.51000, 1.0
8.51500, 1.0
8.52000, 0.0
8.52500, 0.0
8.53000, 0.0
8.53500, 4.0
8.54000, 1.0
8.54500, 2.0
8.55000, 3.0
8.55500, 1.0
8.56000, 0.0
8.56500, 1.0
8.57000, 2.0
8.57500, 0.0
8.58000, 1.0
8.58500, 1.0
8.59000, 0.0
8.59500, 0.0
8.60000, 0.0
8.60500, 0.0
8.61000, 1.0
8.61500, 0.0
8.62000, 0.0
8.62500, 0.0
8.63000, 0.0
8.63500, 5.0
8.64000, 1.0
8.64500, 1.0
8.65000, 1.0
8.65500, 0.0
8.66000, 1.0
8.66500, 2.0
8.67000, 0.0
8.67500, 1.0
8.68000, 0.0
8.68500, 1.0
8.69000, 1.0
8.69500, 1.0
8.70000, 1.0
8.70500, 4.0
8.71000, 1.0
8.71500, 2.0
8.72000, 2.0
8.72500, 1.0
8.73000, 1.0
8.73500, 2.0
8.74000, 1.0
8.74500, 2.0
8.75000, 3.0
8.75500, 0.0
8.76000, 1.0
8.76500, 4.0
8.77000, 1.0
8.77500, 0.0
8.78000, 1.0
8.78500, 0.0
8.79000, 3.0
8.79500, 1.0
8.80000, 0.0
8.80500, 2.0
8.81000, 1.0
8.81500, 2.0
8.82000, 0.0
8.82500, 2.0
8.83000, 0.0
8.83500, 0.0
8.84000, 3.0
8.84500, 1.0
8.85000, 1.0
8.85500, 1.0
8.86000, 0.0
8.86500, 2.0
8.87000, 3.0
8.87500, 0.0
8.88000, 1.0
8.88500, 2.0
8.89000, 1.0
8.89500, 0.0
8.90000, 0.0
8.90500, 0.0
8.91000, 1.0
8.91500, 0.0
8.92000, 0.0
8.92500, 0.0
8.93000, 2.0
8.93500, 0.0
8.94000, 1.0
8.94500, 1.0
8.95000, 1.0
8.95500, 2.0
8.96000, 0.0
8.96500, 3.0
8.97000, 2.0
8.97500, 0.0
8.98000, 0.0
8.98500, 1.0
8.99000, 0.0
8.99500, 0.0
9.00000, 1.0
9.00500, 1.0
9.01000, 0.0
9.01500, 1.0
9.02000, 0.0
9.02500, 2.0
9.03000, 0.0
9.03500, 0.0
9.04000, 1.0
9.04500, 1.0
9.05000, 0.0
9.05500, 0.0
9.06000, 2.0
9.06500, 2.0
9.07000, 0.0
9.07500, 1.0
9.08000, 1.0
9.08500, 2.0
9.09000, 3.0
9.09500, 3.0
9.10000, 1.0
9.10500, 0.0
9.11000, 4.0
9.11500, 0.0
9.12000, 1.0
9.12500, 1.0
9.13000, 0.0
9.13500, 1.0
9.14000, 0.0
9.14500, 1.0
9.15000, 0.0
9.15500, 2.0
9.16000, 2.0
9.16500, 1.0
9.17000, 1.0
9.17500, 0.0
9.18000, 1.0
9.18500, 1.0
9.19000, 2.0
9.19500, 0.0
9.20000, 0.0
9.20500, 1.0
9.21000, 1.0
9.21500, 1.0
9.22000, 1.0
9.22500, 0.0
9.23000, 0.0
9.23500, 0.0
9.24000, 0.0
9.24500, 0.0
9.25000, 2.0
9.25500, 2.0
9.26000, 1.0
9.26500, 1.0
9.27000, 3.0
9.27500, 2.0
9.28000, 4.0
9.28500, 0.0
9.29000, 1.0
9.29500, 0.0
9.30000, 2.0
9.30500, 1.0
9.31000, 2.0
9.31500, 1.0
9.32000, 0.0
9.32500, 0.0
9.33000, 1.0
9.33500, 0.0
9.34000, 2.0
9.34500, 2.0
9.35000, 0.0
9.35500, 3.0
9.36000, 1.0
9.36500, 1.0
9.37000, 0.0
9.37500, 1.0
9.38000, 1.0
9.38500, 2.0
9.39000, 0.0
9.39500, 0.0
9.40000, 0.0
9.40500, 1.0
9.41000, 2.0
9.41500, 0.0
9.42000, 0.0
9.42500, 1.0
9.43000, 2.0
9.43500, 1.0
9.44000, 1.0
9.44500, 1.0
9.45000, 2.0
9.45500, 0.0
9.46000, 1.0
9.46500, 0.0
9.47000, 0.0
9.47500, 0.0
9.48000, 0.0
9.48500, 1.0
9.49000, 1.0
9.49500, 1.0
9.50000, 2.0
9.50500, 0.0
9.51000, 0.0
9.51500, 1.0
9.52000, 0.0
9.52500, 0.0
9.53000, 1.0
9.53500, 2.0
9.54000, 1.0
9.54500, 1.0
9.55000, 0.0
9.55500, 1.0
9.56000, 2.0
9.56500, 0.0
9.57000, 3.0
9.57500, 0.0
9.58000, 1.0
9.58500, 0.0
9.59000, 0.0
9.59500, 1.0
9.60000, 1.0
9.60500, 0.0
9.61000, 0.0
9.61500, 0.0
9.62000, 1.0
9.62500, 0.0
9.63000, 0.0
9.63500, 0.0
9.64000, 0.0
9.64500, 1.0
9.65000, 0.0
9.65500, 0.0
9.66000, 0.0
9.66500, 0.0
9.67000, 0.0
9.67500, 0.0
9.68000, 0.0
9.68500, 0.0
9.69000, 0.0
9.69500, 0.0
9.70000, 0.0
9.70500, 0.0
9.71000, 0.0
9.71500, 0.0
9.72000, 1.0
9.72500, 0.0
9.73000, 0.0
9.73500, 0.0
9.74000, 0.0
9.74500, 1.0
9.75000, 0.0
9.75500, 2.0
9.76000, 0.0
9.76500, 2.0
9.77000, 0.0
9.77500, 0.0
9.78000, 0.0
9.78500, 0.0
9.79000, 1.0
9.79500, 0.0
9.80000, 0.0
9.80500, 1.0
9.81000, 0.0
9.81500, 1.0
9.82000, 0.0
9.82500, 1.0
9.83000, 0.0
9.83500, 1.0
9.84000, 0.0
9.84500, 0.0
9.85000, 0.0
9.85500, 1.0
9.86000, 1.0
9.86500, 1.0
9.87000, 0.0
9.87500, 0.0
9.88000, 1.0
9.88500, 1.0
9.89000, 0.0
9.89500, 0.0
9.90000, 0.0
9.90500, 1.0
9.91000, 0.0
9.91500, 1.0
9.92000, 0.0
9.92500, 1.0
9.93000, 0.0
9.93500, 0.0
9.94000, 1.0
9.94500, 0.0
9.95000, 1.0
9.95500, 0.0
9.96000, 0.0
9.96500, 0.0
9.97000, 1.0
9.97500, 0.0
9.98000, 0.0
9.98500, 0.0
9.99000, 0.0
9.99500, 0.0
10.00000, 0.0
10.00500, 0.0
10.01000, 0.0
10.01500, 1.0
10.02000, 0.0
10.02500, 0.0
10.03000, 0.0
10.03500, 0.0
10.04000, 0.0
10.04500, 0.0
10.05000, 0.0
10.05500, 0.0
10.06000, 0.0
10.06500, 0.0
10.07000, 0.0
10.07500, 0.0
10.08000, 0.0
10.08500, 0.0
10.09000, 0.0
10.09500, 0.0
10.10000, 0.0
10.10500, 0.0
10.11000, 0.0
10.11500, 0.0
10.12000, 0.0
10.12500, 0.0
10.13000, 0.0
10.13500, 0.0
#ENDOFDATA   : 
