#FORMAT      : EMSA/MAS Spectral Data File
#VERSION     : 1.0
#TITLE       : G15_10k_310724_1
#DATE        : 30-JUL-2024
#TIME        : 10:30
#OWNER       : 
#NPOINTS     : 2048.0
#NCOLUMNS    : 1.0
#XUNITS      : keV
#YUNITS      : counts
#DATATYPE    : XY
#XPERCHAN    : 0.005
#OFFSET      : -0.1
#SIGNALTYPE  : EDS
#CHOFFSET    : 20.0
#LIVETIME    : 60.0
#REALTIME    : 60.647258759
#BEAMKV      : 10.0
#MAGCAM      : 2000.0
#XTILTSTGE   : 0.0
#AZIMANGLE   : 0.0
#ELEVANGLE   : 25.5
#XPOSITION mm: -3.0258
#YPOSITION mm: -0.4805
#ZPOSITION mm: 13.8600
##OXINSTPT   : 2
##OXINSTSTROB: 69.72
##OXINSTELEMS: 6,8,29,79,78,14
##OXINSTLABEL: 6, 0.277, C K?1_2
##OXINSTLABEL: 8, 0.525, O K?1
##OXINSTLABEL: 29, 8.048, Cu K?1
##OXINSTLABEL: 29, 8.905, Cu K?1
##OXINSTLABEL: 29, 0.930, Cu L?1,2
##OXINSTLABEL: 29, 0.832, Cu L?
##OXINSTLABEL: 29, 0.811, Cu Ll
##OXINSTLABEL: 79, 9.713, Au L?1
##OXINSTLABEL: 79, 8.494, Au Ll
##OXINSTLABEL: 79, 2.123, Au M?1
##OXINSTLABEL: 79, 2.410, Au M?
##OXINSTLABEL: 79, 1.648, Au M?2
##OXINSTLABEL: 79, 0.265, Au N4-N6
##OXINSTLABEL: 79, 0.251, Au N5-N6,7
##OXINSTLABEL: 78, 9.442, Pt L?1
##OXINSTLABEL: 78, 9.975, Pt L?
##OXINSTLABEL: 78, 8.268, Pt Ll
##OXINSTLABEL: 78, 2.050, Pt M?1
##OXINSTLABEL: 78, 2.331, Pt M?
##OXINSTLABEL: 78, 1.592, Pt M?2
##OXINSTLABEL: 78, 0.258, Pt N4-N6
##OXINSTLABEL: 78, 0.244, Pt N5-N6,7
##OXINSTLABEL: 14, 1.740, Si K?1
#SPECTRUM    : Spectral Data Starts Here
-0.10000, 0.0
-0.09500, 0.0
-0.09000, 0.0
-0.08500, 0.0
-0.08000, 2.0
-0.07500, 4.0
-0.07000, 3.0
-0.06500, 5.0
-0.06000, 9.0
-0.05500, 13.0
-0.05000, 21.0
-0.04500, 31.0
-0.04000, 48.0
-0.03500, 74.0
-0.03000, 117.0
-0.02500, 147.0
-0.02000, 202.0
-0.01500, 280.0
-0.01000, 348.0
-0.00500, 459.0
0.00000, 567.0
0.00500, 673.0
0.01000, 809.0
0.01500, 932.0
0.02000, 1023.0
0.02500, 1119.0
0.03000, 1162.0
0.03500, 1274.0
0.04000, 1328.0
0.04500, 1342.0
0.05000, 1334.0
0.05500, 1244.0
0.06000, 1207.0
0.06500, 1099.0
0.07000, 995.0
0.07500, 907.0
0.08000, 757.0
0.08500, 631.0
0.09000, 516.0
0.09500, 422.0
0.10000, 338.0
0.10500, 284.0
0.11000, 237.0
0.11500, 188.0
0.12000, 159.0
0.12500, 150.0
0.13000, 143.0
0.13500, 133.0
0.14000, 133.0
0.14500, 163.0
0.15000, 150.0
0.15500, 169.0
0.16000, 139.0
0.16500, 144.0
0.17000, 157.0
0.17500, 147.0
0.18000, 131.0
0.18500, 123.0
0.19000, 100.0
0.19500, 96.0
0.20000, 84.0
0.20500, 69.0
0.21000, 72.0
0.21500, 56.0
0.22000, 50.0
0.22500, 58.0
0.23000, 47.0
0.23500, 43.0
0.24000, 41.0
0.24500, 43.0
0.25000, 45.0
0.25500, 38.0
0.26000, 37.0
0.26500, 33.0
0.27000, 37.0
0.27500, 38.0
0.28000, 36.0
0.28500, 29.0
0.29000, 30.0
0.29500, 33.0
0.30000, 30.0
0.30500, 25.0
0.31000, 25.0
0.31500, 20.0
0.32000, 20.0
0.32500, 21.0
0.33000, 16.0
0.33500, 17.0
0.34000, 16.0
0.34500, 16.0
0.35000, 12.0
0.35500, 14.0
0.36000, 16.0
0.36500, 17.0
0.37000, 18.0
0.37500, 18.0
0.38000, 13.0
0.38500, 9.0
0.39000, 7.0
0.39500, 11.0
0.40000, 11.0
0.40500, 14.0
0.41000, 22.0
0.41500, 21.0
0.42000, 18.0
0.42500, 15.0
0.43000, 13.0
0.43500, 18.0
0.44000, 16.0
0.44500, 18.0
0.45000, 23.0
0.45500, 19.0
0.46000, 15.0
0.46500, 15.0
0.47000, 27.0
0.47500, 28.0
0.48000, 27.0
0.48500, 29.0
0.49000, 26.0
0.49500, 29.0
0.50000, 37.0
0.50500, 45.0
0.51000, 47.0
0.51500, 47.0
0.52000, 55.0
0.52500, 59.0
0.53000, 47.0
0.53500, 42.0
0.54000, 40.0
0.54500, 44.0
0.55000, 48.0
0.55500, 49.0
0.56000, 47.0
0.56500, 56.0
0.57000, 54.0
0.57500, 58.0
0.58000, 52.0
0.58500, 46.0
0.59000, 42.0
0.59500, 40.0
0.60000, 37.0
0.60500, 35.0
0.61000, 25.0
0.61500, 36.0
0.62000, 34.0
0.62500, 35.0
0.63000, 38.0
0.63500, 31.0
0.64000, 32.0
0.64500, 32.0
0.65000, 32.0
0.65500, 35.0
0.66000, 33.0
0.66500, 33.0
0.67000, 31.0
0.67500, 30.0
0.68000, 30.0
0.68500, 37.0
0.69000, 34.0
0.69500, 33.0
0.70000, 40.0
0.70500, 38.0
0.71000, 39.0
0.71500, 32.0
0.72000, 31.0
0.72500, 33.0
0.73000, 30.0
0.73500, 32.0
0.74000, 33.0
0.74500, 34.0
0.75000, 41.0
0.75500, 44.0
0.76000, 31.0
0.76500, 41.0
0.77000, 51.0
0.77500, 39.0
0.78000, 42.0
0.78500, 42.0
0.79000, 40.0
0.79500, 38.0
0.80000, 43.0
0.80500, 41.0
0.81000, 39.0
0.81500, 42.0
0.82000, 34.0
0.82500, 36.0
0.83000, 38.0
0.83500, 41.0
0.84000, 43.0
0.84500, 46.0
0.85000, 41.0
0.85500, 41.0
0.86000, 37.0
0.86500, 33.0
0.87000, 41.0
0.87500, 51.0
0.88000, 49.0
0.88500, 43.0
0.89000, 43.0
0.89500, 46.0
0.90000, 44.0
0.90500, 47.0
0.91000, 45.0
0.91500, 44.0
0.92000, 46.0
0.92500, 45.0
0.93000, 38.0
0.93500, 36.0
0.94000, 42.0
0.94500, 43.0
0.95000, 47.0
0.95500, 47.0
0.96000, 46.0
0.96500, 48.0
0.97000, 47.0
0.97500, 47.0
0.98000, 52.0
0.98500, 48.0
0.99000, 43.0
0.99500, 39.0
1.00000, 41.0
1.00500, 42.0
1.01000, 43.0
1.01500, 46.0
1.02000, 39.0
1.02500, 46.0
1.03000, 54.0
1.03500, 47.0
1.04000, 45.0
1.04500, 49.0
1.05000, 54.0
1.05500, 53.0
1.06000, 51.0
1.06500, 52.0
1.07000, 51.0
1.07500, 48.0
1.08000, 46.0
1.08500, 49.0
1.09000, 49.0
1.09500, 44.0
1.10000, 41.0
1.10500, 46.0
1.11000, 47.0
1.11500, 44.0
1.12000, 46.0
1.12500, 48.0
1.13000, 45.0
1.13500, 44.0
1.14000, 41.0
1.14500, 39.0
1.15000, 38.0
1.15500, 43.0
1.16000, 46.0
1.16500, 42.0
1.17000, 47.0
1.17500, 47.0
1.18000, 43.0
1.18500, 45.0
1.19000, 43.0
1.19500, 48.0
1.20000, 59.0
1.20500, 60.0
1.21000, 54.0
1.21500, 47.0
1.22000, 50.0
1.22500, 51.0
1.23000, 43.0
1.23500, 44.0
1.24000, 51.0
1.24500, 50.0
1.25000, 50.0
1.25500, 44.0
1.26000, 43.0
1.26500, 49.0
1.27000, 47.0
1.27500, 41.0
1.28000, 41.0
1.28500, 50.0
1.29000, 44.0
1.29500, 42.0
1.30000, 46.0
1.30500, 36.0
1.31000, 38.0
1.31500, 47.0
1.32000, 48.0
1.32500, 53.0
1.33000, 46.0
1.33500, 37.0
1.34000, 40.0
1.34500, 43.0
1.35000, 43.0
1.35500, 40.0
1.36000, 42.0
1.36500, 49.0
1.37000, 45.0
1.37500, 48.0
1.38000, 54.0
1.38500, 48.0
1.39000, 50.0
1.39500, 47.0
1.40000, 52.0
1.40500, 52.0
1.41000, 39.0
1.41500, 38.0
1.42000, 47.0
1.42500, 47.0
1.43000, 43.0
1.43500, 41.0
1.44000, 46.0
1.44500, 50.0
1.45000, 47.0
1.45500, 50.0
1.46000, 53.0
1.46500, 46.0
1.47000, 40.0
1.47500, 38.0
1.48000, 38.0
1.48500, 38.0
1.49000, 36.0
1.49500, 38.0
1.50000, 45.0
1.50500, 52.0
1.51000, 43.0
1.51500, 32.0
1.52000, 36.0
1.52500, 39.0
1.53000, 36.0
1.53500, 34.0
1.54000, 35.0
1.54500, 44.0
1.55000, 48.0
1.55500, 43.0
1.56000, 38.0
1.56500, 34.0
1.57000, 44.0
1.57500, 50.0
1.58000, 42.0
1.58500, 37.0
1.59000, 37.0
1.59500, 39.0
1.60000, 41.0
1.60500, 38.0
1.61000, 47.0
1.61500, 51.0
1.62000, 42.0
1.62500, 44.0
1.63000, 58.0
1.63500, 57.0
1.64000, 54.0
1.64500, 66.0
1.65000, 76.0
1.65500, 85.0
1.66000, 100.0
1.66500, 112.0
1.67000, 131.0
1.67500, 147.0
1.68000, 159.0
1.68500, 185.0
1.69000, 218.0
1.69500, 264.0
1.70000, 294.0
1.70500, 323.0
1.71000, 365.0
1.71500, 405.0
1.72000, 409.0
1.72500, 425.0
1.73000, 460.0
1.73500, 457.0
1.74000, 433.0
1.74500, 455.0
1.75000, 466.0
1.75500, 472.0
1.76000, 454.0
1.76500, 430.0
1.77000, 399.0
1.77500, 367.0
1.78000, 348.0
1.78500, 309.0
1.79000, 263.0
1.79500, 247.0
1.80000, 210.0
1.80500, 184.0
1.81000, 162.0
1.81500, 140.0
1.82000, 123.0
1.82500, 116.0
1.83000, 98.0
1.83500, 84.0
1.84000, 82.0
1.84500, 79.0
1.85000, 69.0
1.85500, 60.0
1.86000, 52.0
1.86500, 54.0
1.87000, 55.0
1.87500, 47.0
1.88000, 47.0
1.88500, 47.0
1.89000, 47.0
1.89500, 45.0
1.90000, 45.0
1.90500, 42.0
1.91000, 42.0
1.91500, 40.0
1.92000, 38.0
1.92500, 43.0
1.93000, 40.0
1.93500, 37.0
1.94000, 39.0
1.94500, 42.0
1.95000, 36.0
1.95500, 34.0
1.96000, 39.0
1.96500, 46.0
1.97000, 43.0
1.97500, 40.0
1.98000, 42.0
1.98500, 45.0
1.99000, 43.0
1.99500, 52.0
2.00000, 51.0
2.00500, 45.0
2.01000, 52.0
2.01500, 52.0
2.02000, 63.0
2.02500, 64.0
2.03000, 45.0
2.03500, 45.0
2.04000, 50.0
2.04500, 53.0
2.05000, 53.0
2.05500, 58.0
2.06000, 49.0
2.06500, 44.0
2.07000, 49.0
2.07500, 51.0
2.08000, 43.0
2.08500, 38.0
2.09000, 44.0
2.09500, 42.0
2.10000, 40.0
2.10500, 39.0
2.11000, 46.0
2.11500, 43.0
2.12000, 40.0
2.12500, 40.0
2.13000, 44.0
2.13500, 45.0
2.14000, 46.0
2.14500, 43.0
2.15000, 46.0
2.15500, 45.0
2.16000, 49.0
2.16500, 48.0
2.17000, 47.0
2.17500, 59.0
2.18000, 62.0
2.18500, 70.0
2.19000, 67.0
2.19500, 88.0
2.20000, 113.0
2.20500, 132.0
2.21000, 158.0
2.21500, 187.0
2.22000, 238.0
2.22500, 265.0
2.23000, 327.0
2.23500, 365.0
2.24000, 435.0
2.24500, 501.0
2.25000, 586.0
2.25500, 670.0
2.26000, 812.0
2.26500, 836.0
2.27000, 886.0
2.27500, 976.0
2.28000, 1054.0
2.28500, 1126.0
2.29000, 1161.0
2.29500, 1211.0
2.30000, 1275.0
2.30500, 1270.0
2.31000, 1277.0
2.31500, 1276.0
2.32000, 1170.0
2.32500, 1177.0
2.33000, 1157.0
2.33500, 1107.0
2.34000, 1059.0
2.34500, 956.0
2.35000, 895.0
2.35500, 794.0
2.36000, 755.0
2.36500, 710.0
2.37000, 618.0
2.37500, 557.0
2.38000, 496.0
2.38500, 452.0
2.39000, 446.0
2.39500, 392.0
2.40000, 379.0
2.40500, 347.0
2.41000, 319.0
2.41500, 303.0
2.42000, 272.0
2.42500, 275.0
2.43000, 257.0
2.43500, 246.0
2.44000, 249.0
2.44500, 220.0
2.45000, 204.0
2.45500, 196.0
2.46000, 187.0
2.46500, 168.0
2.47000, 151.0
2.47500, 134.0
2.48000, 144.0
2.48500, 137.0
2.49000, 117.0
2.49500, 103.0
2.50000, 111.0
2.50500, 98.0
2.51000, 86.0
2.51500, 92.0
2.52000, 84.0
2.52500, 90.0
2.53000, 70.0
2.53500, 60.0
2.54000, 56.0
2.54500, 55.0
2.55000, 55.0
2.55500, 49.0
2.56000, 38.0
2.56500, 45.0
2.57000, 41.0
2.57500, 27.0
2.58000, 36.0
2.58500, 35.0
2.59000, 33.0
2.59500, 36.0
2.60000, 30.0
2.60500, 23.0
2.61000, 29.0
2.61500, 32.0
2.62000, 28.0
2.62500, 27.0
2.63000, 25.0
2.63500, 21.0
2.64000, 27.0
2.64500, 30.0
2.65000, 25.0
2.65500, 24.0
2.66000, 21.0
2.66500, 23.0
2.67000, 23.0
2.67500, 19.0
2.68000, 21.0
2.68500, 13.0
2.69000, 20.0
2.69500, 23.0
2.70000, 20.0
2.70500, 17.0
2.71000, 20.0
2.71500, 20.0
2.72000, 18.0
2.72500, 18.0
2.73000, 15.0
2.73500, 19.0
2.74000, 24.0
2.74500, 21.0
2.75000, 17.0
2.75500, 24.0
2.76000, 29.0
2.76500, 23.0
2.77000, 22.0
2.77500, 14.0
2.78000, 19.0
2.78500, 20.0
2.79000, 17.0
2.79500, 22.0
2.80000, 19.0
2.80500, 18.0
2.81000, 24.0
2.81500, 24.0
2.82000, 23.0
2.82500, 20.0
2.83000, 18.0
2.83500, 21.0
2.84000, 24.0
2.84500, 16.0
2.85000, 21.0
2.85500, 15.0
2.86000, 16.0
2.86500, 21.0
2.87000, 24.0
2.87500, 24.0
2.88000, 24.0
2.88500, 19.0
2.89000, 21.0
2.89500, 17.0
2.90000, 17.0
2.90500, 18.0
2.91000, 20.0
2.91500, 24.0
2.92000, 22.0
2.92500, 18.0
2.93000, 21.0
2.93500, 26.0
2.94000, 21.0
2.94500, 15.0
2.95000, 17.0
2.95500, 19.0
2.96000, 20.0
2.96500, 10.0
2.97000, 11.0
2.97500, 15.0
2.98000, 21.0
2.98500, 18.0
2.99000, 14.0
2.99500, 20.0
3.00000, 10.0
3.00500, 10.0
3.01000, 14.0
3.01500, 12.0
3.02000, 25.0
3.02500, 24.0
3.03000, 21.0
3.03500, 18.0
3.04000, 10.0
3.04500, 12.0
3.05000, 14.0
3.05500, 17.0
3.06000, 18.0
3.06500, 12.0
3.07000, 20.0
3.07500, 18.0
3.08000, 14.0
3.08500, 10.0
3.09000, 18.0
3.09500, 23.0
3.10000, 17.0
3.10500, 15.0
3.11000, 10.0
3.11500, 14.0
3.12000, 14.0
3.12500, 17.0
3.13000, 17.0
3.13500, 14.0
3.14000, 17.0
3.14500, 20.0
3.15000, 19.0
3.15500, 18.0
3.16000, 13.0
3.16500, 17.0
3.17000, 15.0
3.17500, 14.0
3.18000, 14.0
3.18500, 21.0
3.19000, 17.0
3.19500, 20.0
3.20000, 15.0
3.20500, 13.0
3.21000, 17.0
3.21500, 10.0
3.22000, 12.0
3.22500, 16.0
3.23000, 16.0
3.23500, 23.0
3.24000, 18.0
3.24500, 7.0
3.25000, 12.0
3.25500, 18.0
3.26000, 14.0
3.26500, 10.0
3.27000, 8.0
3.27500, 11.0
3.28000, 12.0
3.28500, 10.0
3.29000, 14.0
3.29500, 20.0
3.30000, 17.0
3.30500, 14.0
3.31000, 17.0
3.31500, 10.0
3.32000, 12.0
3.32500, 11.0
3.33000, 13.0
3.33500, 17.0
3.34000, 13.0
3.34500, 14.0
3.35000, 19.0
3.35500, 15.0
3.36000, 19.0
3.36500, 10.0
3.37000, 14.0
3.37500, 14.0
3.38000, 17.0
3.38500, 18.0
3.39000, 26.0
3.39500, 13.0
3.40000, 16.0
3.40500, 14.0
3.41000, 19.0
3.41500, 15.0
3.42000, 17.0
3.42500, 17.0
3.43000, 10.0
3.43500, 14.0
3.44000, 21.0
3.44500, 13.0
3.45000, 9.0
3.45500, 11.0
3.46000, 10.0
3.46500, 11.0
3.47000, 16.0
3.47500, 19.0
3.48000, 11.0
3.48500, 15.0
3.49000, 14.0
3.49500, 22.0
3.50000, 16.0
3.50500, 14.0
3.51000, 18.0
3.51500, 10.0
3.52000, 16.0
3.52500, 15.0
3.53000, 25.0
3.53500, 14.0
3.54000, 14.0
3.54500, 14.0
3.55000, 9.0
3.55500, 15.0
3.56000, 11.0
3.56500, 14.0
3.57000, 10.0
3.57500, 14.0
3.58000, 17.0
3.58500, 19.0
3.59000, 14.0
3.59500, 19.0
3.60000, 9.0
3.60500, 16.0
3.61000, 19.0
3.61500, 13.0
3.62000, 12.0
3.62500, 9.0
3.63000, 9.0
3.63500, 19.0
3.64000, 9.0
3.64500, 10.0
3.65000, 19.0
3.65500, 13.0
3.66000, 17.0
3.66500, 9.0
3.67000, 20.0
3.67500, 10.0
3.68000, 20.0
3.68500, 16.0
3.69000, 27.0
3.69500, 17.0
3.70000, 6.0
3.70500, 9.0
3.71000, 8.0
3.71500, 11.0
3.72000, 11.0
3.72500, 10.0
3.73000, 16.0
3.73500, 15.0
3.74000, 15.0
3.74500, 12.0
3.75000, 14.0
3.75500, 13.0
3.76000, 11.0
3.76500, 14.0
3.77000, 6.0
3.77500, 14.0
3.78000, 14.0
3.78500, 8.0
3.79000, 15.0
3.79500, 10.0
3.80000, 12.0
3.80500, 3.0
3.81000, 8.0
3.81500, 12.0
3.82000, 15.0
3.82500, 14.0
3.83000, 14.0
3.83500, 15.0
3.84000, 5.0
3.84500, 13.0
3.85000, 11.0
3.85500, 8.0
3.86000, 12.0
3.86500, 14.0
3.87000, 9.0
3.87500, 13.0
3.88000, 14.0
3.88500, 9.0
3.89000, 12.0
3.89500, 10.0
3.90000, 17.0
3.90500, 17.0
3.91000, 13.0
3.91500, 13.0
3.92000, 16.0
3.92500, 16.0
3.93000, 20.0
3.93500, 9.0
3.94000, 12.0
3.94500, 11.0
3.95000, 7.0
3.95500, 6.0
3.96000, 19.0
3.96500, 9.0
3.97000, 7.0
3.97500, 11.0
3.98000, 8.0
3.98500, 23.0
3.99000, 11.0
3.99500, 17.0
4.00000, 7.0
4.00500, 18.0
4.01000, 10.0
4.01500, 10.0
4.02000, 8.0
4.02500, 14.0
4.03000, 12.0
4.03500, 9.0
4.04000, 12.0
4.04500, 20.0
4.05000, 7.0
4.05500, 16.0
4.06000, 16.0
4.06500, 9.0
4.07000, 18.0
4.07500, 11.0
4.08000, 12.0
4.08500, 10.0
4.09000, 16.0
4.09500, 17.0
4.10000, 20.0
4.10500, 10.0
4.11000, 10.0
4.11500, 18.0
4.12000, 12.0
4.12500, 13.0
4.13000, 10.0
4.13500, 10.0
4.14000, 12.0
4.14500, 10.0
4.15000, 13.0
4.15500, 15.0
4.16000, 12.0
4.16500, 17.0
4.17000, 9.0
4.17500, 14.0
4.18000, 11.0
4.18500, 15.0
4.19000, 12.0
4.19500, 8.0
4.20000, 12.0
4.20500, 10.0
4.21000, 18.0
4.21500, 14.0
4.22000, 13.0
4.22500, 11.0
4.23000, 12.0
4.23500, 10.0
4.24000, 9.0
4.24500, 14.0
4.25000, 16.0
4.25500, 15.0
4.26000, 10.0
4.26500, 10.0
4.27000, 11.0
4.27500, 11.0
4.28000, 9.0
4.28500, 10.0
4.29000, 14.0
4.29500, 10.0
4.30000, 7.0
4.30500, 9.0
4.31000, 14.0
4.31500, 14.0
4.32000, 11.0
4.32500, 13.0
4.33000, 13.0
4.33500, 8.0
4.34000, 13.0
4.34500, 9.0
4.35000, 9.0
4.35500, 9.0
4.36000, 8.0
4.36500, 12.0
4.37000, 10.0
4.37500, 14.0
4.38000, 18.0
4.38500, 13.0
4.39000, 8.0
4.39500, 12.0
4.40000, 9.0
4.40500, 21.0
4.41000, 11.0
4.41500, 9.0
4.42000, 9.0
4.42500, 7.0
4.43000, 16.0
4.43500, 10.0
4.44000, 6.0
4.44500, 10.0
4.45000, 11.0
4.45500, 15.0
4.46000, 12.0
4.46500, 8.0
4.47000, 6.0
4.47500, 8.0
4.48000, 7.0
4.48500, 11.0
4.49000, 12.0
4.49500, 14.0
4.50000, 13.0
4.50500, 10.0
4.51000, 11.0
4.51500, 12.0
4.52000, 10.0
4.52500, 11.0
4.53000, 13.0
4.53500, 13.0
4.54000, 14.0
4.54500, 11.0
4.55000, 9.0
4.55500, 17.0
4.56000, 10.0
4.56500, 9.0
4.57000, 10.0
4.57500, 12.0
4.58000, 9.0
4.58500, 10.0
4.59000, 9.0
4.59500, 9.0
4.60000, 7.0
4.60500, 10.0
4.61000, 13.0
4.61500, 12.0
4.62000, 15.0
4.62500, 16.0
4.63000, 15.0
4.63500, 12.0
4.64000, 5.0
4.64500, 7.0
4.65000, 6.0
4.65500, 11.0
4.66000, 13.0
4.66500, 12.0
4.67000, 8.0
4.67500, 11.0
4.68000, 12.0
4.68500, 15.0
4.69000, 12.0
4.69500, 13.0
4.70000, 8.0
4.70500, 10.0
4.71000, 9.0
4.71500, 13.0
4.72000, 7.0
4.72500, 12.0
4.73000, 10.0
4.73500, 7.0
4.74000, 6.0
4.74500, 12.0
4.75000, 8.0
4.75500, 9.0
4.76000, 13.0
4.76500, 10.0
4.77000, 7.0
4.77500, 7.0
4.78000, 11.0
4.78500, 12.0
4.79000, 16.0
4.79500, 10.0
4.80000, 13.0
4.80500, 10.0
4.81000, 8.0
4.81500, 8.0
4.82000, 7.0
4.82500, 12.0
4.83000, 12.0
4.83500, 6.0
4.84000, 8.0
4.84500, 6.0
4.85000, 13.0
4.85500, 10.0
4.86000, 11.0
4.86500, 9.0
4.87000, 12.0
4.87500, 11.0
4.88000, 9.0
4.88500, 10.0
4.89000, 11.0
4.89500, 12.0
4.90000, 6.0
4.90500, 8.0
4.91000, 6.0
4.91500, 15.0
4.92000, 12.0
4.92500, 12.0
4.93000, 12.0
4.93500, 5.0
4.94000, 6.0
4.94500, 13.0
4.95000, 13.0
4.95500, 13.0
4.96000, 14.0
4.96500, 10.0
4.97000, 9.0
4.97500, 9.0
4.98000, 8.0
4.98500, 6.0
4.99000, 9.0
4.99500, 8.0
5.00000, 10.0
5.00500, 12.0
5.01000, 8.0
5.01500, 5.0
5.02000, 10.0
5.02500, 6.0
5.03000, 10.0
5.03500, 9.0
5.04000, 5.0
5.04500, 8.0
5.05000, 8.0
5.05500, 10.0
5.06000, 9.0
5.06500, 8.0
5.07000, 10.0
5.07500, 10.0
5.08000, 8.0
5.08500, 11.0
5.09000, 10.0
5.09500, 10.0
5.10000, 5.0
5.10500, 7.0
5.11000, 4.0
5.11500, 4.0
5.12000, 8.0
5.12500, 7.0
5.13000, 7.0
5.13500, 8.0
5.14000, 8.0
5.14500, 7.0
5.15000, 10.0
5.15500, 10.0
5.16000, 7.0
5.16500, 9.0
5.17000, 6.0
5.17500, 4.0
5.18000, 10.0
5.18500, 8.0
5.19000, 5.0
5.19500, 8.0
5.20000, 8.0
5.20500, 9.0
5.21000, 6.0
5.21500, 4.0
5.22000, 8.0
5.22500, 10.0
5.23000, 9.0
5.23500, 9.0
5.24000, 9.0
5.24500, 10.0
5.25000, 11.0
5.25500, 8.0
5.26000, 10.0
5.26500, 10.0
5.27000, 8.0
5.27500, 9.0
5.28000, 10.0
5.28500, 10.0
5.29000, 7.0
5.29500, 6.0
5.30000, 6.0
5.30500, 7.0
5.31000, 9.0
5.31500, 6.0
5.32000, 7.0
5.32500, 7.0
5.33000, 9.0
5.33500, 7.0
5.34000, 14.0
5.34500, 9.0
5.35000, 7.0
5.35500, 12.0
5.36000, 7.0
5.36500, 8.0
5.37000, 10.0
5.37500, 9.0
5.38000, 5.0
5.38500, 7.0
5.39000, 10.0
5.39500, 6.0
5.40000, 6.0
5.40500, 9.0
5.41000, 7.0
5.41500, 7.0
5.42000, 9.0
5.42500, 8.0
5.43000, 9.0
5.43500, 9.0
5.44000, 11.0
5.44500, 6.0
5.45000, 7.0
5.45500, 9.0
5.46000, 8.0
5.46500, 9.0
5.47000, 9.0
5.47500, 8.0
5.48000, 10.0
5.48500, 13.0
5.49000, 8.0
5.49500, 5.0
5.50000, 8.0
5.50500, 7.0
5.51000, 7.0
5.51500, 6.0
5.52000, 8.0
5.52500, 13.0
5.53000, 12.0
5.53500, 9.0
5.54000, 7.0
5.54500, 7.0
5.55000, 9.0
5.55500, 7.0
5.56000, 7.0
5.56500, 6.0
5.57000, 6.0
5.57500, 5.0
5.58000, 5.0
5.58500, 8.0
5.59000, 8.0
5.59500, 9.0
5.60000, 11.0
5.60500, 9.0
5.61000, 12.0
5.61500, 9.0
5.62000, 10.0
5.62500, 8.0
5.63000, 7.0
5.63500, 10.0
5.64000, 9.0
5.64500, 13.0
5.65000, 9.0
5.65500, 4.0
5.66000, 6.0
5.66500, 10.0
5.67000, 7.0
5.67500, 3.0
5.68000, 4.0
5.68500, 8.0
5.69000, 8.0
5.69500, 9.0
5.70000, 5.0
5.70500, 8.0
5.71000, 10.0
5.71500, 10.0
5.72000, 9.0
5.72500, 8.0
5.73000, 8.0
5.73500, 9.0
5.74000, 7.0
5.74500, 6.0
5.75000, 6.0
5.75500, 7.0
5.76000, 6.0
5.76500, 7.0
5.77000, 4.0
5.77500, 5.0
5.78000, 3.0
5.78500, 7.0
5.79000, 11.0
5.79500, 10.0
5.80000, 11.0
5.80500, 12.0
5.81000, 10.0
5.81500, 6.0
5.82000, 7.0
5.82500, 7.0
5.83000, 6.0
5.83500, 7.0
5.84000, 7.0
5.84500, 5.0
5.85000, 3.0
5.85500, 5.0
5.86000, 8.0
5.86500, 6.0
5.87000, 4.0
5.87500, 6.0
5.88000, 8.0
5.88500, 4.0
5.89000, 6.0
5.89500, 9.0
5.90000, 7.0
5.90500, 8.0
5.91000, 6.0
5.91500, 4.0
5.92000, 8.0
5.92500, 9.0
5.93000, 5.0
5.93500, 5.0
5.94000, 7.0
5.94500, 12.0
5.95000, 11.0
5.95500, 10.0
5.96000, 9.0
5.96500, 5.0
5.97000, 6.0
5.97500, 7.0
5.98000, 8.0
5.98500, 6.0
5.99000, 8.0
5.99500, 5.0
6.00000, 6.0
6.00500, 8.0
6.01000, 5.0
6.01500, 5.0
6.02000, 4.0
6.02500, 4.0
6.03000, 8.0
6.03500, 10.0
6.04000, 7.0
6.04500, 6.0
6.05000, 5.0
6.05500, 5.0
6.06000, 5.0
6.06500, 7.0
6.07000, 8.0
6.07500, 5.0
6.08000, 6.0
6.08500, 9.0
6.09000, 8.0
6.09500, 7.0
6.10000, 5.0
6.10500, 5.0
6.11000, 6.0
6.11500, 7.0
6.12000, 8.0
6.12500, 7.0
6.13000, 6.0
6.13500, 9.0
6.14000, 10.0
6.14500, 8.0
6.15000, 9.0
6.15500, 8.0
6.16000, 6.0
6.16500, 5.0
6.17000, 4.0
6.17500, 5.0
6.18000, 5.0
6.18500, 5.0
6.19000, 5.0
6.19500, 3.0
6.20000, 6.0
6.20500, 6.0
6.21000, 5.0
6.21500, 8.0
6.22000, 7.0
6.22500, 4.0
6.23000, 5.0
6.23500, 7.0
6.24000, 6.0
6.24500, 8.0
6.25000, 7.0
6.25500, 9.0
6.26000, 7.0
6.26500, 7.0
6.27000, 9.0
6.27500, 5.0
6.28000, 7.0
6.28500, 7.0
6.29000, 5.0
6.29500, 5.0
6.30000, 5.0
6.30500, 4.0
6.31000, 8.0
6.31500, 10.0
6.32000, 6.0
6.32500, 5.0
6.33000, 4.0
6.33500, 5.0
6.34000, 8.0
6.34500, 8.0
6.35000, 6.0
6.35500, 7.0
6.36000, 7.0
6.36500, 8.0
6.37000, 8.0
6.37500, 5.0
6.38000, 5.0
6.38500, 8.0
6.39000, 6.0
6.39500, 6.0
6.40000, 6.0
6.40500, 3.0
6.41000, 2.0
6.41500, 2.0
6.42000, 4.0
6.42500, 7.0
6.43000, 4.0
6.43500, 3.0
6.44000, 6.0
6.44500, 8.0
6.45000, 6.0
6.45500, 4.0
6.46000, 5.0
6.46500, 8.0
6.47000, 8.0
6.47500, 5.0
6.48000, 7.0
6.48500, 7.0
6.49000, 7.0
6.49500, 5.0
6.50000, 5.0
6.50500, 7.0
6.51000, 4.0
6.51500, 2.0
6.52000, 3.0
6.52500, 7.0
6.53000, 7.0
6.53500, 3.0
6.54000, 3.0
6.54500, 4.0
6.55000, 7.0
6.55500, 6.0
6.56000, 5.0
6.56500, 6.0
6.57000, 7.0
6.57500, 5.0
6.58000, 4.0
6.58500, 4.0
6.59000, 2.0
6.59500, 2.0
6.60000, 3.0
6.60500, 4.0
6.61000, 4.0
6.61500, 3.0
6.62000, 4.0
6.62500, 6.0
6.63000, 5.0
6.63500, 3.0
6.64000, 4.0
6.64500, 5.0
6.65000, 6.0
6.65500, 6.0
6.66000, 5.0
6.66500, 2.0
6.67000, 4.0
6.67500, 5.0
6.68000, 3.0
6.68500, 3.0
6.69000, 5.0
6.69500, 4.0
6.70000, 3.0
6.70500, 6.0
6.71000, 5.0
6.71500, 2.0
6.72000, 5.0
6.72500, 6.0
6.73000, 4.0
6.73500, 4.0
6.74000, 4.0
6.74500, 2.0
6.75000, 4.0
6.75500, 7.0
6.76000, 6.0
6.76500, 5.0
6.77000, 5.0
6.77500, 2.0
6.78000, 2.0
6.78500, 6.0
6.79000, 8.0
6.79500, 5.0
6.80000, 6.0
6.80500, 6.0
6.81000, 7.0
6.81500, 7.0
6.82000, 5.0
6.82500, 4.0
6.83000, 4.0
6.83500, 3.0
6.84000, 6.0
6.84500, 6.0
6.85000, 3.0
6.85500, 2.0
6.86000, 3.0
6.86500, 3.0
6.87000, 4.0
6.87500, 3.0
6.88000, 2.0
6.88500, 3.0
6.89000, 3.0
6.89500, 5.0
6.90000, 5.0
6.90500, 5.0
6.91000, 6.0
6.91500, 4.0
6.92000, 3.0
6.92500, 5.0
6.93000, 4.0
6.93500, 4.0
6.94000, 2.0
6.94500, 3.0
6.95000, 5.0
6.95500, 5.0
6.96000, 6.0
6.96500, 5.0
6.97000, 4.0
6.97500, 4.0
6.98000, 5.0
6.98500, 7.0
6.99000, 8.0
6.99500, 7.0
7.00000, 4.0
7.00500, 3.0
7.01000, 4.0
7.01500, 3.0
7.02000, 4.0
7.02500, 4.0
7.03000, 3.0
7.03500, 5.0
7.04000, 6.0
7.04500, 3.0
7.05000, 3.0
7.05500, 5.0
7.06000, 6.0
7.06500, 3.0
7.07000, 3.0
7.07500, 2.0
7.08000, 2.0
7.08500, 2.0
7.09000, 3.0
7.09500, 5.0
7.10000, 6.0
7.10500, 6.0
7.11000, 4.0
7.11500, 6.0
7.12000, 5.0
7.12500, 2.0
7.13000, 3.0
7.13500, 5.0
7.14000, 8.0
7.14500, 6.0
7.15000, 4.0
7.15500, 4.0
7.16000, 5.0
7.16500, 4.0
7.17000, 4.0
7.17500, 1.0
7.18000, 4.0
7.18500, 7.0
7.19000, 5.0
7.19500, 4.0
7.20000, 4.0
7.20500, 5.0
7.21000, 5.0
7.21500, 4.0
7.22000, 7.0
7.22500, 8.0
7.23000, 4.0
7.23500, 3.0
7.24000, 5.0
7.24500, 5.0
7.25000, 3.0
7.25500, 2.0
7.26000, 4.0
7.26500, 7.0
7.27000, 6.0
7.27500, 5.0
7.28000, 7.0
7.28500, 9.0
7.29000, 5.0
7.29500, 7.0
7.30000, 5.0
7.30500, 3.0
7.31000, 5.0
7.31500, 3.0
7.32000, 5.0
7.32500, 6.0
7.33000, 4.0
7.33500, 2.0
7.34000, 5.0
7.34500, 6.0
7.35000, 5.0
7.35500, 5.0
7.36000, 3.0
7.36500, 2.0
7.37000, 3.0
7.37500, 3.0
7.38000, 3.0
7.38500, 4.0
7.39000, 3.0
7.39500, 3.0
7.40000, 5.0
7.40500, 3.0
7.41000, 3.0
7.41500, 4.0
7.42000, 5.0
7.42500, 6.0
7.43000, 7.0
7.43500, 4.0
7.44000, 5.0
7.44500, 4.0
7.45000, 5.0
7.45500, 9.0
7.46000, 4.0
7.46500, 3.0
7.47000, 3.0
7.47500, 6.0
7.48000, 6.0
7.48500, 6.0
7.49000, 6.0
7.49500, 3.0
7.50000, 4.0
7.50500, 4.0
7.51000, 3.0
7.51500, 2.0
7.52000, 2.0
7.52500, 4.0
7.53000, 6.0
7.53500, 5.0
7.54000, 3.0
7.54500, 5.0
7.55000, 6.0
7.55500, 2.0
7.56000, 1.0
7.56500, 2.0
7.57000, 3.0
7.57500, 3.0
7.58000, 1.0
7.58500, 2.0
7.59000, 2.0
7.59500, 1.0
7.60000, 3.0
7.60500, 7.0
7.61000, 3.0
7.61500, 4.0
7.62000, 4.0
7.62500, 6.0
7.63000, 6.0
7.63500, 2.0
7.64000, 2.0
7.64500, 2.0
7.65000, 4.0
7.65500, 6.0
7.66000, 3.0
7.66500, 4.0
7.67000, 4.0
7.67500, 4.0
7.68000, 2.0
7.68500, 1.0
7.69000, 2.0
7.69500, 2.0
7.70000, 3.0
7.70500, 5.0
7.71000, 3.0
7.71500, 2.0
7.72000, 5.0
7.72500, 3.0
7.73000, 1.0
7.73500, 2.0
7.74000, 1.0
7.74500, 3.0
7.75000, 3.0
7.75500, 5.0
7.76000, 6.0
7.76500, 4.0
7.77000, 5.0
7.77500, 1.0
7.78000, 3.0
7.78500, 3.0
7.79000, 1.0
7.79500, 2.0
7.80000, 5.0
7.80500, 6.0
7.81000, 3.0
7.81500, 2.0
7.82000, 5.0
7.82500, 3.0
7.83000, 1.0
7.83500, 1.0
7.84000, 5.0
7.84500, 5.0
7.85000, 6.0
7.85500, 7.0
7.86000, 3.0
7.86500, 2.0
7.87000, 4.0
7.87500, 4.0
7.88000, 4.0
7.88500, 4.0
7.89000, 2.0
7.89500, 4.0
7.90000, 3.0
7.90500, 4.0
7.91000, 4.0
7.91500, 5.0
7.92000, 3.0
7.92500, 2.0
7.93000, 2.0
7.93500, 5.0
7.94000, 6.0
7.94500, 6.0
7.95000, 4.0
7.95500, 5.0
7.96000, 3.0
7.96500, 3.0
7.97000, 3.0
7.97500, 4.0
7.98000, 8.0
7.98500, 5.0
7.99000, 3.0
7.99500, 3.0
8.00000, 2.0
8.00500, 1.0
8.01000, 3.0
8.01500, 2.0
8.02000, 4.0
8.02500, 2.0
8.03000, 4.0
8.03500, 7.0
8.04000, 4.0
8.04500, 2.0
8.05000, 3.0
8.05500, 3.0
8.06000, 3.0
8.06500, 2.0
8.07000, 1.0
8.07500, 4.0
8.08000, 3.0
8.08500, 5.0
8.09000, 4.0
8.09500, 3.0
8.10000, 6.0
8.10500, 1.0
8.11000, 3.0
8.11500, 5.0
8.12000, 2.0
8.12500, 3.0
8.13000, 4.0
8.13500, 2.0
8.14000, 2.0
8.14500, 3.0
8.15000, 2.0
8.15500, 5.0
8.16000, 2.0
8.16500, 3.0
8.17000, 4.0
8.17500, 1.0
8.18000, 2.0
8.18500, 4.0
8.19000, 2.0
8.19500, 1.0
8.20000, 3.0
8.20500, 4.0
8.21000, 2.0
8.21500, 3.0
8.22000, 4.0
8.22500, 6.0
8.23000, 3.0
8.23500, 3.0
8.24000, 0.0
8.24500, 1.0
8.25000, 3.0
8.25500, 1.0
8.26000, 2.0
8.26500, 3.0
8.27000, 2.0
8.27500, 3.0
8.28000, 1.0
8.28500, 3.0
8.29000, 1.0
8.29500, 4.0
8.30000, 1.0
8.30500, 4.0
8.31000, 1.0
8.31500, 3.0
8.32000, 1.0
8.32500, 2.0
8.33000, 0.0
8.33500, 2.0
8.34000, 3.0
8.34500, 3.0
8.35000, 2.0
8.35500, 2.0
8.36000, 3.0
8.36500, 1.0
8.37000, 5.0
8.37500, 4.0
8.38000, 3.0
8.38500, 0.0
8.39000, 2.0
8.39500, 4.0
8.40000, 1.0
8.40500, 3.0
8.41000, 4.0
8.41500, 6.0
8.42000, 5.0
8.42500, 1.0
8.43000, 1.0
8.43500, 1.0
8.44000, 3.0
8.44500, 4.0
8.45000, 2.0
8.45500, 3.0
8.46000, 0.0
8.46500, 1.0
8.47000, 2.0
8.47500, 2.0
8.48000, 3.0
8.48500, 5.0
8.49000, 1.0
8.49500, 2.0
8.50000, 2.0
8.50500, 2.0
8.51000, 1.0
8.51500, 1.0
8.52000, 1.0
8.52500, 2.0
8.53000, 3.0
8.53500, 3.0
8.54000, 5.0
8.54500, 2.0
8.55000, 2.0
8.55500, 1.0
8.56000, 2.0
8.56500, 4.0
8.57000, 2.0
8.57500, 3.0
8.58000, 1.0
8.58500, 3.0
8.59000, 3.0
8.59500, 1.0
8.60000, 1.0
8.60500, 5.0
8.61000, 1.0
8.61500, 2.0
8.62000, 2.0
8.62500, 4.0
8.63000, 1.0
8.63500, 1.0
8.64000, 3.0
8.64500, 3.0
8.65000, 0.0
8.65500, 4.0
8.66000, 1.0
8.66500, 1.0
8.67000, 0.0
8.67500, 2.0
8.68000, 2.0
8.68500, 1.0
8.69000, 1.0
8.69500, 4.0
8.70000, 2.0
8.70500, 2.0
8.71000, 1.0
8.71500, 5.0
8.72000, 1.0
8.72500, 1.0
8.73000, 2.0
8.73500, 4.0
8.74000, 2.0
8.74500, 1.0
8.75000, 2.0
8.75500, 2.0
8.76000, 2.0
8.76500, 1.0
8.77000, 2.0
8.77500, 0.0
8.78000, 1.0
8.78500, 2.0
8.79000, 2.0
8.79500, 3.0
8.80000, 3.0
8.80500, 2.0
8.81000, 2.0
8.81500, 0.0
8.82000, 1.0
8.82500, 1.0
8.83000, 1.0
8.83500, 3.0
8.84000, 1.0
8.84500, 2.0
8.85000, 1.0
8.85500, 1.0
8.86000, 0.0
8.86500, 2.0
8.87000, 2.0
8.87500, 1.0
8.88000, 2.0
8.88500, 4.0
8.89000, 2.0
8.89500, 3.0
8.90000, 1.0
8.90500, 2.0
8.91000, 1.0
8.91500, 5.0
8.92000, 2.0
8.92500, 2.0
8.93000, 1.0
8.93500, 1.0
8.94000, 3.0
8.94500, 0.0
8.95000, 2.0
8.95500, 1.0
8.96000, 0.0
8.96500, 0.0
8.97000, 4.0
8.97500, 3.0
8.98000, 2.0
8.98500, 2.0
8.99000, 4.0
8.99500, 1.0
9.00000, 0.0
9.00500, 0.0
9.01000, 1.0
9.01500, 1.0
9.02000, 0.0
9.02500, 1.0
9.03000, 1.0
9.03500, 2.0
9.04000, 1.0
9.04500, 1.0
9.05000, 3.0
9.05500, 0.0
9.06000, 3.0
9.06500, 0.0
9.07000, 2.0
9.07500, 0.0
9.08000, 2.0
9.08500, 4.0
9.09000, 4.0
9.09500, 2.0
9.10000, 1.0
9.10500, 3.0
9.11000, 2.0
9.11500, 0.0
9.12000, 2.0
9.12500, 1.0
9.13000, 4.0
9.13500, 2.0
9.14000, 1.0
9.14500, 0.0
9.15000, 3.0
9.15500, 2.0
9.16000, 1.0
9.16500, 1.0
9.17000, 0.0
9.17500, 0.0
9.18000, 1.0
9.18500, 2.0
9.19000, 1.0
9.19500, 5.0
9.20000, 2.0
9.20500, 4.0
9.21000, 1.0
9.21500, 1.0
9.22000, 0.0
9.22500, 1.0
9.23000, 1.0
9.23500, 2.0
9.24000, 0.0
9.24500, 2.0
9.25000, 1.0
9.25500, 2.0
9.26000, 0.0
9.26500, 2.0
9.27000, 1.0
9.27500, 2.0
9.28000, 1.0
9.28500, 2.0
9.29000, 2.0
9.29500, 0.0
9.30000, 0.0
9.30500, 1.0
9.31000, 2.0
9.31500, 1.0
9.32000, 0.0
9.32500, 1.0
9.33000, 2.0
9.33500, 1.0
9.34000, 1.0
9.34500, 1.0
9.35000, 1.0
9.35500, 1.0
9.36000, 1.0
9.36500, 0.0
9.37000, 1.0
9.37500, 1.0
9.38000, 3.0
9.38500, 0.0
9.39000, 0.0
9.39500, 4.0
9.40000, 1.0
9.40500, 0.0
9.41000, 3.0
9.41500, 1.0
9.42000, 0.0
9.42500, 1.0
9.43000, 4.0
9.43500, 0.0
9.44000, 0.0
9.44500, 1.0
9.45000, 1.0
9.45500, 0.0
9.46000, 0.0
9.46500, 2.0
9.47000, 0.0
9.47500, 0.0
9.48000, 2.0
9.48500, 0.0
9.49000, 1.0
9.49500, 0.0
9.50000, 2.0
9.50500, 0.0
9.51000, 2.0
9.51500, 0.0
9.52000, 1.0
9.52500, 2.0
9.53000, 2.0
9.53500, 1.0
9.54000, 1.0
9.54500, 3.0
9.55000, 0.0
9.55500, 2.0
9.56000, 1.0
9.56500, 0.0
9.57000, 1.0
9.57500, 1.0
9.58000, 0.0
9.58500, 0.0
9.59000, 0.0
9.59500, 2.0
9.60000, 2.0
9.60500, 0.0
9.61000, 1.0
9.61500, 1.0
9.62000, 1.0
9.62500, 1.0
9.63000, 1.0
9.63500, 0.0
9.64000, 0.0
9.64500, 2.0
9.65000, 0.0
9.65500, 0.0
9.66000, 1.0
9.66500, 0.0
9.67000, 0.0
9.67500, 1.0
9.68000, 1.0
9.68500, 1.0
9.69000, 0.0
9.69500, 0.0
9.70000, 1.0
9.70500, 0.0
9.71000, 1.0
9.71500, 3.0
9.72000, 0.0
9.72500, 1.0
9.73000, 0.0
9.73500, 1.0
9.74000, 0.0
9.74500, 2.0
9.75000, 0.0
9.75500, 2.0
9.76000, 0.0
9.76500, 3.0
9.77000, 1.0
9.77500, 2.0
9.78000, 0.0
9.78500, 1.0
9.79000, 0.0
9.79500, 1.0
9.80000, 1.0
9.80500, 1.0
9.81000, 0.0
9.81500, 1.0
9.82000, 0.0
9.82500, 0.0
9.83000, 2.0
9.83500, 0.0
9.84000, 1.0
9.84500, 0.0
9.85000, 0.0
9.85500, 0.0
9.86000, 0.0
9.86500, 2.0
9.87000, 2.0
9.87500, 0.0
9.88000, 0.0
9.88500, 0.0
9.89000, 0.0
9.89500, 0.0
9.90000, 0.0
9.90500, 0.0
9.91000, 0.0
9.91500, 0.0
9.92000, 0.0
9.92500, 0.0
9.93000, 0.0
9.93500, 0.0
9.94000, 0.0
9.94500, 0.0
9.95000, 0.0
9.95500, 0.0
9.96000, 0.0
9.96500, 0.0
9.97000, 0.0
9.97500, 0.0
9.98000, 0.0
9.98500, 1.0
9.99000, 1.0
9.99500, 0.0
10.00000, 0.0
10.00500, 0.0
10.01000, 0.0
10.01500, 1.0
10.02000, 0.0
10.02500, 0.0
10.03000, 1.0
10.03500, 0.0
10.04000, 0.0
10.04500, 0.0
10.05000, 0.0
10.05500, 1.0
10.06000, 0.0
10.06500, 0.0
10.07000, 0.0
10.07500, 0.0
10.08000, 0.0
10.08500, 0.0
10.09000, 0.0
10.09500, 0.0
10.10000, 1.0
10.10500, 0.0
10.11000, 0.0
10.11500, 0.0
10.12000, 0.0
10.12500, 0.0
10.13000, 0.0
10.13500, 0.0
#ENDOFDATA   : 
